#        weight    minuslogpost         Omega_m   minuslogprior minuslogprior__0            chi2 chi2__functions_and_classes.SO_x_DESI_Likelihood_w_emulator
              1      -10625.308      0.31323025      -2.3025851       -2.3025851      -21246.012                                                  -21246.012
              1      -10625.141       0.3110035      -2.3025851       -2.3025851      -21245.677                                                  -21245.677
              2      -10625.031      0.31005905      -2.3025851       -2.3025851      -21245.458                                                  -21245.458
              2      -10625.048      0.31019132      -2.3025851       -2.3025851      -21245.491                                                  -21245.491
              1      -10625.316      0.31659571      -2.3025851       -2.3025851      -21246.026                                                  -21246.026
              1      -10625.264      0.31245285      -2.3025851       -2.3025851      -21245.924                                                  -21245.924
              2      -10624.685      0.30784169      -2.3025851       -2.3025851      -21244.764                                                  -21244.764
              1      -10624.989      0.30973939      -2.3025851       -2.3025851      -21245.373                                                  -21245.373
              1      -10623.397      0.32706732      -2.3025851       -2.3025851      -21242.188                                                  -21242.188
              2      -10624.027      0.32494704      -2.3025851       -2.3025851      -21243.449                                                  -21243.449
              4       -10623.67      0.32619912      -2.3025851       -2.3025851      -21242.735                                                  -21242.735
              1      -10620.424      0.33405412      -2.3025851       -2.3025851      -21236.243                                                  -21236.243
              5      -10622.845      0.32864704      -2.3025851       -2.3025851      -21241.085                                                  -21241.085
              2      -10623.925      0.32532185      -2.3025851       -2.3025851      -21243.245                                                  -21243.245
              1      -10625.143       0.3189527      -2.3025851       -2.3025851       -21245.68                                                   -21245.68
              1      -10625.332      0.31613764      -2.3025851       -2.3025851      -21246.059                                                  -21246.059
              1      -10625.346      0.31554108      -2.3025851       -2.3025851      -21246.086                                                  -21246.086
              1      -10625.337      0.31403858      -2.3025851       -2.3025851      -21246.069                                                  -21246.069
              1      -10625.168      0.31127215      -2.3025851       -2.3025851      -21245.731                                                  -21245.731
              2      -10624.808       0.3085456      -2.3025851       -2.3025851      -21245.011                                                  -21245.011
              1      -10624.018      0.30484222      -2.3025851       -2.3025851      -21243.432                                                  -21243.432
              1      -10623.525      0.30308907      -2.3025851       -2.3025851      -21242.445                                                  -21242.445
              3      -10623.304      0.30238041      -2.3025851       -2.3025851      -21242.004                                                  -21242.004
              2      -10624.778      0.30836426      -2.3025851       -2.3025851       -21244.95                                                   -21244.95
              2      -10625.254      0.31768181      -2.3025851       -2.3025851      -21245.904                                                  -21245.904
              1       -10625.31       0.3167315      -2.3025851       -2.3025851      -21246.014                                                  -21246.014
              1      -10625.349      0.31484797      -2.3025851       -2.3025851      -21246.093                                                  -21246.093
              2      -10625.246      0.31779289      -2.3025851       -2.3025851      -21245.888                                                  -21245.888
              1      -10625.335      0.31605745      -2.3025851       -2.3025851      -21246.064                                                  -21246.064
              2      -10625.345      0.31560748      -2.3025851       -2.3025851      -21246.084                                                  -21246.084
              2      -10625.347      0.31458682      -2.3025851       -2.3025851      -21246.089                                                  -21246.089
              1      -10625.251      0.31773416      -2.3025851       -2.3025851      -21245.896                                                  -21245.896
              2      -10624.604      0.32248725      -2.3025851       -2.3025851      -21244.602                                                  -21244.602
              3      -10624.638      0.32231128      -2.3025851       -2.3025851      -21244.671                                                  -21244.671
              1       -10625.06      0.31967702      -2.3025851       -2.3025851      -21245.514                                                  -21245.514
              2      -10625.333      0.31612803      -2.3025851       -2.3025851       -21246.06                                                   -21246.06
              2      -10625.344      0.31561718      -2.3025851       -2.3025851      -21246.084                                                  -21246.084
              1      -10625.344      0.31439111      -2.3025851       -2.3025851      -21246.084                                                  -21246.084
              1      -10625.269      0.31252231      -2.3025851       -2.3025851      -21245.933                                                  -21245.933
              1      -10624.744      0.30816862      -2.3025851       -2.3025851      -21244.882                                                  -21244.882
              1      -10625.245       0.3121739      -2.3025851       -2.3025851      -21245.885                                                  -21245.885
              2      -10625.287       0.3171795      -2.3025851       -2.3025851      -21245.968                                                  -21245.968
              1      -10625.344       0.3143577      -2.3025851       -2.3025851      -21246.083                                                  -21246.083
              1      -10625.293      0.31293059      -2.3025851       -2.3025851      -21245.981                                                  -21245.981
              2      -10625.303      0.31688252      -2.3025851       -2.3025851          -21246                                                      -21246
              2       -10625.22      0.31812631      -2.3025851       -2.3025851      -21245.836                                                  -21245.836
              1      -10625.109      0.31926313      -2.3025851       -2.3025851      -21245.613                                                  -21245.613
              1      -10625.093      0.31940198      -2.3025851       -2.3025851      -21245.581                                                  -21245.581
              1      -10624.284      0.32393764      -2.3025851       -2.3025851      -21243.962                                                  -21243.962
              2      -10624.175      0.32437955      -2.3025851       -2.3025851      -21243.745                                                  -21243.745
              4      -10624.407      0.32340519      -2.3025851       -2.3025851       -21244.21                                                   -21244.21
              2      -10624.979      0.32028542      -2.3025851       -2.3025851      -21245.353                                                  -21245.353
              1      -10625.241      0.31787089      -2.3025851       -2.3025851      -21245.876                                                  -21245.876
              2      -10625.297      0.31300429      -2.3025851       -2.3025851      -21245.989                                                  -21245.989
              2      -10624.975      0.30963152      -2.3025851       -2.3025851      -21245.344                                                  -21245.344
              1      -10624.977      0.30965126      -2.3025851       -2.3025851      -21245.349                                                  -21245.349
              1       -10625.31      0.31325807      -2.3025851       -2.3025851      -21246.014                                                  -21246.014
              1      -10624.974      0.30962967      -2.3025851       -2.3025851      -21245.343                                                  -21245.343
              1      -10624.976      0.30964012      -2.3025851       -2.3025851      -21245.346                                                  -21245.346
              1      -10625.341      0.31580533      -2.3025851       -2.3025851      -21246.077                                                  -21246.077
              1       -10625.32      0.31649973      -2.3025851       -2.3025851      -21246.034                                                  -21246.034
              1      -10625.306      0.31317207      -2.3025851       -2.3025851      -21246.006                                                  -21246.006
              1      -10625.349      0.31518551      -2.3025851       -2.3025851      -21246.093                                                  -21246.093
              2      -10625.312      0.31332216      -2.3025851       -2.3025851       -21246.02                                                   -21246.02
              3      -10625.322      0.31644477      -2.3025851       -2.3025851      -21246.039                                                  -21246.039
              2      -10625.343      0.31570497      -2.3025851       -2.3025851       -21246.08                                                   -21246.08
              2      -10625.326      0.31633234      -2.3025851       -2.3025851      -21246.047                                                  -21246.047
              2      -10625.174      0.31864822      -2.3025851       -2.3025851      -21245.742                                                  -21245.742
              1      -10624.648      0.32226024      -2.3025851       -2.3025851      -21244.691                                                  -21244.691
              2      -10624.505      0.32296379      -2.3025851       -2.3025851      -21244.405                                                  -21244.405
              2       -10624.48      0.32307692      -2.3025851       -2.3025851      -21244.356                                                  -21244.356
              1       -10625.09      0.31942812      -2.3025851       -2.3025851      -21245.575                                                  -21245.575
              1      -10625.031      0.31990399      -2.3025851       -2.3025851      -21245.457                                                  -21245.457
              1      -10625.292      0.31708489      -2.3025851       -2.3025851      -21245.979                                                  -21245.979
              1      -10625.343      0.31431617      -2.3025851       -2.3025851      -21246.081                                                  -21246.081
              1      -10625.142      0.31896028      -2.3025851       -2.3025851      -21245.679                                                  -21245.679
              1      -10625.331      0.31617538      -2.3025851       -2.3025851      -21246.057                                                  -21246.057
              1      -10625.226      0.31805742      -2.3025851       -2.3025851      -21245.847                                                  -21245.847
              1      -10625.183      0.31143601      -2.3025851       -2.3025851      -21245.762                                                  -21245.762
              3       -10625.15      0.31108678      -2.3025851       -2.3025851      -21245.694                                                  -21245.694
              2      -10625.301      0.31690651      -2.3025851       -2.3025851      -21245.997                                                  -21245.997
              1      -10625.349      0.31503568      -2.3025851       -2.3025851      -21246.094                                                  -21246.094
              1      -10624.821      0.32130374      -2.3025851       -2.3025851      -21245.038                                                  -21245.038
              4      -10623.477      0.32681993      -2.3025851       -2.3025851      -21242.348                                                  -21242.348
              1      -10624.711      0.32192935      -2.3025851       -2.3025851      -21244.817                                                  -21244.817
              1      -10625.319      0.31651598      -2.3025851       -2.3025851      -21246.033                                                  -21246.033
              1      -10625.186      0.31851729      -2.3025851       -2.3025851      -21245.767                                                  -21245.767
              1      -10624.451      0.30667082      -2.3025851       -2.3025851      -21244.298                                                  -21244.298
              2      -10624.373      0.30631379      -2.3025851       -2.3025851      -21244.142                                                  -21244.142
              1      -10624.604      0.30741457      -2.3025851       -2.3025851      -21244.602                                                  -21244.602
              1      -10625.245      0.31216892      -2.3025851       -2.3025851      -21245.884                                                  -21245.884
              2       -10625.05      0.31975817      -2.3025851       -2.3025851      -21245.494                                                  -21245.494
              2       -10624.36      0.32361425      -2.3025851       -2.3025851      -21244.115                                                  -21244.115
              1      -10624.668      0.32215753      -2.3025851       -2.3025851      -21244.731                                                  -21244.731
              1      -10624.508        0.322948      -2.3025851       -2.3025851      -21244.411                                                  -21244.411
              1      -10624.267      0.32400686      -2.3025851       -2.3025851      -21243.929                                                  -21243.929
              1      -10625.344      0.31563543      -2.3025851       -2.3025851      -21246.083                                                  -21246.083
              1      -10625.306      0.31682065      -2.3025851       -2.3025851      -21246.006                                                  -21246.006
              1      -10625.345      0.31554631      -2.3025851       -2.3025851      -21246.086                                                  -21246.086
              1      -10624.978      0.30965595      -2.3025851       -2.3025851      -21245.351                                                  -21245.351
              3      -10625.314      0.31662943      -2.3025851       -2.3025851      -21246.024                                                  -21246.024
              2      -10624.841      0.30874705      -2.3025851       -2.3025851      -21245.077                                                  -21245.077
              1      -10625.225      0.31191804      -2.3025851       -2.3025851      -21245.845                                                  -21245.845
              3      -10624.983      0.30969733      -2.3025851       -2.3025851      -21245.361                                                  -21245.361
              3      -10624.828      0.30866596      -2.3025851       -2.3025851      -21245.051                                                  -21245.051
              1       -10624.85      0.32113415      -2.3025851       -2.3025851      -21245.095                                                  -21245.095
              1      -10624.863      0.32105367      -2.3025851       -2.3025851      -21245.121                                                  -21245.121
              1      -10625.302      0.31690156      -2.3025851       -2.3025851      -21245.998                                                  -21245.998
              1      -10625.349      0.31490716      -2.3025851       -2.3025851      -21246.093                                                  -21246.093
              3      -10623.011      0.30149535      -2.3025851       -2.3025851      -21241.418                                                  -21241.418
              2      -10623.992      0.30474195      -2.3025851       -2.3025851      -21243.379                                                  -21243.379
              1      -10624.902        0.309133      -2.3025851       -2.3025851      -21245.199                                                  -21245.199
              2      -10624.633      0.30756859      -2.3025851       -2.3025851      -21244.661                                                  -21244.661
              1      -10624.622       0.3075109      -2.3025851       -2.3025851      -21244.639                                                  -21244.639
              1      -10625.349      0.31494962      -2.3025851       -2.3025851      -21246.093                                                  -21246.093
              1      -10624.643      0.32228494      -2.3025851       -2.3025851      -21244.682                                                  -21244.682
              1      -10624.035      0.32491751      -2.3025851       -2.3025851      -21243.465                                                  -21243.465
              1      -10624.594      0.32253466      -2.3025851       -2.3025851      -21244.583                                                  -21244.583
              1      -10625.296      0.31701615      -2.3025851       -2.3025851      -21245.986                                                  -21245.986
              2      -10623.923      0.30448223      -2.3025851       -2.3025851      -21243.242                                                  -21243.242
              1      -10623.446      0.30282899      -2.3025851       -2.3025851      -21242.286                                                  -21242.286
              1      -10624.119      0.30523724      -2.3025851       -2.3025851      -21243.632                                                  -21243.632
              2      -10625.218      0.31183525      -2.3025851       -2.3025851      -21245.832                                                  -21245.832
              6      -10624.196      0.30555165      -2.3025851       -2.3025851      -21243.787                                                  -21243.787
              2      -10624.636      0.30758413      -2.3025851       -2.3025851      -21244.668                                                  -21244.668
              3      -10624.912      0.32074418      -2.3025851       -2.3025851      -21245.218                                                  -21245.218
              1      -10624.873      0.32099146      -2.3025851       -2.3025851      -21245.141                                                  -21245.141
              3      -10625.329      0.31376266      -2.3025851       -2.3025851      -21246.053                                                  -21246.053
              1        -10623.6       0.3033392      -2.3025851       -2.3025851      -21242.595                                                  -21242.595
              1      -10624.182      0.30549238      -2.3025851       -2.3025851      -21243.758                                                  -21243.758
              1      -10624.179      0.30547918      -2.3025851       -2.3025851      -21243.752                                                  -21243.752
              2      -10624.702      0.30793585      -2.3025851       -2.3025851      -21244.799                                                  -21244.799
              2      -10624.722      0.30804634      -2.3025851       -2.3025851      -21244.838                                                  -21244.838
              1      -10624.207      0.30559491      -2.3025851       -2.3025851      -21243.808                                                  -21243.808
              1      -10625.175      0.31134443      -2.3025851       -2.3025851      -21245.745                                                  -21245.745
              1      -10625.346       0.3155092      -2.3025851       -2.3025851      -21246.087                                                  -21246.087
              1       -10625.29       0.3128757      -2.3025851       -2.3025851      -21245.975                                                  -21245.975
              2      -10625.293       0.3129291      -2.3025851       -2.3025851      -21245.981                                                  -21245.981
              1      -10624.656      0.30768926      -2.3025851       -2.3025851      -21244.707                                                  -21244.707
              1      -10624.764      0.30828662      -2.3025851       -2.3025851      -21244.923                                                  -21244.923
              1      -10625.248      0.31221777      -2.3025851       -2.3025851      -21245.891                                                  -21245.891
              1      -10624.842      0.32118308      -2.3025851       -2.3025851      -21245.079                                                  -21245.079
              3      -10625.141      0.31896545      -2.3025851       -2.3025851      -21245.678                                                  -21245.678
              3      -10625.328      0.31628289      -2.3025851       -2.3025851       -21246.05                                                   -21246.05
              1      -10625.313      0.31666777      -2.3025851       -2.3025851       -21246.02                                                   -21246.02
              1      -10625.273      0.31741118      -2.3025851       -2.3025851       -21245.94                                                   -21245.94
              1      -10625.349      0.31517005      -2.3025851       -2.3025851      -21246.093                                                  -21246.093
              2      -10625.331      0.31616518      -2.3025851       -2.3025851      -21246.058                                                  -21246.058
              1      -10625.215      0.31819163      -2.3025851       -2.3025851      -21245.825                                                  -21245.825
              3      -10624.403      0.32342405      -2.3025851       -2.3025851      -21244.201                                                  -21244.201
              2      -10624.714       0.3219154      -2.3025851       -2.3025851      -21244.822                                                  -21244.822
              4      -10624.768      0.32161213      -2.3025851       -2.3025851      -21244.932                                                  -21244.932
              1      -10624.986      0.30971634      -2.3025851       -2.3025851      -21245.367                                                  -21245.367
              3      -10625.137      0.31096622      -2.3025851       -2.3025851      -21245.669                                                  -21245.669
              2      -10624.661      0.30771571      -2.3025851       -2.3025851      -21244.717                                                  -21244.717
              2       -10625.28      0.31269652      -2.3025851       -2.3025851      -21245.955                                                  -21245.955
              2      -10625.349      0.31511889      -2.3025851       -2.3025851      -21246.093                                                  -21246.093
              2      -10625.347      0.31454314      -2.3025851       -2.3025851      -21246.088                                                  -21246.088
              1      -10625.102      0.31932331      -2.3025851       -2.3025851      -21245.599                                                  -21245.599
              1       -10625.23      0.31197814      -2.3025851       -2.3025851      -21245.855                                                  -21245.855
              2      -10625.137      0.31096289      -2.3025851       -2.3025851      -21245.668                                                  -21245.668
              1      -10625.328      0.31372044      -2.3025851       -2.3025851      -21246.051                                                  -21246.051
              1       -10625.02      0.31998283      -2.3025851       -2.3025851      -21245.436                                                  -21245.436
              1      -10625.149      0.31108244      -2.3025851       -2.3025851      -21245.693                                                  -21245.693
              1      -10625.023      0.30999357      -2.3025851       -2.3025851      -21245.441                                                  -21245.441
              5      -10625.065      0.31032473      -2.3025851       -2.3025851      -21245.524                                                  -21245.524
              1      -10625.283      0.31724064      -2.3025851       -2.3025851      -21245.961                                                  -21245.961
              2      -10624.846      0.32115782      -2.3025851       -2.3025851      -21245.087                                                  -21245.087
              1       -10624.94       0.3093873      -2.3025851       -2.3025851      -21245.274                                                  -21245.274
              1      -10624.803      0.30851527      -2.3025851       -2.3025851      -21245.001                                                  -21245.001
              2      -10624.944      0.30942194      -2.3025851       -2.3025851      -21245.284                                                  -21245.284
              1      -10624.931      0.30932617      -2.3025851       -2.3025851      -21245.256                                                  -21245.256
              1      -10625.031      0.31005705      -2.3025851       -2.3025851      -21245.457                                                  -21245.457
              5      -10625.268      0.31250871      -2.3025851       -2.3025851      -21245.931                                                  -21245.931
              2      -10625.349      0.31484321      -2.3025851       -2.3025851      -21246.093                                                  -21246.093
              1      -10625.329      0.31375973      -2.3025851       -2.3025851      -21246.053                                                  -21246.053
              3       -10625.14      0.31099166      -2.3025851       -2.3025851      -21245.674                                                  -21245.674
              2       -10625.32      0.31650509      -2.3025851       -2.3025851      -21246.034                                                  -21246.034
              1      -10625.005      0.30985868      -2.3025851       -2.3025851      -21245.405                                                  -21245.405
              4      -10624.401      0.30644105      -2.3025851       -2.3025851      -21244.198                                                  -21244.198
              2      -10625.348      0.31462946      -2.3025851       -2.3025851       -21246.09                                                   -21246.09
              1      -10624.756      0.30824187      -2.3025851       -2.3025851      -21244.908                                                  -21244.908
              3      -10625.221      0.31186478      -2.3025851       -2.3025851      -21245.837                                                  -21245.837
              3      -10625.334      0.31607933      -2.3025851       -2.3025851      -21246.063                                                  -21246.063
              1      -10625.213      0.31177112      -2.3025851       -2.3025851      -21245.821                                                  -21245.821
              4      -10625.264      0.31244963      -2.3025851       -2.3025851      -21245.923                                                  -21245.923
              2       -10625.31      0.31673312      -2.3025851       -2.3025851      -21246.014                                                  -21246.014
              3      -10624.591      0.32254827      -2.3025851       -2.3025851      -21244.577                                                  -21244.577
              1      -10625.128      0.31908722      -2.3025851       -2.3025851      -21245.651                                                  -21245.651
              1      -10625.267      0.31248655      -2.3025851       -2.3025851      -21245.928                                                  -21245.928
              1      -10625.124      0.31084573      -2.3025851       -2.3025851      -21245.643                                                  -21245.643
              1      -10625.234      0.31795168      -2.3025851       -2.3025851      -21245.864                                                  -21245.864
              1      -10622.627      0.30041271      -2.3025851       -2.3025851      -21240.649                                                  -21240.649
              1      -10625.093       0.3105659      -2.3025851       -2.3025851      -21245.581                                                  -21245.581
              1      -10625.158      0.31116888      -2.3025851       -2.3025851       -21245.71                                                   -21245.71
              2      -10624.756      0.30823683      -2.3025851       -2.3025851      -21244.906                                                  -21244.906
              2      -10625.153      0.31885791      -2.3025851       -2.3025851        -21245.7                                                    -21245.7
              1      -10625.111      0.31072468      -2.3025851       -2.3025851      -21245.617                                                  -21245.617
              1      -10625.347      0.31457816      -2.3025851       -2.3025851      -21246.089                                                  -21246.089
              3       -10625.32      0.31648059      -2.3025851       -2.3025851      -21246.036                                                  -21246.036
              3      -10625.072      0.31958135      -2.3025851       -2.3025851      -21245.538                                                  -21245.538
              1      -10625.295      0.31702628      -2.3025851       -2.3025851      -21245.985                                                  -21245.985
              4      -10625.321      0.31645702      -2.3025851       -2.3025851      -21246.038                                                  -21246.038
              1      -10625.255      0.31767866      -2.3025851       -2.3025851      -21245.904                                                  -21245.904
              3      -10625.293      0.31705722      -2.3025851       -2.3025851      -21245.982                                                  -21245.982
              1       -10624.95      0.32048682      -2.3025851       -2.3025851      -21245.295                                                  -21245.295
              1      -10624.538      0.32280681      -2.3025851       -2.3025851      -21244.471                                                  -21244.471
              1      -10624.927      0.32064264      -2.3025851       -2.3025851      -21245.249                                                  -21245.249
              1      -10625.129      0.31908238      -2.3025851       -2.3025851      -21245.652                                                  -21245.652
              1      -10623.593       0.3033146      -2.3025851       -2.3025851      -21242.581                                                  -21242.581
              1      -10625.333      0.31387353      -2.3025851       -2.3025851       -21246.06                                                   -21246.06
              3      -10625.278      0.31267189      -2.3025851       -2.3025851      -21245.952                                                  -21245.952
              1       -10624.88      0.30899388      -2.3025851       -2.3025851      -21245.156                                                  -21245.156
              3      -10624.607      0.32247156      -2.3025851       -2.3025851      -21244.608                                                  -21244.608
              2      -10625.071      0.31038144      -2.3025851       -2.3025851      -21245.538                                                  -21245.538
              1      -10625.053      0.31023138      -2.3025851       -2.3025851      -21245.501                                                  -21245.501
              1      -10625.276      0.31262988      -2.3025851       -2.3025851      -21245.947                                                  -21245.947
              4      -10624.668      0.32215678      -2.3025851       -2.3025851      -21244.731                                                  -21244.731
              1      -10625.239      0.31209622      -2.3025851       -2.3025851      -21245.873                                                  -21245.873
              1      -10625.309      0.31323709      -2.3025851       -2.3025851      -21246.012                                                  -21246.012
              1      -10625.183      0.31143622      -2.3025851       -2.3025851      -21245.762                                                  -21245.762
              3      -10621.356      0.29727893      -2.3025851       -2.3025851      -21238.106                                                  -21238.106
              1       -10621.68      0.29802432      -2.3025851       -2.3025851      -21238.754                                                  -21238.754
              1      -10622.332       0.2996317      -2.3025851       -2.3025851       -21240.06                                                   -21240.06
              1      -10624.326      0.30610243      -2.3025851       -2.3025851      -21244.046                                                  -21244.046
              1      -10624.214      0.30562565      -2.3025851       -2.3025851      -21243.823                                                  -21243.823
              2      -10625.228      0.31803467      -2.3025851       -2.3025851       -21245.85                                                   -21245.85
              1      -10625.311      0.31671396      -2.3025851       -2.3025851      -21246.016                                                  -21246.016
              1      -10625.279      0.31730526      -2.3025851       -2.3025851      -21245.953                                                  -21245.953
              1      -10625.342      0.31574685      -2.3025851       -2.3025851      -21246.079                                                  -21246.079
              1      -10625.346      0.31452655      -2.3025851       -2.3025851      -21246.088                                                  -21246.088
              1      -10625.007      0.30986925      -2.3025851       -2.3025851      -21245.408                                                  -21245.408
              1      -10625.104      0.31930964      -2.3025851       -2.3025851      -21245.602                                                  -21245.602
              2      -10625.342      0.31426455      -2.3025851       -2.3025851      -21246.079                                                  -21246.079
              1      -10625.071      0.31958265      -2.3025851       -2.3025851      -21245.538                                                  -21245.538
              1      -10625.138      0.31899801      -2.3025851       -2.3025851      -21245.671                                                  -21245.671
              1      -10625.349      0.31508923      -2.3025851       -2.3025851      -21246.093                                                  -21246.093
              1      -10625.306      0.31317984      -2.3025851       -2.3025851      -21246.007                                                  -21246.007
              2      -10625.332      0.31384025      -2.3025851       -2.3025851      -21246.058                                                  -21246.058
              2      -10625.349      0.31478195      -2.3025851       -2.3025851      -21246.092                                                  -21246.092
              3      -10624.706      0.30795986      -2.3025851       -2.3025851      -21244.807                                                  -21244.807
              1      -10624.578      0.30728698      -2.3025851       -2.3025851      -21244.551                                                  -21244.551
              1      -10624.798      0.30848541      -2.3025851       -2.3025851      -21244.991                                                  -21244.991
              4      -10625.346      0.31449426      -2.3025851       -2.3025851      -21246.087                                                  -21246.087
              2       -10625.08      0.31951482      -2.3025851       -2.3025851      -21245.554                                                  -21245.554
              1      -10625.314      0.31662635      -2.3025851       -2.3025851      -21246.024                                                  -21246.024
              1      -10625.055      0.31971599      -2.3025851       -2.3025851      -21245.505                                                  -21245.505
              1      -10625.247      0.31219832      -2.3025851       -2.3025851      -21245.888                                                  -21245.888
              1      -10624.664      0.30772775      -2.3025851       -2.3025851      -21244.722                                                  -21244.722
              2      -10625.088      0.31944078      -2.3025851       -2.3025851      -21245.572                                                  -21245.572
              1      -10624.914      0.30921419      -2.3025851       -2.3025851      -21245.223                                                  -21245.223
              2      -10625.036      0.31986243      -2.3025851       -2.3025851      -21245.467                                                  -21245.467
              5      -10625.344      0.31566514      -2.3025851       -2.3025851      -21246.082                                                  -21246.082
              2      -10625.021      0.30997933      -2.3025851       -2.3025851      -21245.437                                                  -21245.437
              1      -10623.563      0.30321598      -2.3025851       -2.3025851      -21242.522                                                  -21242.522
              1      -10624.035      0.30490615      -2.3025851       -2.3025851      -21243.465                                                  -21243.465
              1      -10625.349      0.31501174      -2.3025851       -2.3025851      -21246.094                                                  -21246.094
              3      -10625.345      0.31560317      -2.3025851       -2.3025851      -21246.084                                                  -21246.084
              3      -10625.327      0.31631385      -2.3025851       -2.3025851      -21246.048                                                  -21246.048
              3      -10625.142      0.31101183      -2.3025851       -2.3025851      -21245.678                                                  -21245.678
              1      -10625.306       0.3168015      -2.3025851       -2.3025851      -21246.008                                                  -21246.008
              1      -10625.334      0.31606421      -2.3025851       -2.3025851      -21246.064                                                  -21246.064
              1      -10624.767      0.32162295      -2.3025851       -2.3025851      -21244.928                                                  -21244.928
              2      -10624.799      0.32143533      -2.3025851       -2.3025851      -21244.994                                                  -21244.994
              1      -10625.173      0.31865407      -2.3025851       -2.3025851      -21245.741                                                  -21245.741
              1      -10625.154      0.31884021      -2.3025851       -2.3025851      -21245.704                                                  -21245.704
              1      -10624.877      0.32096619      -2.3025851       -2.3025851      -21245.149                                                  -21245.149
              1      -10625.347      0.31455236      -2.3025851       -2.3025851      -21246.088                                                  -21246.088
              2      -10625.253      0.31229176      -2.3025851       -2.3025851      -21245.902                                                  -21245.902
              2      -10623.212      0.30209492      -2.3025851       -2.3025851      -21241.819                                                  -21241.819
              1      -10624.277      0.30589035      -2.3025851       -2.3025851      -21243.948                                                  -21243.948
              1      -10624.138      0.30531184      -2.3025851       -2.3025851       -21243.67                                                   -21243.67
              2      -10625.341        0.315811      -2.3025851       -2.3025851      -21246.076                                                  -21246.076
              5      -10625.346      0.31451901      -2.3025851       -2.3025851      -21246.088                                                  -21246.088
              2      -10624.816      0.30859219      -2.3025851       -2.3025851      -21245.027                                                  -21245.027
              2      -10625.223      0.31189291      -2.3025851       -2.3025851      -21245.841                                                  -21245.841
              1      -10625.074      0.31040538      -2.3025851       -2.3025851      -21245.543                                                  -21245.543
              5      -10625.163      0.31122408      -2.3025851       -2.3025851      -21245.722                                                  -21245.722
              1      -10623.107      0.30177765      -2.3025851       -2.3025851      -21241.609                                                  -21241.609
              2      -10625.347      0.31542122      -2.3025851       -2.3025851      -21246.089                                                  -21246.089
              2      -10625.176      0.31862394      -2.3025851       -2.3025851      -21245.747                                                  -21245.747
              1      -10625.068      0.31960637      -2.3025851       -2.3025851      -21245.532                                                  -21245.532
              3      -10625.322       0.3164402      -2.3025851       -2.3025851      -21246.039                                                  -21246.039
              1      -10625.271       0.3174366      -2.3025851       -2.3025851      -21245.937                                                  -21245.937
              1      -10625.166      0.31872045      -2.3025851       -2.3025851      -21245.728                                                  -21245.728
              1      -10625.348      0.31527502      -2.3025851       -2.3025851      -21246.092                                                  -21246.092
              3      -10625.019      0.30996397      -2.3025851       -2.3025851      -21245.433                                                  -21245.433
              1      -10624.874      0.32098335      -2.3025851       -2.3025851      -21245.143                                                  -21245.143
              1      -10625.087      0.31945147      -2.3025851       -2.3025851      -21245.569                                                  -21245.569
              5      -10625.265        0.317531      -2.3025851       -2.3025851      -21245.925                                                  -21245.925
              1      -10625.342      0.31575353      -2.3025851       -2.3025851      -21246.079                                                  -21246.079
              2      -10625.282      0.31726619      -2.3025851       -2.3025851      -21245.958                                                  -21245.958
              1      -10625.337      0.31596826      -2.3025851       -2.3025851      -21246.069                                                  -21246.069
              1       -10624.25      0.30577567      -2.3025851       -2.3025851      -21243.894                                                  -21243.894
              1      -10625.098      0.31060919      -2.3025851       -2.3025851      -21245.591                                                  -21245.591
              3      -10624.735      0.30812141      -2.3025851       -2.3025851      -21244.865                                                  -21244.865
              1      -10625.323      0.31641889      -2.3025851       -2.3025851       -21246.04                                                   -21246.04
              1      -10625.264       0.3175471      -2.3025851       -2.3025851      -21245.923                                                  -21245.923
              1      -10625.339      0.31589135      -2.3025851       -2.3025851      -21246.073                                                  -21246.073
              2      -10625.271      0.31255211      -2.3025851       -2.3025851      -21245.937                                                  -21245.937
              1      -10624.582      0.30730344      -2.3025851       -2.3025851      -21244.558                                                  -21244.558
              2      -10624.319      0.30607268      -2.3025851       -2.3025851      -21244.032                                                  -21244.032
              3      -10625.186      0.31146095      -2.3025851       -2.3025851      -21245.766                                                  -21245.766
              2      -10624.839      0.32120177      -2.3025851       -2.3025851      -21245.072                                                  -21245.072
              1      -10625.276      0.31263833      -2.3025851       -2.3025851      -21245.948                                                  -21245.948
              2      -10625.124      0.31084354      -2.3025851       -2.3025851      -21245.643                                                  -21245.643
              2      -10625.043      0.31014815      -2.3025851       -2.3025851       -21245.48                                                   -21245.48
              1       -10624.73      0.30809411      -2.3025851       -2.3025851      -21244.856                                                  -21244.856
              1       -10625.16      0.31119178      -2.3025851       -2.3025851      -21245.715                                                  -21245.715
              1      -10625.198      0.31838208      -2.3025851       -2.3025851      -21245.791                                                  -21245.791
              1      -10625.109      0.31070545      -2.3025851       -2.3025851      -21245.613                                                  -21245.613
              1      -10624.775      0.32157766      -2.3025851       -2.3025851      -21244.944                                                  -21244.944
              1      -10624.496      0.32300433      -2.3025851       -2.3025851      -21244.387                                                  -21244.387
              4      -10625.335      0.31396005      -2.3025851       -2.3025851      -21246.065                                                  -21246.065
              1      -10625.085      0.31049911      -2.3025851       -2.3025851      -21245.565                                                  -21245.565
              1      -10624.695      0.30789719      -2.3025851       -2.3025851      -21244.785                                                  -21244.785
              1      -10624.346      0.30618935      -2.3025851       -2.3025851      -21244.086                                                  -21244.086
              3      -10625.274      0.31260092      -2.3025851       -2.3025851      -21245.943                                                  -21245.943
              1      -10625.254      0.31229544      -2.3025851       -2.3025851      -21245.902                                                  -21245.902
              2      -10625.298      0.31301773      -2.3025851       -2.3025851      -21245.991                                                  -21245.991
              1      -10625.327      0.31631478      -2.3025851       -2.3025851      -21246.048                                                  -21246.048
              1      -10624.791      0.30844388      -2.3025851       -2.3025851      -21244.977                                                  -21244.977
              2      -10625.041      0.31013434      -2.3025851       -2.3025851      -21245.477                                                  -21245.477
              1      -10625.171      0.31130145      -2.3025851       -2.3025851      -21245.736                                                  -21245.736
              1      -10624.054      0.30498073      -2.3025851       -2.3025851      -21243.503                                                  -21243.503
              1      -10624.722      0.30804705      -2.3025851       -2.3025851      -21244.839                                                  -21244.839
              1      -10624.259       0.3240403      -2.3025851       -2.3025851      -21243.913                                                  -21243.913
              1      -10625.324       0.3136196      -2.3025851       -2.3025851      -21246.044                                                  -21246.044
              3      -10623.855      0.32556677      -2.3025851       -2.3025851      -21243.106                                                  -21243.106
              2      -10625.066      0.31962348      -2.3025851       -2.3025851      -21245.528                                                  -21245.528
              2      -10625.323      0.31357512      -2.3025851       -2.3025851       -21246.04                                                   -21246.04
              3      -10625.307      0.31319393      -2.3025851       -2.3025851      -21246.008                                                  -21246.008
              1      -10625.192      0.31153367      -2.3025851       -2.3025851       -21245.78                                                   -21245.78
              5      -10625.349      0.31504478      -2.3025851       -2.3025851      -21246.093                                                  -21246.093
              2      -10624.802      0.32141817      -2.3025851       -2.3025851      -21244.999                                                  -21244.999
              1      -10624.988      0.32022231      -2.3025851       -2.3025851      -21245.371                                                  -21245.371
              2      -10625.312      0.31667607      -2.3025851       -2.3025851      -21246.019                                                  -21246.019
              1       -10624.82      0.30861739      -2.3025851       -2.3025851      -21245.035                                                  -21245.035
              1      -10625.164      0.31874101      -2.3025851       -2.3025851      -21245.724                                                  -21245.724
              1      -10625.064      0.31963938      -2.3025851       -2.3025851      -21245.524                                                  -21245.524
              1      -10625.105      0.31067128      -2.3025851       -2.3025851      -21245.605                                                  -21245.605
              1      -10624.834      0.30869907      -2.3025851       -2.3025851      -21245.062                                                  -21245.062
              1       -10624.57      0.30724699      -2.3025851       -2.3025851      -21244.536                                                  -21244.536
              1      -10624.653       0.3076691      -2.3025851       -2.3025851        -21244.7                                                    -21244.7
              2      -10623.814      0.30408149      -2.3025851       -2.3025851      -21243.022                                                  -21243.022
              1      -10623.911      0.30443646      -2.3025851       -2.3025851      -21243.217                                                  -21243.217
              4      -10624.521      0.32288794      -2.3025851       -2.3025851      -21244.437                                                  -21244.437
              1      -10624.526      0.32286464      -2.3025851       -2.3025851      -21244.447                                                  -21244.447
              1      -10624.711      0.32192895      -2.3025851       -2.3025851      -21244.817                                                  -21244.817
              1      -10625.342      0.31422946      -2.3025851       -2.3025851      -21246.078                                                  -21246.078
              2      -10625.213      0.31177022      -2.3025851       -2.3025851      -21245.821                                                  -21245.821
              1      -10625.329      0.31374432      -2.3025851       -2.3025851      -21246.052                                                  -21246.052
              1      -10625.346      0.31550879      -2.3025851       -2.3025851      -21246.087                                                  -21246.087
              1      -10624.932      0.30933724      -2.3025851       -2.3025851      -21245.259                                                  -21245.259
              1      -10623.563      0.30321571      -2.3025851       -2.3025851      -21242.522                                                  -21242.522
              1      -10624.123      0.30525493      -2.3025851       -2.3025851      -21243.641                                                  -21243.641
              1      -10624.358      0.30624654      -2.3025851       -2.3025851      -21244.111                                                  -21244.111
              1      -10624.922      0.30926526      -2.3025851       -2.3025851      -21245.238                                                  -21245.238
              1      -10624.706      0.32195801      -2.3025851       -2.3025851      -21244.806                                                  -21244.806
              1      -10624.003      0.32503724      -2.3025851       -2.3025851      -21243.401                                                  -21243.401
