#        weight    minuslogpost         Omega_m   minuslogprior minuslogprior__0            chi2 chi2__functions_and_classes.SO_x_DESI_Likelihood_w_emulator
              1       28163.847      0.31640464      -3.2804027       -3.2804027       56334.254                                                   56334.254
              1       28158.437      0.31696312      -3.2787052       -3.2787052       56323.431                                                   56323.431
              1       28154.729      0.31736676      -3.2766154       -3.2766154       56316.011                                                   56316.011
              1       28148.802      0.31799242      -3.2719449       -3.2719449       56304.148                                                   56304.148
              1       28137.993      0.31913259      -3.2589596       -3.2589596       56282.504                                                   56282.504
              1       28125.586      0.32044814      -3.2367978       -3.2367978       56257.646                                                   56257.646
              2       28116.746      0.32138945      -3.2162194       -3.2162194       56239.925                                                   56239.925
              2       28117.172      0.32133973       -3.217405        -3.217405       56240.779                                                   56240.779
              2       28113.361      0.32174807      -3.2073435       -3.2073435       56233.137                                                   56233.137
              1       28105.896      0.32254257       -3.185644        -3.185644       56218.163                                                   56218.163
              2       28105.273      0.32260917      -3.1836975       -3.1836975       56216.913                                                   56216.913
              1       28101.544      0.32301081       -3.171541        -3.171541       56209.431                                                   56209.431
              1       28103.518      0.32279791       -3.178074        -3.178074       56213.391                                                   56213.391
              1       28095.706      0.32363234      -3.1513162       -3.1513162       56197.715                                                   56197.715
              1       28069.778      0.32642291       -3.039351        -3.039351       56145.635                                                   56145.635
              5       28043.123      0.32931803       -2.886611        -2.886611       56092.019                                                   56092.019
              3       28043.962      0.32922299      -2.8922165       -2.8922165       56093.708                                                   56093.708
              2       28045.184      0.32909145      -2.8999084       -2.8999084       56096.168                                                   56096.168
              1       28039.388      0.32972223       -2.862323        -2.862323       56084.501                                                   56084.501
              3        28021.54      0.33167921       -2.734461        -2.734461       56048.548                                                   56048.548
              2       27967.414      0.33768917       -2.235389        -2.235389       55939.298                                                   55939.298
              2       27927.745      0.34218232      -1.7574018       -1.7574018       55859.005                                                   55859.005
              2       27921.753      0.34286712      -1.6766734       -1.6766734       55846.859                                                   55846.859
              1       27903.014      0.34502019      -1.4092742       -1.4092742       55808.847                                                   55808.847
              1       27902.565      0.34507338      -1.4024082       -1.4024082       55807.935                                                   55807.935
              2        27900.23      0.34534294      -1.3674155       -1.3674155       55803.195                                                   55803.195
              2       27898.524      0.34553905       -1.341754        -1.341754       55799.731                                                   55799.731
              1        27870.47      0.34880628     -0.88909501      -0.88909501       55742.719                                                   55742.719
              1       27863.723      0.34959925     -0.77207926      -0.77207926        55728.99                                                    55728.99
              1       27861.438      0.34986822     -0.73175205      -0.73175205       55724.339                                                   55724.339
              4        27860.05      0.35003387     -0.70675699      -0.70675699       55721.513                                                   55721.513
              2       27855.897      0.35052015     -0.63267589      -0.63267589        55713.06                                                    55713.06
              1       27854.755      0.35065989     -0.61119299      -0.61119299       55710.732                                                   55710.732
              1       27838.203      0.35262179     -0.30042156      -0.30042156       55677.008                                                   55677.008
              1       27837.585      0.35269506       -0.288484        -0.288484       55675.747                                                   55675.747
              1       27825.814      0.35410253    -0.054538493     -0.054538493       55651.737                                                   55651.737
              1       27825.805       0.3541036    -0.054356952     -0.054356952       55651.719                                                   55651.719
              2       27814.339      0.35548343      0.18354769       0.18354769       55628.312                                                   55628.312
              1       27801.959      0.35698553      0.45215295       0.45215295       55603.014                                                   55603.014
              3       27800.633      0.35714429      0.48112799       0.48112799       55600.305                                                   55600.305
              1       27797.251      0.35755596      0.55678436       0.55678436       55593.388                                                   55593.388
              1        27731.76      0.36569237       2.2066369        2.2066369       55459.108                                                   55459.108
              2       27709.622      0.36852106        2.849148         2.849148       55413.546                                                   55413.546
              7       27607.666      0.38211464       6.4328906        6.4328906       55202.467                                                   55202.467
              2       27579.486      0.38607258       7.6307154        7.6307154        55143.71                                                    55143.71
              1       27572.801        0.387021       7.9280845        7.9280845       55129.746                                                   55129.746
              2       27529.743      0.39329904       9.9973247        9.9973247       55039.492                                                   55039.492
              2       27517.632      0.39511179         10.6274          10.6274        55014.01                                                    55014.01
              1        27456.55      0.40462898       14.175002        14.175002       54884.749                                                   54884.749
              3       27447.326      0.40612511       14.769313        14.769313       54865.114                                                   54865.114
              2       27390.609      0.41573431        18.82353         18.82353       54743.572                                                   54743.572
              3       27370.384      0.41935501       20.457586        20.457586       54699.852                                                   54699.852
              3        27350.28      0.42307214       22.195774        22.195774       54656.169                                                   54656.169
              3       27302.203      0.43253045       26.895555        26.895555       54550.615                                                   54550.615
              2       27287.106      0.43569842       28.558595        28.558595       54517.094                                                   54517.094
              2       27271.237      0.43913871       30.415105        30.415105       54481.643                                                   54481.643
              3       27273.693      0.43860355       30.122855        30.122855        54487.14                                                    54487.14
              5       27266.188      0.44026898       31.036521        31.036521       54470.303                                                   54470.303
              1       27254.637      0.44289832       32.504089        32.504089       54444.266                                                   54444.266
              4       27231.442      0.44844278       35.699432        35.699432       54391.486                                                   54391.486
              2       27200.274      0.45657557        40.63366         40.63366       54319.281                                                   54319.281
              2       27187.372      0.46023747       42.951342        42.951342       54288.842                                                   54288.842
              2       27174.808      0.46400555       45.398443        45.398443        54258.82                                                    54258.82
              1       27166.325      0.46668815       47.179054        47.179054       54238.292                                                   54238.292
              1       27153.314      0.47105902       50.148786        50.148786        54206.33                                                    54206.33
              1       27151.324      0.47177197       50.641249        50.641249       54201.366                                                   54201.366
              1       27146.668      0.47343491       51.798681        51.798681       54189.739                                                   54189.739
              1       27129.203      0.48027812        56.69101         56.69101       54145.024                                                   54145.024
              3       27122.144       0.4833552       58.958704        58.958704       54126.371                                                   54126.371
              1       27120.832      0.48396244       59.411194        59.411194       54122.842                                                   54122.842
              2       27114.212      0.48714294       61.807914        61.807914       54104.808                                                   54104.808
              1       27111.547      0.48850434       62.847562        62.847562         54097.4                                                     54097.4
              1       27106.279      0.49132629       65.028805        65.028805       54082.501                                                   54082.501
              2       27099.042      0.49570653       68.484648        68.484648       54061.115                                                   54061.115
              1        27094.44      0.49887357       71.036441        71.036441       54046.808                                                   54046.808
              1       27094.809      0.49860699        70.81993         70.81993       54047.978                                                   54047.978
              2       27085.913      0.50618288       77.095958        77.095958       54017.634                                                   54017.634
              2       27083.588      0.50877508       79.301971        79.301971       54008.572                                                   54008.572
              2       27081.969      0.51088028       81.115511        81.115511       54001.707                                                   54001.707
              1       27080.382      0.51335106       83.269099        83.269099       53994.225                                                   53994.225
              1       27079.218       0.5155641       85.221079        85.221079       53987.994                                                   53987.994
              1       27079.231      0.53200554       100.40455        100.40455       53957.654                                                   53957.654
             11       27078.678      0.53067185       99.128125        99.128125         53959.1                                                     53959.1
              2       27079.582       0.5327268       101.09814        101.09814       53956.967                                                   53956.967
              2       27078.083      0.51878057       88.096923        88.096923       53979.972                                                   53979.972
             10       27077.376      0.52340588       92.313006        92.313006       53970.125                                                   53970.125
              1       27077.846      0.51973704       88.960971        88.960971        53977.77                                                    53977.77
              1       27078.458      0.53006441        98.54939         98.54939       53959.816                                                   53959.816
              1       27077.509      0.52602249       94.740223        94.740223       53965.537                                                   53965.537
              1       27077.404      0.52518316       93.958331        93.958331       53966.892                                                   53966.892
              3       27077.664      0.52043663       89.595536        89.595536       53976.137                                                   53976.137
              1       27077.387      0.52450429       93.328213        93.328213       53968.118                                                   53968.118
              4       27078.237      0.51820879       87.582336        87.582336        53981.31                                                    53981.31
              5       27079.002       0.5314976       99.917486        99.917486       53958.169                                                   53958.169
              1       27079.984      0.53345532       101.80104        101.80104       53956.366                                                   53956.366
              3       27080.746      0.53484147       103.14499        103.14499       53955.201                                                   53955.201
              2       27080.718      0.53479869       103.10339        103.10339        53955.23                                                    53955.23
              1        27077.66      0.52059288       89.737556        89.737556       53975.844                                                   53975.844
              1       27077.362      0.52359892       92.491038        92.491038       53969.742                                                   53969.742
              9       27078.929      0.51638249       85.948439        85.948439       53985.961                                                   53985.961
              2       27078.009      0.51899863       88.293554        88.293554       53979.431                                                   53979.431
              3       27078.897      0.53127223       99.701749        99.701749        53958.39                                                    53958.39
              5       27079.442      0.51519119       84.890637        84.890637       53989.102                                                   53989.102
             20       27077.381      0.52434038       93.176378        93.176378       53968.409                                                   53968.409
              1       27079.117      0.51584811       85.473161        85.473161       53987.288                                                   53987.288
              3       27078.804      0.51666723       86.202207        86.202207       53985.204                                                   53985.204
              3       27077.956      0.51926085       88.530286        88.530286       53978.851                                                   53978.851
              8       27077.749      0.52027695       89.450504        89.450504       53976.597                                                   53976.597
              1       27079.225      0.51554745       85.206311        85.206311       53988.038                                                   53988.038
              4       27079.305      0.53217061       100.56309        100.56309       53957.483                                                   53957.483
              1        27077.78      0.51998687       89.187326        89.187326       53977.185                                                   53977.185
              1       27078.416         0.52994       98.431066        98.431066        53959.97                                                    53959.97
              6        27077.38      0.52425707       93.099254        93.099254       53968.562                                                   53968.562
              1       27078.169      0.52917147       97.701627        97.701627       53960.935                                                   53960.935
              8       27077.504      0.52168912        90.73704         90.73704       53973.534                                                   53973.534
              2       27077.489      0.52579681       94.529684        94.529684       53965.919                                                   53965.919
              1       27079.347      0.51534306       85.025135        85.025135       53988.644                                                   53988.644
              3        27077.38       0.5242581       93.100207        93.100207        53968.56                                                    53968.56
              3       27077.373      0.52398066       92.843582        92.843582        53969.06                                                    53969.06
              1       27078.735      0.53083008       99.279151        99.279151       53958.912                                                   53958.912
              3       27077.813      0.52780203       96.408343        96.408343        53962.81                                                    53962.81
              2       27077.775      0.52000686       89.205453        89.205453       53977.139                                                   53977.139
              3       27077.545      0.52129874       90.380508        90.380508       53974.329                                                   53974.329
              2         27077.9      0.52802114       96.614708        96.614708        53962.57                                                    53962.57
              3       27078.041      0.52871567       97.270248        97.270248       53961.542                                                   53961.542
              1       27077.658      0.52701018       95.664339        95.664339       53963.988                                                   53963.988
              2       27077.399      0.52381379       92.689394        92.689394        53969.42                                                    53969.42
              5       27078.115      0.51873041       88.051722        88.051722       53980.127                                                   53980.127
              1       27077.434      0.52266503       91.631307        91.631307       53971.605                                                   53971.605
              2       27077.368       0.5237085       92.592173        92.592173       53969.552                                                   53969.552
              5       27077.889      0.52822864       96.810336        96.810336       53962.157                                                   53962.157
              2       27078.567       0.5171521       86.635159        86.635159       53983.864                                                   53983.864
              5       27078.025       0.5188629       88.171139        88.171139       53979.708                                                   53979.708
              2       27077.474      0.52571352       94.452035        94.452035       53966.044                                                   53966.044
              9       27077.409      0.52497208       93.762188        93.762188       53967.294                                                   53967.294
              2       27078.312      0.51796683       87.365008        87.365008       53981.894                                                   53981.894
             13       27077.989      0.52836768       96.941527        96.941527       53962.095                                                   53962.095
              2       27077.381      0.52428344       93.123655        93.123655       53968.514                                                   53968.514
              3        27077.51      0.52602868       94.745999        94.745999       53965.527                                                   53965.527
              8       27077.629      0.52078247       89.910037        89.910037       53975.439                                                   53975.439
              1       27078.893      0.53126513       99.694958        99.694958       53958.397                                                   53958.397
             10       27077.721      0.52734887       95.982224        95.982224       53963.477                                                   53963.477
             18       27077.374      0.52410386       92.957491        92.957491       53968.832                                                   53968.832
              3       27077.719      0.52734037       95.974235        95.974235        53963.49                                                    53963.49
              1       27077.659       0.5268453       95.509767        95.509767       53964.299                                                   53964.299
              5       27078.639      0.53057342       99.034236        99.034236        53959.21                                                    53959.21
             27        27077.55      0.52125686       90.342295        90.342295       53974.415                                                   53974.415
             22       27077.969      0.52839794       96.970093        96.970093       53961.998                                                   53961.998
              4       27078.609      0.51710889       86.596531        86.596531       53984.025                                                   53984.025
              5       27077.706       0.5271267       95.773639        95.773639       53963.865                                                   53963.865
              4       27077.382      0.52424504       93.088114        93.088114       53968.589                                                   53968.589
              2       27077.444       0.5226482       91.615848        91.615848       53971.656                                                   53971.656
              3       27077.369      0.52392518       92.792299        92.792299       53969.153                                                   53969.153
             12       27077.404      0.52484038       93.639909        93.639909       53967.528                                                   53967.528
              2        27078.19      0.51835633       87.714975        87.714975        53980.95                                                    53980.95
              3       27079.092      0.51592572       85.542112        85.542112         53987.1                                                     53987.1
              5       27077.431      0.52230702       91.302759        91.302759       53972.257                                                   53972.257
              1       27078.013      0.51898733       88.283358        88.283358       53979.459                                                   53979.459
             19       27077.783      0.52765365       96.268712        96.268712       53963.029                                                   53963.029
             18       27077.393      0.52463386       93.448316        93.448316       53967.889                                                   53967.889
              3       27078.648      0.51699854       86.497932        86.497932       53984.299                                                   53984.299
              2       27077.373      0.52348367        92.38473         92.38473       53969.976                                                   53969.976
              2       27077.382      0.52440356       93.234886        93.234886       53968.294                                                   53968.294
             19       27077.399      0.52513293       93.911636        93.911636       53966.975                                                   53966.975
              8       27077.476      0.52188932       90.920153        90.920153       53973.111                                                   53973.111
              3         27077.4      0.52383702       92.710848        92.710848       53969.378                                                   53969.378
              5       27078.334      0.51790388       87.308512        87.308512       53982.052                                                   53982.052
             14        27077.38      0.52426637       93.107861        93.107861       53968.545                                                   53968.545
              2       27078.933      0.51627834       85.855705        85.855705       53986.155                                                   53986.155
              4       27079.057       0.5160539        85.65604         85.65604       53986.802                                                   53986.802
              3       27080.167       0.5137412       83.611637        83.611637       53993.111                                                   53993.111
              1       27080.253       0.5340093       102.33714        102.33714       53955.832                                                   53955.832
              3       27078.258      0.52945847       97.973714        97.973714       53960.568                                                   53960.568
              1       27077.456      0.52504643       93.831251        93.831251        53967.25                                                    53967.25
              6       27078.392      0.51783501       87.246725        87.246725        53982.29                                                    53982.29
             11       27078.134       0.5289638       97.504969        97.504969       53961.258                                                   53961.258
              6       27078.949      0.51624185       85.823228        85.823228       53986.251                                                   53986.251
              3       27078.151      0.51850251       87.846494        87.846494       53980.609                                                   53980.609
             12       27077.727      0.52738056       96.011989        96.011989       53963.429                                                   53963.429
              2       27077.604      0.52092294       90.037922        90.037922       53975.132                                                   53975.132
              4       27077.693      0.52056248       89.709917        89.709917       53975.966                                                   53975.966
              2       27077.524      0.52590556       94.631109        94.631109       53965.786                                                   53965.786
              2       27078.242       0.5294044       97.922425        97.922425       53960.639                                                   53960.639
              4        27077.71      0.52728531       95.922528        95.922528       53963.576                                                   53963.576
             11        27077.37      0.52388421       92.754443        92.754443       53969.231                                                   53969.231
              4       27077.521      0.52611735       94.828791        94.828791       53965.385                                                   53965.385
              2       27078.127      0.52902576       97.563617        97.563617       53961.127                                                   53961.127
              9       27077.842      0.52787842       96.480268        96.480268       53962.723                                                   53962.723
             11       27077.394      0.52289395       91.841691        91.841691       53971.104                                                   53971.104
              9       27077.422       0.5249969       93.785246        93.785246       53967.274                                                   53967.274
              3       27077.453      0.52546183       94.217588        94.217588        53966.47                                                    53966.47
              3        27077.51       0.5260344       94.751343        94.751343       53965.517                                                   53965.517
              4       27077.545      0.52134908       90.426442        90.426442       53974.237                                                   53974.237
              1       27078.185       0.5184849       87.830648        87.830648       53980.709                                                   53980.709
              3       27077.545      0.52131547        90.39577         90.39577       53974.298                                                   53974.298
              4       27077.387      0.52314701       92.074531        92.074531       53970.624                                                   53970.624
              5       27077.885       0.5196399       88.873032        88.873032       53978.024                                                   53978.024
              9       27078.539      0.51732454       86.789386        86.789386       53983.499                                                   53983.499
             11       27078.733      0.53074457       99.197524        99.197524       53959.071                                                   53959.071
              3       27079.439      0.51519672       84.895526        84.895526       53989.088                                                   53989.088
              3       27077.375      0.52343428       92.339191        92.339191       53970.071                                                   53970.071
             21       27077.373      0.52401083       92.871465        92.871465       53969.003                                                   53969.003
              2       27077.462      0.52204646       91.063999        91.063999       53972.796                                                   53972.796
              7       27077.841      0.52788005       96.481803        96.481803       53962.719                                                   53962.719
              3       27077.375      0.52331303       92.227442        92.227442       53970.295                                                   53970.295
              3       27077.755      0.52009649       89.286743        89.286743       53976.937                                                   53976.937
              3       27078.004      0.51901194       88.305558        88.305558       53979.398                                                   53979.398
              2       27079.094      0.53164052       100.05442        100.05442       53958.079                                                   53958.079
              1       27078.789      0.53095663        99.40002         99.40002       53958.777                                                   53958.777
              1       27077.762      0.52005945       89.253141        89.253141       53977.017                                                   53977.017
             10       27077.887      0.51962564       88.860129        88.860129       53978.055                                                   53978.055
              8        27078.03      0.51893625       88.237279        88.237279       53979.586                                                   53979.586
              2       27078.095      0.52887628       97.422145        97.422145       53961.345                                                   53961.345
             13       27077.399      0.52380835       92.684364        92.684364        53969.43                                                    53969.43
              2       27077.389      0.52303053        91.96732         91.96732       53970.844                                                   53970.844
              5       27077.405      0.52413319       92.984623        92.984623       53968.841                                                   53968.841
              8       27079.047      0.51600369         85.6114          85.6114       53986.872                                                   53986.872
              1       27078.169      0.51841893       87.771289        87.771289       53980.796                                                   53980.796
              1       27079.966      0.51406142       83.893293        83.893293       53992.145                                                   53992.145
             12       27078.119      0.52900366       97.542694        97.542694       53961.153                                                   53961.153
              1       27077.767      0.52003825       89.233913        89.233913       53977.065                                                   53977.065
              1       27077.891      0.52814011       96.726844        96.726844       53962.328                                                   53962.328
              2       27078.682      0.51697955       86.480968        86.480968       53984.403                                                   53984.403
              2       27078.367      0.51782673       87.239296        87.239296       53982.256                                                   53982.256
             20       27077.394      0.52510462       93.885329        93.885329       53967.018                                                   53967.018
              1       27077.745      0.52019661       89.377577        89.377577       53976.734                                                   53976.734
              3         27077.6       0.5209504        90.06294         90.06294       53975.073                                                   53975.073
              3       27077.398      0.52453502       93.356686        93.356686       53968.083                                                   53968.083
              9        27077.63      0.52077613       89.904264        89.904264       53975.451                                                   53975.451
              4       27079.505      0.53252247       100.90141        100.90141       53957.206                                                   53957.206
              1       27080.951      0.53517136       103.46609        103.46609       53954.969                                                   53954.969
              2        27081.46      0.53595712       104.23287        104.23287       53954.455                                                   53954.455
              8       27079.458      0.51510406       84.813516        84.813516        53989.29                                                    53989.29
              3       27078.879      0.53118428       99.617621        99.617621       53958.523                                                   53958.523
              2       27079.168      0.51579198       85.423316        85.423316       53987.489                                                   53987.489
              1       27077.967      0.52838576       96.958592        96.958592       53962.016                                                   53962.016
             10       27078.513       0.5301387       98.620089        98.620089       53959.785                                                   53959.785
             12        27077.51      0.52164569       90.697343        90.697343       53973.625                                                   53973.625
              5       27077.988      0.52836609       96.940024        96.940024       53962.097                                                   53962.097
             16       27077.656      0.52046537       89.621654        89.621654        53976.07                                                    53976.07
              5       27078.559      0.51724862       86.721475        86.721475       53983.676                                                   53983.676
             10       27078.556       0.5303462       98.817667        98.817667       53959.476                                                   53959.476
              1       27078.975      0.51617819       85.766586        85.766586       53986.418                                                   53986.418
              4       27078.627      0.51706565       86.557888        86.557888       53984.138                                                   53984.138
             13       27077.972      0.52845573       97.024649        97.024649       53961.894                                                   53961.894
              4       27077.656        0.526939       95.597597        95.597597       53964.117                                                   53964.117
              2       27077.509      0.52602571       94.743229        94.743229       53965.532                                                   53965.532
              1       27077.883      0.52808167       96.671757        96.671757       53962.423                                                   53962.423
             23       27077.398      0.52451387       93.337087        93.337087       53968.122                                                   53968.122
             10       27077.903      0.51943573       88.688334        88.688334       53978.429                                                   53978.429
              3       27080.246      0.51359589        83.48398         83.48398       53993.524                                                   53993.524
              4       27079.684      0.51465609       84.417554        84.417554       53990.532                                                   53990.532
              1        27077.84      0.51971417       88.940264        88.940264         53977.8                                                     53977.8
              1         27077.6      0.52095094       90.063428        90.063428       53975.073                                                   53975.073
              1       27078.664      0.53063861       99.096415        99.096415       53959.135                                                   53959.135
              3       27077.471       0.5256915       94.431514        94.431514       53966.079                                                   53966.079
              6        27077.46      0.52205626       91.072973        91.072973       53972.775                                                   53972.775
              8       27078.017      0.51889666       88.201575        88.201575       53979.631                                                   53979.631
             18       27077.549      0.52633501       95.032163        95.032163       53965.033                                                   53965.033
             23       27077.601      0.52094491       90.057935        90.057935       53975.085                                                   53975.085
              1       27077.445      0.52192875        90.95623         90.95623       53972.978                                                   53972.978
              1       27078.498      0.51741287        86.86844         86.86844       53983.259                                                   53983.259
              3       27077.491      0.52581316        94.54493         94.54493       53965.892                                                   53965.892
              1        27077.61      0.52654795       95.231316        95.231316       53964.758                                                   53964.758
              8       27078.096      0.51870003       88.024349        88.024349       53980.143                                                   53980.143
              4       27078.118      0.51861449       87.947303        87.947303       53980.341                                                   53980.341
              4       27077.407      0.52522497        93.99721         93.99721        53966.82                                                    53966.82
             22         27077.4      0.52382828        92.70278         92.70278       53969.394                                                   53969.394
             16       27077.406      0.52413018       92.981835        92.981835       53968.848                                                   53968.848
              3       27077.744      0.52020973       89.389483        89.389483       53976.708                                                   53976.708
             12       27077.399      0.52456278       93.382421        93.382421       53968.034                                                   53968.034
             11       27077.421      0.52295102       91.894179        91.894179       53971.053                                                   53971.053
              3       27077.704      0.52725128       95.890579        95.890579       53963.627                                                   53963.627
             12        27077.49       0.5257973       94.530136        94.530136        53965.92                                                    53965.92
             10       27078.514      0.53014222       98.623437        98.623437       53959.781                                                   53959.781
              7       27077.744      0.52020818       89.388079        89.388079       53976.711                                                   53976.711
             12       27078.598      0.51713949       86.623892        86.623892       53983.948                                                   53983.948
             12       27077.399      0.52513389       93.912529        93.912529       53966.973                                                   53966.973
              6       27077.792       0.5276922       96.304986        96.304986       53962.974                                                   53962.974
              9       27077.583      0.52648849       95.175687        95.175687       53964.814                                                   53964.814
              1       27078.627      0.51706485       86.557175        86.557175       53984.141                                                   53984.141
              5       27079.327      0.51540711       85.081892        85.081892        53988.49                                                    53988.49
              1       27079.508      0.53253663       100.91504        100.91504       53957.187                                                   53957.187
              8       27077.368      0.52389894       92.768057        92.768057         53969.2                                                     53969.2
              1       27077.762      0.52025538        89.43092         89.43092       53976.662                                                   53976.662
              1       27080.287      0.51353173       83.427647        83.427647       53993.719                                                   53993.719
              2       27080.303      0.53410127       102.42626        102.42626       53955.753                                                   53955.753
             15       27077.562      0.52641524       95.107175        95.107175       53964.909                                                   53964.909
             11       27077.442      0.52538163       94.142941        94.142941       53966.599                                                   53966.599
              3        27077.98      0.51913958       88.420762        88.420762       53979.119                                                   53979.119
              2       27077.896      0.52825123       96.831647        96.831647       53962.128                                                   53962.128
              5       27077.394      0.52287734       91.826422        91.826422       53971.136                                                   53971.136
              4       27077.368      0.52393069       92.797398        92.797398       53969.141                                                   53969.141
             11       27077.651      0.52071137       89.845334        89.845334       53975.611                                                   53975.611
             21        27077.71      0.52714605       95.791801        95.791801       53963.836                                                   53963.836
              4       27077.441      0.52219229       91.197589        91.197589       53972.488                                                   53972.488
              3       27078.214      0.52923143        97.75844         97.75844       53960.911                                                   53960.911
              5       27078.393      0.51783184       87.243882        87.243882       53982.298                                                   53982.298
              4       27077.344       0.5236635       92.550632        92.550632       53969.588                                                   53969.588
              3       27077.553      0.52637255       95.067253        95.067253       53964.972                                                   53964.972
              1       27077.779      0.51998834       89.188658        89.188658       53977.181                                                   53977.181
             15       27077.408      0.52492915       93.722318        93.722318       53967.372                                                   53967.372
              2       27077.843       0.5278863       96.487688        96.487688        53962.71                                                    53962.71
              1       27078.558      0.53031865       98.791417        98.791417       53959.534                                                   53959.534
              1       27079.034      0.53156062       99.977858        99.977858       53958.113                                                   53958.113
              1       27077.412      0.52442075       93.250813        93.250813       53968.322                                                   53968.322
              2       27077.713      0.52730565        95.94163         95.94163       53963.544                                                   53963.544
              4       27077.712      0.52729528       95.931891        95.931891        53963.56                                                    53963.56
              5       27077.493      0.52560851       94.354179        94.354179       53966.277                                                   53966.277
              1       27077.423      0.52471676       93.525198        93.525198       53967.796                                                   53967.796
              1       27077.414      0.52443536       93.264346        93.264346         53968.3                                                     53968.3
              1       27078.404      0.52990537       98.398137        98.398137       53960.011                                                   53960.011
              4       27077.904      0.51943074       88.683823        88.683823       53978.441                                                   53978.441
              1       27078.373      0.51777955       87.196984        87.196984       53982.351                                                   53982.351
              6        27078.55      0.51719971       86.677728        86.677728       53983.744                                                   53983.744
              2       27080.951      0.51236495       82.406332        82.406332        53997.09                                                    53997.09
              2       27078.941       0.5162572       85.836894        85.836894       53986.209                                                   53986.209
              2       27078.242      0.52940492       97.922917        97.922917       53960.638                                                   53960.638
             17       27077.692      0.52056794       89.714885        89.714885       53975.955                                                   53975.955
              2       27078.924      0.51629829       85.873468        85.873468       53986.102                                                   53986.102
              2       27077.844      0.52794439         96.5424          96.5424       53962.604                                                   53962.604
              1       27077.444      0.52197158       90.995435        90.995435       53972.896                                                   53972.896
              2        27077.45      0.52210918       91.121441        91.121441       53972.658                                                   53972.658
              1       27077.599      0.52679684       95.464366        95.464366       53964.269                                                   53964.269
              1       27078.323       0.5296669       98.171551        98.171551       53960.303                                                   53960.303
              1       27077.811      0.52779099       96.397953        96.397953       53962.825                                                   53962.825
             10       27077.373      0.52400344        92.86464         92.86464       53969.018                                                   53969.018
              1       27077.524      0.52614886       94.858214        94.858214       53965.332                                                   53965.332
              4        27078.55      0.53028719       98.761456        98.761456       53959.578                                                   53959.578
              8       27077.423      0.52471332        93.52201         93.52201       53967.802                                                   53967.802
              2       27079.528      0.53263614       101.01083        101.01083       53957.035                                                   53957.035
              3       27078.518      0.53015281       98.633518        98.633518       53959.769                                                   53959.769
              1       27077.464      0.52550693       94.259575        94.259575       53966.409                                                   53966.409
              1       27077.409      0.52324097       92.161054        92.161054       53970.496                                                   53970.496
              1       27077.393      0.52507611       93.858834        93.858834       53967.068                                                   53967.068
              6       27077.392       0.5246269       93.441865        93.441865       53967.901                                                   53967.901
              1       27078.156      0.51848719       87.832705        87.832705       53980.646                                                   53980.646
              3       27077.387      0.52449602       93.320543        93.320543       53968.132                                                   53968.132
              5       27077.847      0.52790469       96.505005        96.505005       53962.684                                                   53962.684
              4       27078.563      0.51723707        86.71114         86.71114       53983.704                                                   53983.704
              3        27077.55      0.52125441       90.340062        90.340062        53974.42                                                    53974.42
              1        27077.55      0.52125418       90.339854        90.339854        53974.42                                                    53974.42
              4       27077.835      0.51978089       89.000679        89.000679       53977.669                                                   53977.669
              3       27077.377      0.52327262       92.190207        92.190207       53970.374                                                   53970.374
              6       27077.655      0.52047886       89.633909        89.633909       53976.042                                                   53976.042
              1       27077.653      0.52049583        89.64933         89.64933       53976.008                                                   53976.008
              2       27077.379      0.52417996       93.027894        93.027894       53968.702                                                   53968.702
              1       27077.409      0.52495199       93.743529        93.743529        53967.33                                                    53967.33
             11        27077.42      0.52245317       91.436815        91.436815       53971.966                                                   53971.966
              1       27079.686      0.53295241       101.31556        101.31556        53956.74                                                    53956.74
              1       27079.802      0.53312711       101.48408        101.48408       53956.635                                                   53956.635
              2       27078.488      0.51745106       86.902629        86.902629        53983.17                                                    53983.17
              1       27078.434      0.51760058       87.036549        87.036549       53982.796                                                   53982.796
              2       27077.744      0.52020797       89.387889        89.387889       53976.712                                                   53976.712
             12       27077.434      0.52227716       91.275384        91.275384       53972.318                                                   53972.318
              2       27079.267      0.51550927        85.17245         85.17245       53988.189                                                   53988.189
              1       27077.705      0.52711843       95.765879        95.765879       53963.878                                                   53963.878
              1       27077.408       0.5249498       93.741497        93.741497       53967.332                                                   53967.332
              2       27077.973      0.52841245       96.983791        96.983791       53961.979                                                   53961.979
              4       27077.559      0.52141722       90.488642        90.488642        53974.14                                                    53974.14
              1       27078.133       0.5185543       87.893112        87.893112       53980.481                                                   53980.481
              1        27077.51      0.52603866       94.755322        94.755322        53965.51                                                    53965.51
              2       27077.397       0.5230773       92.010365        92.010365       53970.774                                                   53970.774
              1       27077.381      0.52429873       93.137813        93.137813       53968.486                                                   53968.486
              2       27077.451      0.52501355       93.800707        93.800707       53967.301                                                   53967.301
              2         27077.4      0.52282211       91.775647        91.775647       53971.248                                                   53971.248
              1       27077.441      0.52220427       91.208567        91.208567       53972.465                                                   53972.465
              3       27077.422      0.52293235       91.877005        91.877005       53971.091                                                   53971.091
              2       27077.546      0.52129229       90.374625        90.374625       53974.343                                                   53974.343
              1       27077.598      0.52096499       90.076223        90.076223       53975.043                                                   53975.043
              1       27078.516      0.53014765       98.628598        98.628598       53959.775                                                   53959.775
              1       27077.678      0.52036928       89.534352        89.534352       53976.287                                                   53976.287
              1       27077.988        0.528519       97.084401        97.084401       53961.808                                                   53961.808
              1       27077.425       0.5247494       93.555487        93.555487       53967.739                                                   53967.739
              1        27077.39      0.52297114       91.912684        91.912684       53970.954                                                   53970.954
              1       27077.567      0.52120665       90.296502        90.296502       53974.542                                                   53974.542
              2       27077.655      0.52047709       89.632303        89.632303       53976.046                                                   53976.046
              1       27077.396      0.52313056       92.059386        92.059386       53970.674                                                   53970.674
              5        27077.42        0.522598       91.569754        91.569754       53971.701                                                   53971.701
              1       27078.127      0.51857595       87.912601        87.912601       53980.429                                                   53980.429
              1       27078.102      0.51867495       88.001752        88.001752         53980.2                                                     53980.2
              5        27077.61      0.52088102       89.999754        89.999754        53975.22                                                    53975.22
              1       27078.287       0.5180427       87.433125        87.433125       53981.708                                                   53981.708
              2       27077.397      0.52308239       92.015052        92.015052       53970.763                                                   53970.763
              1       27078.679      0.51692673       86.433793        86.433793        53984.49                                                    53984.49
              1        27077.37      0.52380187       92.678379        92.678379       53969.383                                                   53969.383
              1       27077.769      0.52002673       89.223468        89.223468       53977.091                                                   53977.091
              1       27077.475      0.52186548       90.898334        90.898334       53973.152                                                   53973.152
              1       27078.156      0.51848718       87.832699        87.832699       53980.646                                                   53980.646
              1       27077.937      0.51930694       88.571928        88.571928       53978.729                                                   53978.729
              1       27077.477      0.52183754       90.872776        90.872776       53973.208                                                   53973.208
              1       27077.437      0.52222637       91.228828        91.228828       53972.417                                                   53972.417
              3       27077.402      0.52479934       93.601823        93.601823         53967.6                                                     53967.6
              1       27078.165      0.52915139       97.682599        97.682599       53960.965                                                   53960.965
              2       27077.659      0.52684497        95.50946         95.50946       53964.299                                                   53964.299
              4       27077.892      0.52824744       96.828066        96.828066       53962.128                                                   53962.128
              1       27077.642      0.52690133       95.562278        95.562278       53964.159                                                   53964.159
              1       27077.405        0.524152       93.002018        93.002018       53968.807                                                   53968.807
              2       27077.517      0.52608149       94.795301        94.795301       53965.443                                                   53965.443
              1        27077.38      0.52426132       93.103187        93.103187       53968.553                                                   53968.553
