#        weight    minuslogpost         Omega_m   minuslogprior minuslogprior__0            chi2 chi2__functions_and_classes.SO_x_DESI_Likelihood_w_emulator
              2       28169.256       0.3158387      -3.2807087       -3.2807087       56345.074                                                   56345.074
              4       28159.741      0.31683012      -3.2792352       -3.2792352        56326.04                                                    56326.04
              1       28137.598      0.31917518      -3.2583627       -3.2583627       56281.714                                                   56281.714
              1       28120.263      0.32101205      -3.2249428       -3.2249428       56246.976                                                   56246.976
              2       28087.824      0.32447764      -3.1210546       -3.1210546       56181.891                                                   56181.891
              2       28087.608      0.32450235      -3.1201222       -3.1201222       56181.456                                                   56181.456
              2        28076.72      0.32567356      -3.0728159       -3.0728159       56159.587                                                   56159.587
              3       28042.031      0.32943369      -2.8797352       -2.8797352        56089.82                                                    56089.82
              1       28034.874      0.33021512      -2.8317228       -2.8317228       56075.412                                                   56075.412
              2       28015.829      0.33230664      -2.6898633       -2.6898633       56037.037                                                   56037.037
              3       28003.093      0.33371287      -2.5835534       -2.5835534       56011.353                                                   56011.353
              1       27995.054      0.33460591      -2.5114781       -2.5114781       55995.131                                                   55995.131
              1       27987.981      0.33539375      -2.4449501       -2.4449501       55980.852                                                   55980.852
              3       27981.401      0.33612356      -2.3808603       -2.3808603       55967.565                                                   55967.565
              1       27978.327      0.33646871      -2.3497268       -2.3497268       55961.353                                                   55961.353
              1       27969.859      0.33741503      -2.2616477       -2.2616477       55944.242                                                   55944.242
              6       27969.153       0.3374941      -2.2541083       -2.2541083       55942.813                                                   55942.813
              1       27958.539      0.33869087       -2.136599        -2.136599       55921.351                                                   55921.351
              2       27924.577      0.34254271      -1.7151764       -1.7151764       55852.584                                                   55852.584
              1       27898.691       0.3455196      -1.3443064       -1.3443064       55800.071                                                   55800.071
              5       27893.982      0.34606565      -1.2720035       -1.2720035       55790.509                                                   55790.509
              3       27896.996      0.34571856      -1.3181156       -1.3181156       55796.627                                                   55796.627
              1       27892.147      0.34628075      -1.2431576       -1.2431576        55786.78                                                    55786.78
              1       27887.766      0.34678894      -1.1741909       -1.1741909       55777.881                                                   55777.881
              3       27880.206      0.34766782       -1.052209        -1.052209       55762.517                                                   55762.517
              1       27876.485      0.34810598     -0.99011268      -0.99011268       55754.951                                                   55754.951
              1       27854.618      0.35067625     -0.60867281      -0.60867281       55710.453                                                   55710.453
              8       27853.999      0.35074578      -0.5979465       -0.5979465       55709.195                                                   55709.195
              1       27847.234      0.35154683     -0.47281684      -0.47281684       55695.414                                                   55695.414
              1       27834.907      0.35301416     -0.23621456      -0.23621456       55670.286                                                   55670.286
              2       27802.518      0.35691754      0.43977819       0.43977819       55604.157                                                   55604.157
              1       27799.065      0.35733588      0.51624464       0.51624464       55597.098                                                   55597.098
              2       27798.373      0.35741922      0.53157145       0.53157145       55595.682                                                   55595.682
              1       27795.402      0.35778383      0.59898486       0.59898486       55589.606                                                   55589.606
              3       27784.501       0.3591184      0.85078155       0.85078155       55567.301                                                   55567.301
              1       27775.495      0.36022439       1.0654489        1.0654489       55548.859                                                   55548.859
              1       27778.268      0.35988186        0.998383         0.998383        55554.54                                                    55554.54
              1       27763.943      0.36165513       1.3512132        1.3512132       55525.183                                                   55525.183
              2       27764.044      0.36164255       1.3486615        1.3486615       55525.391                                                   55525.391
              1       27761.764      0.36192818       1.4067831        1.4067831       55520.714                                                   55520.714
              1       27755.894      0.36265616       1.5565607        1.5565607       55508.676                                                   55508.676
              1       27686.215      0.37155244       3.5771737        3.5771737       55365.275                                                   55365.275
              1       27669.862      0.37369925       4.1174645        4.1174645       55331.489                                                   55331.489
              1       27649.556      0.37640703        4.828144         4.828144       55289.456                                                   55289.456
              1        27613.93      0.38125199       6.1810594        6.1810594       55215.498                                                   55215.498
              1        27596.61      0.38365545       6.8909211        6.8909211       55179.439                                                   55179.439
              2       27558.472      0.38907987       8.5873847        8.5873847       55099.769                                                   55099.769
              1        27528.12      0.39354031       10.080345        10.080345       55036.079                                                   55036.079
              1       27512.056      0.39595326       10.924842        10.924842       55002.263                                                   55002.263
              3        27504.02      0.39717924        11.36383         11.36383       54985.313                                                   54985.313
              1        27504.12      0.39716404       11.358346        11.358346       54985.523                                                   54985.523
              2       27479.476       0.4009808       12.767536        12.767536       54933.416                                                   54933.416
              2        27437.16      0.40779431        15.44411         15.44411       54843.431                                                   54843.431
              1       27425.977      0.40965582       16.211262        16.211262       54819.531                                                   54819.531
              3       27416.784      0.41120697       16.862273        16.862273       54799.843                                                   54799.843
              1        27402.76      0.41361262       17.893065        17.893065       54769.734                                                   54769.734
              5       27380.947      0.41744965       19.590415        19.590415       54722.714                                                   54722.714
              1       27327.759      0.42739404       24.293971        24.293971        54606.93                                                    54606.93
              1       27316.396      0.42964615       25.420229        25.420229       54581.951                                                   54581.951
              2       27290.686      0.43493614       28.154354        28.154354       54525.063                                                   54525.063
              2       27281.518      0.43689553        29.19863         29.19863       54504.639                                                   54504.639
              1       27269.418      0.43954952       30.640308        30.640308       54477.556                                                   54477.556
              1       27255.144      0.44278688       32.441263        32.441263       54445.406                                                   54445.406
              2       27249.863      0.44400959       33.133579        33.133579       54433.458                                                   54433.458
              1       27243.482      0.44551859       33.997156        33.997156       54418.969                                                   54418.969
              1       27235.458      0.44744926       35.116808        35.116808       54400.682                                                   54400.682
              2       27234.154      0.44777414       35.306843        35.306843       54397.694                                                   54397.694
              3       27216.676      0.45218417       37.932849        37.932849       54357.487                                                   54357.487
              1       27215.646      0.45245321       38.095855        38.095855       54355.101                                                   54355.101
              1       27190.856      0.45922072       42.301843        42.301843       54297.108                                                   54297.108
              2       27180.964      0.46213009       44.172575        44.172575       54273.584                                                   54273.584
              2       27180.346       0.4623155       44.293068        44.293068       54272.106                                                   54272.106
              1       27168.906      0.46585948         46.6256          46.6256        54244.56                                                    54244.56
              1       27132.418      0.47894004       55.718026        55.718026       54153.401                                                   54153.401
              1       27127.718      0.48091083       57.153857        57.153857       54141.128                                                   54141.128
              1       27128.165      0.48071801       57.012614        57.012614       54142.305                                                   54142.305
              3       27124.338      0.48238054       58.235867        58.235867       54132.204                                                   54132.204
              2       27121.811      0.48352642       59.086126        59.086126        54125.45                                                    54125.45
              1       27111.678      0.48842295       62.785175        62.785175       54097.786                                                   54097.786
              2       27111.662      0.48843208        62.79217         62.79217        54097.74                                                    54097.74
              1       27110.465      0.48906234       63.276066        63.276066       54094.378                                                   54094.378
              1        27091.22      0.50135444       73.066499        73.066499       54036.307                                                   54036.307
              1       27077.596        0.520976       90.086253        90.086253        53975.02                                                    53975.02
              4       27077.428      0.52237418        91.36435         91.36435       53972.127                                                   53972.127
              1       27077.381      0.52434152       93.177427        93.177427       53968.407                                                   53968.407
              8       27077.412      0.52252256       91.500498        91.500498       53971.824                                                   53971.824
              3       27078.258      0.52945892       97.974141        97.974141       53960.567                                                   53960.567
              6       27078.053      0.52865395       97.211902        97.211902       53961.682                                                   53961.682
              1       27077.717      0.52732522       95.960009        95.960009       53963.513                                                   53963.513
              7        27077.59      0.52674887       95.419425        95.419425       53964.341                                                   53964.341
              1       27077.826       0.5278563        96.45944         96.45944       53962.734                                                   53962.734
              6       27077.712      0.52031675       89.486639        89.486639       53976.451                                                   53976.451
              1       27077.493      0.52561497       94.360198        94.360198       53966.266                                                   53966.266
              1       27079.996      0.53354521       101.88794        101.88794       53956.217                                                   53956.217
              1       27079.888      0.51424825       84.057827        84.057827       53991.661                                                   53991.661
              2       27079.228      0.53199603       100.39542        100.39542       53957.664                                                   53957.664
              1       27077.827      0.52772166       96.332704        96.332704       53962.988                                                   53962.988
              2       27078.776      0.53092434       99.369168        99.369168       53958.814                                                   53958.814
              8       27077.436      0.52223875        91.24017         91.24017       53972.391                                                   53972.391
              1       27077.759      0.52755243       96.173528        96.173528       53963.171                                                   53963.171
              3       27079.167      0.51568967       85.332486        85.332486       53987.669                                                   53987.669
              4       27077.381      0.52319639       92.120001        92.120001       53970.523                                                   53970.523
              3       27077.385      0.52316639       92.092376        92.092376       53970.586                                                   53970.586
              2       27077.375      0.52341759       92.323802        92.323802       53970.102                                                   53970.102
              2       27078.389      0.51784426       87.255027        87.255027       53982.267                                                   53982.267
              1       27078.224      0.51825766        87.62626         87.62626       53981.195                                                   53981.195
              1       27078.734      0.53080336       99.253646        99.253646        53958.96                                                    53958.96
             12       27077.375      0.52330159       92.216899        92.216899       53970.317                                                   53970.317
              1       27077.379      0.52417662       93.024799        93.024799       53968.708                                                   53968.708
              1       27077.495      0.52586676       94.594914        94.594914         53965.8                                                     53965.8
              1       27077.631      0.52077155       89.900097        89.900097       53975.461                                                   53975.461
              2       27077.595      0.52678058        95.44913         95.44913       53964.291                                                   53964.291
              3       27077.475      0.52186351       90.896534        90.896534       53973.158                                                   53973.158
              4       27077.383      0.52423104       93.075157        93.075157       53968.616                                                   53968.616
              5        27078.17      0.51841554       87.768239        87.768239       53980.804                                                   53980.804
              3       27077.549      0.52125714        90.34255         90.34255       53974.414                                                   53974.414
              4       27077.853      0.52797102        96.56749         96.56749       53962.571                                                   53962.571
              2       27078.082      0.52883858       97.386484        97.386484       53961.391                                                   53961.391
              5        27078.31      0.51797086       87.368626        87.368626       53981.883                                                   53981.883
              1       27077.531      0.52141102        90.48298         90.48298       53974.096                                                   53974.096
              8       27077.882       0.5281931       96.776819        96.776819        53962.21                                                    53962.21
              1       27078.185      0.51837502       87.731791        87.731791       53980.906                                                   53980.906
              4       27077.474      0.52571793       94.456146        94.456146       53966.036                                                   53966.036
              4       27077.452      0.52545562       94.211807        94.211807        53966.48                                                    53966.48
              6       27077.408      0.52522008       93.992656        93.992656       53966.831                                                   53966.831
              1       27077.679      0.52036619       89.531539        89.531539       53976.295                                                   53976.295
              4       27077.374       0.5240037       92.864873        92.864873       53969.018                                                   53969.018
              2       27078.234      0.52934681       97.867816        97.867816       53960.732                                                   53960.732
              1       27079.312      0.51544148       85.112357        85.112357       53988.399                                                   53988.399
              2        27077.99      0.52836793       96.941763        96.941763       53962.096                                                   53962.096
              1        27077.88      0.51967419       88.904065        88.904065       53977.952                                                   53977.952
              9       27077.403      0.52276186       91.720268        91.720268       53971.365                                                   53971.365
              5       27077.907      0.52806112       96.652385        96.652385       53962.509                                                   53962.509
              2       27078.911      0.51632942       85.901178        85.901178       53986.019                                                   53986.019
             10       27078.116      0.52899242       97.532059        97.532059       53961.167                                                   53961.167
              3       27079.963      0.51410514       83.931777        83.931777       53992.063                                                   53992.063
              2       27078.855      0.53113069       99.566375        99.566375       53958.577                                                   53958.577
              3       27077.692       0.5205767       89.722845        89.722845       53975.938                                                   53975.938
              4       27077.393      0.52508208       93.864377        93.864377       53967.057                                                   53967.057
              1       27079.259       0.5320717       100.46807        100.46807       53957.581                                                   53957.581
              2       27078.619      0.53051441       98.977972        98.977972       53959.281                                                   53959.281
              2       27077.977      0.52846809       97.036325        97.036325       53961.881                                                   53961.881
              2       27078.485      0.51745704       86.907983        86.907983       53983.154                                                   53983.154
              1       27080.061      0.51392123        83.76993         83.76993       53992.583                                                   53992.583
              3       27079.373      0.51528632       84.974873        84.974873       53988.797                                                   53988.797
              5       27077.432       0.5222989        91.29531         91.29531       53972.273                                                   53972.273
              1       27077.598      0.52679467       95.462331        95.462331       53964.272                                                   53964.272
              6       27078.024      0.51905311       88.342708        88.342708       53979.363                                                   53979.363
              2       27077.436      0.52526338       94.032932        94.032932       53966.806                                                   53966.806
              3       27077.669      0.52706736       95.717971        95.717971       53963.902                                                   53963.902
              3       27077.758      0.52754772       96.169095        96.169095       53963.179                                                   53963.179
             14       27077.711      0.52032461        89.49378         89.49378       53976.434                                                   53976.434
              1       27078.026      0.51904284       88.333442        88.333442       53979.385                                                   53979.385
              3       27077.408      0.52522192       93.994368        93.994368       53966.827                                                   53966.827
              6       27077.657      0.52682127       95.487247        95.487247        53964.34                                                    53964.34
              4       27077.422      0.52499331       93.781911        93.781911       53967.281                                                   53967.281
              3       27077.597      0.52678926       95.457264        95.457264        53964.28                                                    53964.28
              1       27078.682      0.51698298       86.484028        86.484028       53984.396                                                   53984.396
              3        27077.89      0.52812476        96.71238         96.71238       53962.355                                                   53962.355
              2       27078.084      0.51877814       88.094731        88.094731       53979.979                                                   53979.979
             16       27078.333      0.51790846       87.312623        87.312623        53982.04                                                    53982.04
              5       27079.703      0.51461028        84.37711         84.37711       53990.651                                                   53990.651
              2         27077.6      0.52111933       90.216873        90.216873       53974.767                                                   53974.767
              1       27077.964      0.52837421       96.947689        96.947689       53962.032                                                   53962.032
              5       27077.399      0.52279767       91.753179        91.753179       53971.291                                                   53971.291
              9       27077.372      0.52345732       92.360431        92.360431       53970.024                                                   53970.024
              2        27077.82      0.51979698       89.015256        89.015256       53977.609                                                   53977.609
              8       27077.446      0.52192943        90.95686         90.95686       53972.978                                                   53972.978
              5       27077.777      0.52744368       96.071296        96.071296       53963.412                                                   53963.412
              5       27077.544      0.52130449       90.385756        90.385756       53974.317                                                   53974.317
             16       27077.402      0.52481612       93.617392        93.617392       53967.569                                                   53967.569
              9       27078.192      0.51846269       87.810654        87.810654       53980.762                                                   53980.762
             13       27077.415       0.5224954       91.475565        91.475565       53971.878                                                   53971.878
              3       27078.121      0.52891077       97.454782        97.454782       53961.331                                                   53961.331
             14       27077.513      0.52604763       94.763698        94.763698       53965.498                                                   53965.498
              2         27077.7      0.52723954       95.879554        95.879554        53963.64                                                    53963.64
              4       27077.822      0.51978828       89.007375        89.007375       53977.629                                                   53977.629
              4        27077.37      0.52395668       92.821411        92.821411       53969.096                                                   53969.096
              9       27078.729      0.53073135       99.184907        99.184907       53959.088                                                   53959.088
              1       27077.401      0.52480167        93.60398         93.60398       53967.594                                                   53967.594
             17       27078.303      0.51799327       87.388748        87.388748       53981.829                                                   53981.829
              7       27077.956      0.51926107        88.53048         88.53048       53978.851                                                   53978.851
             10       27077.908      0.52804438       96.636605        96.636605       53962.543                                                   53962.543
              9       27077.388       0.5230042         91.9431          91.9431        53970.89                                                    53970.89
              7       27077.986      0.51911595       88.399435        88.399435       53979.173                                                   53979.173
              4       27077.445      0.52196134       90.986066        90.986066       53972.917                                                   53972.917
              3       27079.828      0.53315595       101.51191        101.51191       53956.632                                                   53956.632
              6       27078.186      0.51847974       87.826003        87.826003       53980.721                                                   53980.721
              5       27077.651      0.52063664       89.777352        89.777352       53975.747                                                   53975.747
              2       27077.514      0.52607393       94.788244        94.788244       53965.451                                                   53965.451
             12       27079.704      0.51460735       84.374526        84.374526       53990.659                                                   53990.659
              1       27077.846      0.52790114       96.501665        96.501665       53962.689                                                   53962.689
             12       27077.385      0.52316824       92.094077        92.094077       53970.582                                                   53970.582
              4       27077.887        0.528216       96.798409        96.798409       53962.177                                                   53962.177
              2       27077.439      0.52221276       91.216354        91.216354       53972.445                                                   53972.445
              9       27077.818      0.51994726       89.151422        89.151422       53977.333                                                   53977.333
              1       27079.208      0.51559234       85.246126        85.246126       53987.925                                                   53987.925
              6       27077.395      0.52466102       93.473503        93.473503       53967.842                                                   53967.842
             20       27077.593      0.52676632       95.435767        95.435767       53964.314                                                   53964.314
              2       27077.384      0.52409687       92.951032        92.951032       53968.865                                                   53968.865
              1       27077.375      0.52344583       92.349841        92.349841        53970.05                                                    53970.05
             11       27077.567      0.52624539       94.948394        94.948394       53965.237                                                   53965.237
              1       27077.652      0.52062672       89.768336        89.768336       53975.767                                                   53975.767
              2       27077.404      0.52484395       93.643221        93.643221       53967.521                                                   53967.521
              4       27077.459       0.5223524       91.344375        91.344375        53972.23                                                    53972.23
              2       27077.457      0.52214205       91.151559        91.151559        53972.61                                                    53972.61
              1       27077.392       0.5245863       93.404219        93.404219       53967.975                                                   53967.975
             16       27077.518      0.52601514       94.733362        94.733362       53965.569                                                   53965.569
              5       27077.443      0.52196032       90.985126        90.985126       53972.916                                                   53972.916
              1       27077.975      0.52846204       97.030604        97.030604       53961.889                                                   53961.889
              3       27077.522       0.5217208       90.766009        90.766009       53973.512                                                   53973.512
              1       27077.548      0.52128026       90.363646        90.363646       53974.368                                                   53974.368
              2       27077.574      0.52650219       95.188503        95.188503       53964.772                                                   53964.772
             35       27077.421      0.52296995       91.911589        91.911589       53971.018                                                   53971.018
              5       27077.434      0.52229017       91.287313        91.287313       53972.293                                                   53972.293
             10       27078.336      0.52976956       98.269064        98.269064       53960.135                                                   53960.135
              5       27077.405      0.52486122       93.659254        93.659254       53967.492                                                   53967.492
              2       27077.394      0.52510126       93.882204        93.882204       53967.024                                                   53967.024
              8       27077.466      0.52531185       94.078009        94.078009       53966.776                                                   53966.776
              2       27077.838      0.51977625       88.996478        88.996478       53977.683                                                   53977.683
              3       27077.901      0.51944061       88.692748        88.692748       53978.417                                                   53978.417
             16       27077.376      0.52351261       92.411418        92.411418       53969.929                                                   53969.929
              5       27077.886      0.51963065       88.864663        88.864663       53978.043                                                   53978.043
              1       27078.128       0.5290325       97.570001        97.570001       53961.117                                                   53961.117
              8       27078.332      0.51790858       87.312734        87.312734       53982.038                                                   53982.038
              5       27077.412      0.52257966       91.552909        91.552909       53971.718                                                   53971.718
              5       27077.414      0.52443543       93.264407        93.264407         53968.3                                                     53968.3
              7       27077.738      0.52018119       89.363582        89.363582       53976.749                                                   53976.749
             10       27077.505      0.52168636       90.734516        90.734516       53973.541                                                   53973.541
              1       27077.709      0.52727867       95.916293        95.916293       53963.585                                                   53963.585
              2       27077.979      0.52848507        97.05236         97.05236       53961.853                                                   53961.853
             16       27077.389      0.52298069       91.921465        91.921465       53970.936                                                   53970.936
              1       27079.391      0.51524586       84.939039        84.939039       53988.904                                                   53988.904
              1       27077.437      0.52530619       94.072749        94.072749       53966.728                                                   53966.728
              7       27077.401       0.5245688       93.387999        93.387999       53968.025                                                   53968.025
              5       27077.528      0.52594605       94.668891        94.668891       53965.718                                                   53965.718
              1       27079.911      0.53338059       101.72884        101.72884       53956.364                                                   53956.364
              4       27077.848      0.51968347       88.912472        88.912472       53977.871                                                   53977.871
              3       27077.415      0.52249699        91.47703         91.47703       53971.876                                                   53971.876
              7       27077.786      0.52766197       96.276545        96.276545       53963.018                                                   53963.018
              8       27077.834      0.52775568       96.364713        96.364713       53962.939                                                   53962.939
             31       27077.563      0.52621032       94.915628        94.915628       53965.294                                                   53965.294
              8       27077.585      0.52103571       90.140657        90.140657       53974.889                                                   53974.889
              1       27077.374      0.52345092       92.354528        92.354528       53970.039                                                   53970.039
              1       27078.372      0.52988408       98.377896        98.377896       53959.988                                                   53959.988
             11           27079      0.51611909       85.714012        85.714012       53986.571                                                   53986.571
              5       27078.223        0.529253       97.778882        97.778882       53960.889                                                   53960.889
              2        27079.18      0.51576652       85.400705        85.400705       53987.559                                                   53987.559
              3       27078.836      0.51651894       86.070001        86.070001       53985.532                                                   53985.532
              7       27077.444      0.52196422       90.988702        90.988702       53972.911                                                   53972.911
              9       27077.578      0.52107203       90.173761        90.173761       53974.808                                                   53974.808
              9       27077.408      0.52324724       92.166834        92.166834       53970.482                                                   53970.482
              9       27077.813      0.52780777       96.413746        96.413746       53962.798                                                   53962.798
              1       27077.476      0.52184585       90.880378        90.880378       53973.192                                                   53973.192
              1       27077.513      0.52597991        94.70048         94.70048       53965.625                                                   53965.625
              6        27077.38      0.52425369       93.096118        93.096118       53968.569                                                   53968.569
              3       27077.403       0.5227426       91.702574        91.702574       53971.401                                                   53971.401
              1        27080.88      0.53506076       103.35838        103.35838       53955.044                                                   53955.044
              8       27077.432      0.52230157       91.297759        91.297759       53972.268                                                   53972.268
              2       27078.833      0.53107803       99.516027        99.516027       53958.635                                                   53958.635
              4       27077.376      0.52354115       92.437741        92.437741       53969.876                                                   53969.876
             11       27077.462      0.52557127        94.31949         94.31949       53966.285                                                   53966.285
              1       27077.362      0.52359817       92.490344        92.490344       53969.743                                                   53969.743
              2       27077.957      0.51921886       88.492359        88.492359       53978.929                                                   53978.929
              1       27077.912      0.51939351       88.650165        88.650165       53978.524                                                   53978.524
             19       27077.841       0.5197723       88.992903        88.992903       53977.696                                                   53977.696
              1       27078.886      0.51641958       85.981474        85.981474       53985.808                                                   53985.808
             17       27078.224      0.52931389       97.836599        97.836599       53960.776                                                   53960.776
              4       27078.557      0.53035048       98.821737        98.821737        53959.47                                                    53959.47
              1       27077.442      0.52537317       94.135065        94.135065       53966.613                                                   53966.613
              1       27077.477       0.5218339       90.869446        90.869446       53973.216                                                   53973.216
              2       27079.247      0.53204641       100.44379        100.44379       53957.607                                                   53957.607
              5       27077.475       0.5218937       90.924158        90.924158       53973.101                                                   53973.101
             26       27077.739      0.52739184       96.022584        96.022584       53963.432                                                   53963.432
              3       27077.949      0.51929619       88.562216        88.562216       53978.774                                                   53978.774
              3       27077.475      0.52187468       90.906749        90.906749       53973.136                                                   53973.136
             10       27077.404      0.52487689       93.673804        93.673804       53967.461                                                   53967.461
              7       27077.588      0.52658092       95.262174        95.262174       53964.651                                                   53964.651
              5       27077.761      0.52026295       89.437794        89.437794       53976.647                                                   53976.647
              8       27077.465      0.52201422       91.034478        91.034478        53972.86                                                    53972.86
              6       27077.403      0.52482896       93.629306        93.629306       53967.548                                                   53967.548
              1       27077.448      0.52544085       94.198059        94.198059         53966.5                                                     53966.5
              1       27077.518      0.52151053       90.573848        90.573848       53973.888                                                   53973.888
              3       27077.398      0.52385625       92.728614        92.728614       53969.339                                                   53969.339
             11       27078.846      0.51649495       86.048626        86.048626       53985.595                                                   53985.595
              3       27079.193      0.51574126       85.378281        85.378281        53987.63                                                    53987.63
              3       27079.039      0.53157246       99.989204        99.989204         53958.1                                                     53958.1
              6       27077.391      0.52460985       93.426056        93.426056       53967.929                                                   53967.929
              6       27077.747      0.52748651        96.11155         96.11155       53963.271                                                   53963.271
             13       27077.382       0.5242433       93.086503        93.086503       53968.591                                                   53968.591
             11       27079.191      0.51563278       85.282006        85.282006       53987.817                                                   53987.817
              2       27077.959       0.5192091       88.483545        88.483545       53978.951                                                   53978.951
              3       27078.298       0.5180088       87.402685        87.402685       53981.792                                                   53981.792
             12       27077.984      0.52850627       97.072375        97.072375       53961.824                                                   53961.824
              1        27077.37      0.52372289       92.605454        92.605454       53969.529                                                   53969.529
              1        27077.39      0.52304735       91.982801        91.982801       53970.814                                                   53970.814
              6       27077.477      0.52574765       94.483852        94.483852       53965.987                                                   53965.987
              3       27082.972      0.53803034       106.26917        106.26917       53953.405                                                   53953.405
              2       27081.639      0.53617606       104.44701        104.44701       53954.383                                                   53954.383
              1       27080.663      0.53470767       103.01489        103.01489       53955.295                                                   53955.295
              5       27079.896      0.53335807       101.70708        101.70708       53956.377                                                   53956.377
              3       27078.224      0.51825231       87.621447        87.621447       53981.204                                                   53981.204
              2       27079.219      0.53198546       100.38528        100.38528       53957.668                                                   53957.668
              4       27077.451      0.52208909       91.103041        91.103041       53972.697                                                   53972.697
              6       27077.405      0.52272577       91.687111        91.687111       53971.435                                                   53971.435
              4       27078.213      0.51832051       87.682767        87.682767        53981.06                                                    53981.06
              2       27078.123      0.52901644       97.554797        97.554797       53961.136                                                   53961.136
              2       27077.381      0.52430362       93.142343        93.142343       53968.477                                                   53968.477
              3       27077.423      0.52499893       93.787133        93.787133       53967.272                                                   53967.272
              1       27077.389      0.52300391       91.942828        91.942828       53970.891                                                   53970.891
              1       27082.321      0.53718089       105.43253        105.43253       53953.778                                                   53953.778
              7       27077.373       0.5241033       92.956979        92.956979       53968.833                                                   53968.833
              3       27079.329      0.51546479       85.133017        85.133017       53988.391                                                   53988.391
              1         27077.4       0.5251501         93.9276          93.9276       53966.944                                                   53966.944
              1       27077.462      0.52204492       91.062587        91.062587       53972.798                                                   53972.798
              6       27077.881      0.51953656       88.779528        88.779528       53978.203                                                   53978.203
             10       27077.813      0.52780736       96.413366        96.413366       53962.799                                                   53962.799
              9        27077.66      0.52058989       89.734844        89.734844        53975.85                                                    53975.85
             10       27077.891      0.52812184        96.70962         96.70962       53962.362                                                   53962.362
              1       27081.634      0.53621233        104.4825         104.4825       53954.304                                                   53954.304
              1        27078.67      0.53065105       99.108283        99.108283       53959.124                                                   53959.124
             15       27077.843      0.51975115       88.973748        88.973748       53977.738                                                   53977.738
              7        27077.37      0.52377176       92.650579        92.650579        53969.44                                                    53969.44
              7       27077.578      0.52645958       95.148646        95.148646       53964.858                                                   53964.858
              1       27078.555      0.53034552       98.817018        98.817018       53959.477                                                   53959.477
              8        27078.11      0.51863787       87.968357        87.968357       53980.283                                                   53980.283
              7       27077.601      0.52093722       90.050933        90.050933         53975.1                                                     53975.1
              4       27077.773      0.52001691       89.214564        89.214564       53977.116                                                   53977.116
              3        27080.32      0.53411377       102.43838        102.43838       53955.764                                                   53955.764
              1       27081.819      0.53643912       104.70458        104.70458       53954.229                                                   53954.229
              2       27077.606      0.52091103       90.027082        90.027082       53975.157                                                   53975.157
              2       27077.542      0.52627224       94.973492        94.973492       53965.136                                                   53965.136
              2       27078.623      0.53045318       98.919606        98.919606       53959.406                                                   53959.406
              3       27077.408      0.52520958       93.982896        93.982896        53966.85                                                    53966.85
              1       27077.462      0.52548468       94.238861        94.238861       53966.447                                                   53966.447
              4       27077.825      0.52771424       96.325725        96.325725       53962.999                                                   53962.999
              1       27077.546      0.52133993       90.418096        90.418096       53974.256                                                   53974.256
              8       27077.381      0.52436647       93.200533        93.200533       53968.361                                                   53968.361
              8       27077.471      0.52569802       94.437592        94.437592       53966.067                                                   53966.067
              1        27077.69      0.52719712       95.839731        95.839731         53963.7                                                     53963.7
              1       27077.907      0.51941694       88.671348        88.671348       53978.471                                                   53978.471
              3       27078.436      0.51759938       87.035475        87.035475         53982.8                                                     53982.8
              1       27078.331      0.52975061       98.251065        98.251065        53960.16                                                    53960.16
              2       27077.457      0.52504523       93.830141        93.830141       53967.253                                                   53967.253
              1       27077.445      0.52194739       90.973291        90.973291       53972.944                                                   53972.944
              2       27077.442      0.52198748       91.009991        91.009991       53972.865                                                   53972.865
              5       27077.375      0.52345055       92.354189        92.354189       53970.041                                                   53970.041
              1       27077.812      0.51997704       89.178414        89.178414       53977.267                                                   53977.267
              4         27077.8      0.51989399       89.103141        89.103141       53977.393                                                   53977.393
              1       27077.488      0.52582998       94.560613        94.560613       53965.855                                                   53965.855
              7       27077.404      0.52411497       92.967767        92.967767       53968.872                                                   53968.872
              1       27077.835      0.51978355       89.003087        89.003087       53977.664                                                   53977.664
              9       27077.516      0.52598765       94.707704        94.707704       53965.617                                                   53965.617
              1         27077.4      0.52515178       93.929156        93.929156       53966.942                                                   53966.942
              2       27077.673      0.52709735       95.746107        95.746107       53963.854                                                   53963.854
              4       27077.887      0.51962774       88.862028        88.862028       53978.051                                                   53978.051
              1       27079.441      0.51519219       84.891518        84.891518       53989.099                                                   53989.099
              2       27077.398      0.52513033       93.909221        93.909221       53966.978                                                   53966.978
              1       27077.471      0.52569223       94.432191        94.432191       53966.077                                                   53966.077
              1       27077.625       0.5207959       89.922261        89.922261       53975.405                                                   53975.405
              3       27078.605      0.53048516       98.950082        98.950082       53959.311                                                   53959.311
              2       27077.355      0.52361951       92.510033        92.510033        53969.69                                                    53969.69
              6        27077.37      0.52379844       92.675213        92.675213        53969.39                                                    53969.39
              3       27077.579      0.52666675       95.342523        95.342523       53964.472                                                   53964.472
              3       27077.483      0.52179878       90.837316        90.837316        53973.29                                                    53973.29
              1       27077.535      0.52138444        90.45872         90.45872       53974.153                                                   53974.153
              1       27077.381      0.52435932       93.193913        93.193913       53968.374                                                   53968.374
              1        27077.52      0.52173453       90.778564        90.778564       53973.482                                                   53973.482
              1       27078.238      0.52935582       97.876358        97.876358       53960.724                                                   53960.724
              5       27077.372      0.52336314       92.273614        92.273614       53970.196                                                   53970.196
              1       27077.516      0.52176763       90.808829        90.808829       53973.415                                                   53973.415
              1       27077.658      0.52694722       95.605296        95.605296       53964.105                                                   53964.105
              7       27077.381      0.52431385       93.151809        93.151809       53968.458                                                   53968.458
              3       27077.863       0.5196087       88.844792        88.844792       53978.036                                                   53978.036
              2       27078.862      0.51645585       86.013786        86.013786       53985.697                                                   53985.697
              2       27078.632      0.53055226       99.014065        99.014065       53959.236                                                   53959.236
              2       27077.567      0.52121059       90.300091        90.300091       53974.534                                                   53974.534
              1       27078.418      0.52994386        98.43473         98.43473       53959.966                                                   53959.966
              1       27078.851      0.53105028       99.489503        99.489503       53958.723                                                   53958.723
              2       27078.794      0.53097327       99.415917        99.415917       53958.757                                                   53958.757
              1       27078.747      0.53075922       99.211505        99.211505       53959.071                                                   53959.071
              2       27077.853      0.52792841       96.527345        96.527345       53962.652                                                   53962.652
              2       27077.705      0.52726099       95.899687        95.899687       53963.611                                                   53963.611
              1       27077.666       0.5204246       89.584602        89.584602       53976.163                                                   53976.163
              4       27077.413      0.52445661       93.284034        93.284034       53968.259                                                   53968.259
              4       27078.617      0.53051117       98.974885        98.974885       53959.284                                                   53959.284
              7       27077.438      0.52221843       91.221549        91.221549       53972.433                                                   53972.433
              3       27077.379      0.52420006       93.046487        93.046487       53968.666                                                   53968.666
              1       27077.494      0.52589617       94.622347        94.622347       53965.743                                                   53965.743
              1       27078.747      0.51674965       86.275726        86.275726       53984.943                                                   53984.943
              3       27077.412      0.52441389       93.244452        93.244452       53968.336                                                   53968.336
              1       27077.454      0.52217221       91.179191        91.179191       53972.549                                                   53972.549
              1        27077.74      0.52739655       96.027016        96.027016       53963.427                                                   53963.427
              1       27077.551      0.52146003       90.527731        90.527731       53974.046                                                   53974.046
              1       27077.547      0.52134258       90.420509        90.420509       53974.252                                                   53974.252
              3       27078.191      0.51844805       87.797484        87.797484       53980.786                                                   53980.786
              3        27078.61      0.51710844       86.596134        86.596134       53984.027                                                   53984.027
              3       27077.811      0.51998035       89.181418        89.181418        53977.26                                                    53977.26
              1       27081.339      0.51180093       81.914801        81.914801       53998.849                                                   53998.849
              4       27082.231      0.51052044        80.80413         80.80413       54002.854                                                   54002.854
              2        27077.65      0.52072063       89.853761        89.853761       53975.593                                                   53975.593
              1       27078.238      0.52935992       97.880245        97.880245       53960.716                                                   53960.716
              1       27077.409      0.52492551       93.718945        93.718945       53967.379                                                   53967.379
              1       27077.581       0.5264806       95.168308        95.168308       53964.826                                                   53964.826
              1       27077.394      0.52469711       93.506971        93.506971       53967.774                                                   53967.774
              1       27077.759      0.52008082       89.272522        89.272522       53976.972                                                   53976.972
              2       27078.476      0.51756896       87.008223        87.008223       53982.936                                                   53982.936
              3       27077.389      0.52302032       91.957925        91.957925       53970.863                                                   53970.863
              2       27077.369      0.52374421       92.625135        92.625135       53969.488                                                   53969.488
              1       27077.602      0.52093557       90.049425        90.049425       53975.105                                                   53975.105
              1       27077.654      0.52680942       95.476149        95.476149       53964.355                                                   53964.355
              1       27077.532      0.52618705       94.893889        94.893889       53965.276                                                   53965.276
              1       27077.548      0.52127796       90.361543        90.361543       53974.373                                                   53974.373
              1       27077.382      0.52407267       92.928649        92.928649       53968.908                                                   53968.908
              2       27077.403      0.52411407       92.966936        92.966936       53968.873                                                   53968.873
              1       27078.123      0.52891855       97.462142        97.462142       53961.322                                                   53961.322
              1       27077.589      0.52100571       90.113327        90.113327       53974.951                                                   53974.951
              2       27079.542      0.51494972       84.676994        84.676994        53989.73                                                    53989.73
              1       27079.452      0.51511923        84.82694         84.82694       53989.249                                                   53989.249
              1       27079.173      0.51572282       85.361913        85.361913       53987.622                                                   53987.622
              4       27078.332      0.52968878       98.192328        98.192328        53960.28                                                    53960.28
              1       27077.513      0.52154711       90.607265        90.607265       53973.811                                                   53973.811
              1       27077.878      0.51954747       88.789397        88.789397       53978.178                                                   53978.178
              1         27077.9      0.51944491       88.696633        88.696633       53978.406                                                   53978.406
              2       27077.563      0.52620865       94.914066        94.914066       53965.298                                                   53965.298
              1        27077.72        0.527346       95.979524        95.979524        53963.48                                                    53963.48
              1       27077.372      0.52403126       92.890352        92.890352       53968.963                                                   53968.963
              4       27077.421      0.52244563         91.4299          91.4299       53971.981                                                   53971.981
              1       27077.392      0.52463757        93.45176         93.45176       53967.881                                                   53967.881
              2       27077.664      0.52703182       95.684628        95.684628       53963.958                                                   53963.958
              2       27077.376      0.52352083       92.418997        92.418997       53969.914                                                   53969.914
              3       27077.379      0.52417918       93.027165        93.027165       53968.703                                                   53968.703
              2         27077.4      0.52381787       92.693161        92.693161       53969.413                                                   53969.413
              1        27078.21      0.52921546       97.743305        97.743305       53960.933                                                   53960.933
              2       27077.451      0.52544985       94.206429        94.206429        53966.49                                                    53966.49
              1       27078.724      0.51680111       86.321642        86.321642       53984.804                                                   53984.804
              2       27077.401      0.52516483       93.941294        93.941294       53966.919                                                   53966.919
              1       27077.465      0.52552649       94.277789        94.277789       53966.375                                                   53966.375
              1       27078.518      0.53015204       98.632777        98.632777        53959.77                                                    53959.77
              1       27078.049      0.52864515       97.203588        97.203588       53961.691                                                   53961.691
              2       27077.589      0.52659879       95.278905        95.278905       53964.621                                                   53964.621
              1       27077.392      0.52462821       93.443077        93.443077       53967.898                                                   53967.898
              1       27077.391      0.52356944        92.46384         92.46384       53969.855                                                   53969.855
              2       27077.398      0.52451342       93.336673        93.336673       53968.122                                                   53968.122
              1       27077.378      0.52327029       92.188061        92.188061       53970.379                                                   53970.379
              1       27077.381      0.52429713       93.136334        93.136334       53968.489                                                   53968.489
              3       27078.207      0.51833725       87.697813        87.697813       53981.019                                                   53981.019
              2       27077.421      0.52295329       91.896269        91.896269       53971.049                                                   53971.049
              1       27077.573      0.52663981       95.317296        95.317296       53964.512                                                   53964.512
              1       27077.786       0.5276591       96.273842        96.273842       53963.024                                                   53963.024
              2       27077.819      0.51980043       89.018375        89.018375       53977.601                                                   53977.601
              5       27077.738      0.52739192       96.022662        96.022662       53963.431                                                   53963.431
              1       27080.501      0.51314302       83.086719        83.086719       53994.828                                                   53994.828
              2       27080.236      0.51361447       83.500299        83.500299       53993.471                                                   53993.471
              1       27077.796      0.51991313       89.120489        89.120489       53977.351                                                   53977.351
              3       27079.097      0.51591478       85.532389        85.532389        53987.13                                                    53987.13
              2       27077.445      0.52262251       91.592258        91.592258       53971.706                                                   53971.706
              1       27078.994       0.5161312       85.724783        85.724783       53986.539                                                   53986.539
              1       27077.411      0.52257481       91.548464        91.548464       53971.726                                                   53971.726
              3       27077.396      0.52311093       92.041316        92.041316        53970.71                                                    53970.71
              5       27077.344      0.52366411       92.551198        92.551198       53969.586                                                   53969.586
              3       27077.435      0.52228113       91.279022        91.279022       53972.312                                                   53972.312
              2       27078.031      0.51902382       88.316284        88.316284       53979.429                                                   53979.429
              1       27077.374      0.52333942       92.251753        92.251753       53970.245                                                   53970.245
              3       27077.638      0.52688462       95.546614        95.546614       53964.182                                                   53964.182
              1       27079.226      0.53193705       100.33881        100.33881       53957.775                                                   53957.775
              1       27078.946      0.53133828       99.764956        99.764956       53958.362                                                   53958.362
              1       27078.748      0.53075561       99.208056        99.208056       53959.079                                                   53959.079
              2       27079.543      0.53266693       101.04047        101.04047       53957.004                                                   53957.004
              1       27078.762      0.51670263       86.233782        86.233782       53985.056                                                   53985.056
              1       27077.401      0.52276095       91.719435        91.719435       53971.364                                                   53971.364
              1       27077.659      0.52682779       95.493356        95.493356       53964.331                                                   53964.331
              1        27077.49      0.52579889        94.53162         94.53162       53965.916                                                   53965.916
              1       27077.772      0.52760661        96.22447         96.22447       53963.096                                                   53963.096
              2       27077.399      0.52455728       93.377316        93.377316       53968.043                                                   53968.043
              2       27077.373      0.52403245       92.891453        92.891453       53968.963                                                   53968.963
              1       27077.575      0.52643845       95.128883        95.128883       53964.892                                                   53964.892
              1       27077.465       0.5255265       94.277796        94.277796       53966.375                                                   53966.375
              1       27077.493      0.52170347        90.75016         90.75016       53973.486                                                   53973.486
              2       27077.383      0.52318283       92.107508        92.107508       53970.551                                                   53970.551
              1       27077.393      0.52466481       93.477015        93.477015       53967.832                                                   53967.832
              3       27077.422      0.52499531       93.783768        93.783768       53967.277                                                   53967.277
              4       27077.611      0.52655533       95.238231        95.238231       53964.745                                                   53964.745
              5       27078.018      0.51889306       88.198329        88.198329       53979.639                                                   53979.639
              1       27079.935      0.51415896       83.979177        83.979177       53991.911                                                   53991.911
              1       27078.311      0.51797069       87.368481        87.368481       53981.885                                                   53981.885
              1       27078.956      0.51621974       85.803551        85.803551       53986.306                                                   53986.306
              1       27078.795      0.51662733       86.166621        86.166621       53985.256                                                   53985.256
              1       27078.506      0.51738779        86.84599         86.84599        53983.32                                                    53983.32
              1       27077.817      0.51981247       89.029282        89.029282       53977.575                                                   53977.575
              2        27077.55      0.52633785       95.034813        95.034813        53965.03                                                    53965.03
              1       27078.758      0.51671676       86.246388        86.246388       53985.023                                                   53985.023
              2       27077.505      0.52168815       90.736154        90.736154       53973.538                                                   53973.538
              1       27077.392      0.52461481       93.430655        93.430655       53967.922                                                   53967.922
              1       27077.894      0.52815442       96.740343        96.740343       53962.307                                                   53962.307
              2       27077.434      0.52266909       91.635044        91.635044       53971.598                                                   53971.598
              1       27077.382       0.5240385       92.897049        92.897049        53968.97                                                    53968.97
              1       27077.584      0.52103701       90.141846        90.141846       53974.884                                                   53974.884
              1       27077.958      0.51933268       88.595191        88.595191       53978.725                                                   53978.725
              1       27079.406      0.51521341       84.910303        84.910303       53988.991                                                   53988.991
              2       27077.848      0.51968336       88.912373        88.912373       53977.871                                                   53977.871
              1       27077.459      0.52231157       91.306927        91.306927       53972.305                                                   53972.305
              1       27077.708      0.52727614       95.913918        95.913918       53963.587                                                   53963.587
              1       27077.446      0.52192585       90.953577        90.953577       53972.986                                                   53972.986
              1       27078.565      0.53037632       98.846359        98.846359       53959.437                                                   53959.437
              6       27077.382      0.52424889       93.091682        93.091682       53968.581                                                   53968.581
              1       27077.362      0.52357288       92.467013        92.467013        53969.79                                                    53969.79
              3       27077.378      0.52353772       92.434578        92.434578       53969.887                                                   53969.887
              1       27078.273      0.52949416       98.007581        98.007581        53960.53                                                    53960.53
              1       27078.442      0.53001895       98.506145        98.506145       53959.871                                                   53959.871
              4       27077.451      0.52545184       94.208284        94.208284       53966.486                                                   53966.486
              2       27077.399      0.52282497       91.778274        91.778274       53971.242                                                   53971.242
              1       27077.493      0.52586148       94.589995        94.589995       53965.807                                                   53965.807
              1       27077.436      0.52223308       91.234972        91.234972       53972.402                                                   53972.402
              2       27077.394      0.52509154       93.873167        93.873167       53967.041                                                   53967.041
              1       27077.584      0.52103979       90.144382        90.144382       53974.879                                                   53974.879
              2        27077.59      0.52675004       95.420523        95.420523       53964.339                                                   53964.339
              3       27077.782      0.52764579       96.261328        96.261328       53963.041                                                   53963.041
              2       27077.381      0.52434049        93.17648         93.17648       53968.408                                                   53968.408
              1        27078.16      0.52913798       97.669901        97.669901       53960.981                                                   53960.981
              1       27077.391       0.5246013       93.418128        93.418128       53967.945                                                   53967.945
              2       27077.393      0.52468656       93.497189        93.497189       53967.792                                                   53967.792
              1       27077.382      0.52439812       93.229851        93.229851       53968.305                                                   53968.305
              2       27077.463      0.52549134       94.245064        94.245064       53966.435                                                   53966.435
              1       27077.693      0.52056196        89.70945         89.70945       53975.968                                                   53975.968
              1       27077.646      0.52085753        89.97836         89.97836       53975.334                                                   53975.334
              2       27077.376      0.52336869       92.278734        92.278734       53970.194                                                   53970.194
              1       27077.411      0.52258179       91.554864        91.554864       53971.712                                                   53971.712
              2       27077.581      0.52105584       90.159004        90.159004       53974.845                                                   53974.845
              1       27077.399      0.52384303       92.716398        92.716398       53969.364                                                   53969.364
              1       27077.747      0.52748556       96.110664        96.110664       53963.272                                                   53963.272
              1       27077.987      0.52851579       97.081371        97.081371       53961.811                                                   53961.811
              2       27077.399      0.52477245       93.576873        93.576873       53967.644                                                   53967.644
              4       27077.605      0.52651271       95.198352        95.198352       53964.812                                                   53964.812
              2       27077.977       0.5284736       97.041523        97.041523       53961.872                                                   53961.872
              5       27077.967      0.51917519       88.452916        88.452916       53979.027                                                   53979.027
              4       27077.385      0.52316986       92.095568        92.095568       53970.579                                                   53970.579
              1       27077.494      0.52562019       94.365062        94.365062       53966.259                                                   53966.259
              2       27077.463      0.52202735       91.046501        91.046501       53972.834                                                   53972.834
              1       27078.035      0.51882521       88.137161        88.137161       53979.795                                                   53979.795
              1       27077.593      0.52099044       90.099413        90.099413       53974.987                                                   53974.987
              1       27078.794      0.51662982       86.168844        86.168844        53985.25                                                    53985.25
              1       27077.705      0.52711885       95.766271        95.766271       53963.877                                                   53963.877
              1       27079.316       0.5154315       85.103507        85.103507       53988.426                                                   53988.426
              3       27079.371       0.5152919       84.979812        84.979812       53988.782                                                   53988.782
              1       27078.522      0.51737013       86.830183        86.830183       53983.384                                                   53983.384
              1       27077.899      0.51944629       88.697887        88.697887       53978.403                                                   53978.403
              2       27077.416      0.52248513       91.466144        91.466144       53971.899                                                   53971.899
              1         27077.4      0.52478418       93.587757        93.587757       53967.625                                                   53967.625
              1       27078.894      0.51640046       85.964446        85.964446       53985.859                                                   53985.859
              3       27078.712      0.51686426       86.378017        86.378017       53984.668                                                   53984.668
              1       27078.523      0.51736827       86.828525        86.828525       53983.389                                                   53983.389
              1       27077.401      0.52517797       93.953508        93.953508       53966.896                                                   53966.896
              2       27077.895       0.5194822       88.730357        88.730357       53978.328                                                   53978.328
              1       27077.479      0.52181732        90.85428         90.85428       53973.249                                                   53973.249
              2       27078.134       0.5289616        97.50288         97.50288       53961.263                                                   53961.263
              1       27077.642      0.52087206       89.991589        89.991589       53975.301                                                   53975.301
              2       27077.385       0.5231669       92.092844        92.092844       53970.584                                                   53970.584
              5       27077.383      0.52318263       92.107328        92.107328       53970.551                                                   53970.551
              2       27077.402       0.5227647       91.722881        91.722881       53971.358                                                   53971.358
