#        weight    minuslogpost         Omega_m   minuslogprior minuslogprior__0            chi2 chi2__functions_and_classes.SO_x_DESI_Likelihood
              1      -16881.931      0.31433208      -2.3025851       -2.3025851      -33759.257                                       -33759.257
              9      -16882.154      0.31469091      -2.3025851       -2.3025851      -33759.702                                       -33759.702
              1      -16880.178      0.31669913      -2.3025851       -2.3025851       -33755.75                                        -33755.75
              8      -16879.881      0.31313327      -2.3025851       -2.3025851      -33755.156                                       -33755.156
              5      -16878.502      0.31265806      -2.3025851       -2.3025851      -33752.399                                       -33752.399
              2      -16881.716      0.31581195      -2.3025851       -2.3025851      -33758.827                                       -33758.827
             10      -16881.917      0.31431579      -2.3025851       -2.3025851      -33759.228                                       -33759.228
             12      -16882.129      0.31529637      -2.3025851       -2.3025851      -33759.652                                       -33759.652
              2      -16882.204      0.31493002      -2.3025851       -2.3025851      -33759.802                                       -33759.802
              6      -16881.968      0.31437563      -2.3025851       -2.3025851       -33759.33                                        -33759.33
             11      -16880.746      0.31643399      -2.3025851       -2.3025851      -33756.887                                       -33756.887
              8      -16878.281      0.31738587      -2.3025851       -2.3025851      -33751.957                                       -33751.957
              3       -16881.77      0.31576384      -2.3025851       -2.3025851      -33758.934                                       -33758.934
             12      -16882.173      0.31517595      -2.3025851       -2.3025851      -33759.742                                       -33759.742
              3       -16881.94      0.31434254      -2.3025851       -2.3025851      -33759.275                                       -33759.275
              3      -16881.808      0.31420386      -2.3025851       -2.3025851      -33759.011                                       -33759.011
              4      -16880.401      0.31660006      -2.3025851       -2.3025851      -33756.197                                       -33756.197
              2      -16879.884      0.31313446      -2.3025851       -2.3025851      -33755.162                                       -33755.162
              5      -16881.635      0.31405392      -2.3025851       -2.3025851      -33758.666                                       -33758.666
              6      -16881.765      0.31416357      -2.3025851       -2.3025851      -33758.924                                       -33758.924
             20       -16882.19      0.31510923      -2.3025851       -2.3025851      -33759.774                                       -33759.774
              6      -16881.924      0.31560519      -2.3025851       -2.3025851      -33759.243                                       -33759.243
             14      -16880.847      0.31638196      -2.3025851       -2.3025851      -33757.089                                       -33757.089
             14      -16882.204      0.31499515      -2.3025851       -2.3025851      -33759.802                                       -33759.802
              4      -16881.891      0.31428751      -2.3025851       -2.3025851      -33759.177                                       -33759.177
              1      -16882.201      0.31502753      -2.3025851       -2.3025851      -33759.798                                       -33759.798
              6      -16881.666      0.31585419      -2.3025851       -2.3025851      -33758.727                                       -33758.727
              9      -16879.863      0.31312639      -2.3025851       -2.3025851      -33755.121                                       -33755.121
             11       -16881.71      0.31411529      -2.3025851       -2.3025851      -33758.815                                       -33758.815
              6      -16881.881      0.31565345      -2.3025851       -2.3025851      -33759.156                                       -33759.156
              2      -16881.479       0.3159985      -2.3025851       -2.3025851      -33758.353                                       -33758.353
              1      -16881.655      0.31406991      -2.3025851       -2.3025851      -33758.705                                       -33758.705
             22      -16882.199      0.31505469      -2.3025851       -2.3025851      -33759.792                                       -33759.792
              1      -16879.892       0.3168183      -2.3025851       -2.3025851       -33755.18                                        -33755.18
             11      -16878.953      0.31716647      -2.3025851       -2.3025851      -33753.302                                       -33753.302
              7      -16880.731      0.31644189      -2.3025851       -2.3025851      -33756.856                                       -33756.856
              8      -16881.954      0.31435926      -2.3025851       -2.3025851      -33759.303                                       -33759.303
             30      -16881.805      0.31573056      -2.3025851       -2.3025851      -33759.004                                       -33759.004
              2      -16881.451       0.3139176      -2.3025851       -2.3025851      -33758.298                                       -33758.298
              4      -16879.978      0.31317163      -2.3025851       -2.3025851      -33755.351                                       -33755.351
              1      -16881.607      0.31403152      -2.3025851       -2.3025851      -33758.609                                       -33758.609
              2      -16882.032      0.31546702      -2.3025851       -2.3025851      -33759.458                                       -33759.458
              1      -16882.203      0.31499765      -2.3025851       -2.3025851      -33759.802                                       -33759.802
              2      -16882.124      0.31461986      -2.3025851       -2.3025851      -33759.642                                       -33759.642
              1      -16882.093      0.31536721      -2.3025851       -2.3025851      -33759.581                                       -33759.581
              2      -16881.324      0.31610428      -2.3025851       -2.3025851      -33758.043                                       -33758.043
              1      -16880.855       0.3163779      -2.3025851       -2.3025851      -33757.104                                       -33757.104
              1      -16882.174      0.31517489      -2.3025851       -2.3025851      -33759.742                                       -33759.742
              1      -16881.673       0.3158486      -2.3025851       -2.3025851      -33758.741                                       -33758.741
              1      -16881.979      0.31553907      -2.3025851       -2.3025851      -33759.353                                       -33759.353
              1      -16882.129      0.31463047      -2.3025851       -2.3025851      -33759.652                                       -33759.652
              7      -16882.203      0.31500623      -2.3025851       -2.3025851      -33759.801                                       -33759.801
              1      -16882.157      0.31469966      -2.3025851       -2.3025851      -33759.709                                       -33759.709
              2      -16882.166       0.3147254      -2.3025851       -2.3025851      -33759.726                                       -33759.726
              2      -16882.089      0.31537373      -2.3025851       -2.3025851      -33759.574                                       -33759.574
              1      -16881.849      0.31424445      -2.3025851       -2.3025851      -33759.094                                       -33759.094
              1       -16881.77      0.31576304      -2.3025851       -2.3025851      -33758.936                                       -33758.936
              1      -16882.014      0.31549257      -2.3025851       -2.3025851      -33759.422                                       -33759.422
              1      -16881.741      0.31578967      -2.3025851       -2.3025851      -33758.877                                       -33758.877
              1      -16882.199      0.31487896      -2.3025851       -2.3025851      -33759.794                                       -33759.794
              1       -16881.45      0.31391644      -2.3025851       -2.3025851      -33758.294                                       -33758.294
              2      -16882.203      0.31492541      -2.3025851       -2.3025851      -33759.802                                       -33759.802
              2      -16882.168      0.31519277      -2.3025851       -2.3025851      -33759.731                                       -33759.731
              1      -16882.204      0.31493166      -2.3025851       -2.3025851      -33759.802                                       -33759.802
              1      -16881.765      0.31416396      -2.3025851       -2.3025851      -33758.925                                       -33758.925
              4      -16882.104      0.31534687      -2.3025851       -2.3025851      -33759.603                                       -33759.603
              1      -16882.175      0.31516957      -2.3025851       -2.3025851      -33759.745                                       -33759.745
              1      -16881.889      0.31428531      -2.3025851       -2.3025851      -33759.172                                       -33759.172
              1      -16882.087      0.31455013      -2.3025851       -2.3025851       -33759.57                                        -33759.57
              1      -16882.157      0.31522698      -2.3025851       -2.3025851      -33759.708                                       -33759.708
              2      -16881.975      0.31554361      -2.3025851       -2.3025851      -33759.345                                       -33759.345
              4       -16881.99       0.3144037      -2.3025851       -2.3025851      -33759.374                                       -33759.374
              1      -16880.962      0.31362203      -2.3025851       -2.3025851      -33757.318                                       -33757.318
              1      -16881.936      0.31433847      -2.3025851       -2.3025851      -33759.268                                       -33759.268
              2      -16882.116      0.31460449      -2.3025851       -2.3025851      -33759.627                                       -33759.627
              1      -16881.951      0.31557412      -2.3025851       -2.3025851      -33759.296                                       -33759.296
              4      -16882.014       0.3154917      -2.3025851       -2.3025851      -33759.423                                       -33759.423
              2      -16882.089      0.31455227      -2.3025851       -2.3025851      -33759.572                                       -33759.572
              2      -16882.176      0.31516705      -2.3025851       -2.3025851      -33759.747                                       -33759.747
              1      -16882.195      0.31507984      -2.3025851       -2.3025851      -33759.785                                       -33759.785
              2      -16880.928      0.31360416      -2.3025851       -2.3025851      -33757.251                                       -33757.251
              1      -16882.159      0.31470621      -2.3025851       -2.3025851      -33759.713                                       -33759.713
              1      -16881.783       0.3141801      -2.3025851       -2.3025851      -33758.961                                       -33758.961
              1        -16882.2      0.31503967      -2.3025851       -2.3025851      -33759.795                                       -33759.795
              1      -16882.175      0.31475539      -2.3025851       -2.3025851      -33759.744                                       -33759.744
              3      -16880.659       0.3134685      -2.3025851       -2.3025851      -33756.713                                       -33756.713
              3       -16881.96      0.31436602      -2.3025851       -2.3025851      -33759.314                                       -33759.314
              1       -16881.43      0.31603274      -2.3025851       -2.3025851      -33758.256                                       -33758.256
              1      -16880.417      0.31659256      -2.3025851       -2.3025851       -33756.23                                        -33756.23
              1      -16881.805      0.31573046      -2.3025851       -2.3025851      -33759.005                                       -33759.005
              1      -16881.813      0.31572228      -2.3025851       -2.3025851      -33759.022                                       -33759.022
              2      -16881.838      0.31569736      -2.3025851       -2.3025851      -33759.072                                       -33759.072
              1      -16882.105      0.31534412      -2.3025851       -2.3025851      -33759.606                                       -33759.606
              1      -16882.173      0.31517743      -2.3025851       -2.3025851      -33759.741                                       -33759.741
              1      -16881.825      0.31421975      -2.3025851       -2.3025851      -33759.044                                       -33759.044
              1      -16881.638      0.31405608      -2.3025851       -2.3025851      -33758.671                                       -33758.671
              1      -16882.073      0.31452492      -2.3025851       -2.3025851       -33759.54                                        -33759.54
              1       -16881.97      0.31555052      -2.3025851       -2.3025851      -33759.334                                       -33759.334
              1      -16881.443      0.31391171      -2.3025851       -2.3025851       -33758.28                                        -33758.28
              1      -16881.901      0.31563131      -2.3025851       -2.3025851      -33759.197                                       -33759.197
              1       -16882.12      0.31531446      -2.3025851       -2.3025851      -33759.635                                       -33759.635
              1      -16881.573      0.31592916      -2.3025851       -2.3025851       -33758.54                                        -33758.54
              4      -16882.204         0.31497      -2.3025851       -2.3025851      -33759.803                                       -33759.803
              2      -16881.324      0.31610448      -2.3025851       -2.3025851      -33758.042                                       -33758.042
              2      -16882.088      0.31537603      -2.3025851       -2.3025851      -33759.571                                       -33759.571
              1       -16882.17      0.31473764      -2.3025851       -2.3025851      -33759.734                                       -33759.734
              1      -16881.983      0.31553424      -2.3025851       -2.3025851       -33759.36                                        -33759.36
              1      -16880.819      0.31639664      -2.3025851       -2.3025851      -33757.033                                       -33757.033
              1      -16882.196      0.31507634      -2.3025851       -2.3025851      -33759.786                                       -33759.786
              1      -16881.552       0.3159445      -2.3025851       -2.3025851        -33758.5                                         -33758.5
              1      -16881.934      0.31559396      -2.3025851       -2.3025851      -33759.263                                       -33759.263
              1        -16881.7      0.31582606      -2.3025851       -2.3025851      -33758.794                                       -33758.794
              1      -16881.415      0.31604307      -2.3025851       -2.3025851      -33758.226                                       -33758.226
              1      -16882.192       0.3150992      -2.3025851       -2.3025851      -33759.778                                       -33759.778
              1        -16881.2      0.31618269      -2.3025851       -2.3025851      -33757.794                                       -33757.794
              2      -16882.111        0.315333      -2.3025851       -2.3025851      -33759.617                                       -33759.617
              1      -16882.202      0.31490686      -2.3025851       -2.3025851      -33759.799                                       -33759.799
              2      -16881.841       0.3156948      -2.3025851       -2.3025851      -33759.077                                       -33759.077
              1      -16882.188      0.31480878      -2.3025851       -2.3025851      -33759.771                                       -33759.771
              6      -16882.042      0.31447668      -2.3025851       -2.3025851      -33759.479                                       -33759.479
              1      -16882.035      0.31546221      -2.3025851       -2.3025851      -33759.465                                       -33759.465
              1      -16881.904      0.31430192      -2.3025851       -2.3025851      -33759.203                                       -33759.203
              2      -16881.605      0.31402996      -2.3025851       -2.3025851      -33758.605                                       -33758.605
              1      -16880.615      0.31344751      -2.3025851       -2.3025851      -33756.625                                       -33756.625
              1      -16882.152      0.31468652      -2.3025851       -2.3025851      -33759.699                                       -33759.699
              2      -16881.944      0.31434698      -2.3025851       -2.3025851      -33759.283                                       -33759.283
              2      -16882.068      0.31451773      -2.3025851       -2.3025851      -33759.532                                       -33759.532
              5      -16882.204      0.31498402      -2.3025851       -2.3025851      -33759.803                                       -33759.803
              2      -16881.602      0.31590591      -2.3025851       -2.3025851        -33758.6                                         -33758.6
              1      -16882.113      0.31532847      -2.3025851       -2.3025851      -33759.622                                       -33759.622
              3      -16882.093      0.31455931      -2.3025851       -2.3025851       -33759.58                                        -33759.58
              1      -16881.999      0.31441609      -2.3025851       -2.3025851      -33759.393                                       -33759.393
              1      -16882.096      0.31536199      -2.3025851       -2.3025851      -33759.587                                       -33759.587
              1      -16882.073       0.3154023      -2.3025851       -2.3025851      -33759.541                                       -33759.541
              1      -16882.175       0.3151709      -2.3025851       -2.3025851      -33759.744                                       -33759.744
              2      -16882.144      0.31526163      -2.3025851       -2.3025851      -33759.682                                       -33759.682
              3      -16882.115      0.31532509      -2.3025851       -2.3025851      -33759.625                                       -33759.625
              1      -16882.091      0.31537058      -2.3025851       -2.3025851      -33759.577                                       -33759.577
              2      -16881.891        0.314288      -2.3025851       -2.3025851      -33759.177                                       -33759.177
              1      -16882.127       0.3146272      -2.3025851       -2.3025851      -33759.649                                       -33759.649
              3      -16881.563      0.31399816      -2.3025851       -2.3025851      -33758.522                                       -33758.522
              1      -16882.135      0.31464569      -2.3025851       -2.3025851      -33759.666                                       -33759.666
              1      -16881.407      0.31388729      -2.3025851       -2.3025851      -33758.209                                       -33758.209
              1      -16881.922      0.31432208      -2.3025851       -2.3025851      -33759.239                                       -33759.239
              1      -16880.481      0.31656324      -2.3025851       -2.3025851      -33756.356                                       -33756.356
              1      -16882.154      0.31469122      -2.3025851       -2.3025851      -33759.702                                       -33759.702
              1      -16882.069      0.31451891      -2.3025851       -2.3025851      -33759.533                                       -33759.533
              2        -16882.2       0.3148863      -2.3025851       -2.3025851      -33759.795                                       -33759.795
              1      -16881.927      0.31432714      -2.3025851       -2.3025851      -33759.248                                       -33759.248
              1      -16881.821      0.31421659      -2.3025851       -2.3025851      -33759.038                                       -33759.038
              1      -16882.186      0.31512896      -2.3025851       -2.3025851      -33759.766                                       -33759.766
              1        -16882.2      0.31488432      -2.3025851       -2.3025851      -33759.795                                       -33759.795
              1      -16882.125      0.31530427      -2.3025851       -2.3025851      -33759.645                                       -33759.645
              4      -16882.201      0.31489684      -2.3025851       -2.3025851      -33759.797                                       -33759.797
              1      -16882.168      0.31473186      -2.3025851       -2.3025851       -33759.73                                        -33759.73
              1      -16882.177      0.31516255      -2.3025851       -2.3025851      -33759.749                                       -33759.749
              2      -16881.915      0.31561597      -2.3025851       -2.3025851      -33759.225                                       -33759.225
              1      -16882.203      0.31492223      -2.3025851       -2.3025851      -33759.801                                       -33759.801
              1      -16881.848       0.3156879      -2.3025851       -2.3025851       -33759.09                                        -33759.09
              1      -16881.943      0.31558372      -2.3025851       -2.3025851       -33759.28                                        -33759.28
              1      -16882.201      0.31489332      -2.3025851       -2.3025851      -33759.797                                       -33759.797
              2      -16881.823      0.31421783      -2.3025851       -2.3025851       -33759.04                                        -33759.04
              1      -16881.946      0.31434915      -2.3025851       -2.3025851      -33759.286                                       -33759.286
              5      -16882.102      0.31535076      -2.3025851       -2.3025851      -33759.599                                       -33759.599
              1      -16882.067      0.31451512      -2.3025851       -2.3025851      -33759.528                                       -33759.528
              1      -16882.203      0.31500086      -2.3025851       -2.3025851      -33759.801                                       -33759.801
              1      -16880.822      0.31354916      -2.3025851       -2.3025851      -33757.039                                       -33757.039
              1      -16881.423      0.31389845      -2.3025851       -2.3025851      -33758.242                                       -33758.242
              2       -16882.09      0.31455517      -2.3025851       -2.3025851      -33759.575                                       -33759.575
              2      -16882.202      0.31502378      -2.3025851       -2.3025851      -33759.798                                       -33759.798
              1      -16882.031      0.31546822      -2.3025851       -2.3025851      -33759.456                                       -33759.456
              1      -16882.097      0.31536078      -2.3025851       -2.3025851      -33759.588                                       -33759.588
              1      -16882.083      0.31454292      -2.3025851       -2.3025851      -33759.561                                       -33759.561
              6      -16881.917      0.31561315      -2.3025851       -2.3025851      -33759.229                                       -33759.229
              1      -16881.659      0.31586058      -2.3025851       -2.3025851      -33758.712                                       -33758.712
              1      -16882.046      0.31544499      -2.3025851       -2.3025851      -33759.487                                       -33759.487
              1      -16881.573       0.3140051      -2.3025851       -2.3025851       -33758.54                                        -33758.54
              1       -16881.38      0.31386968      -2.3025851       -2.3025851      -33758.156                                       -33758.156
              2      -16882.204      0.31494799      -2.3025851       -2.3025851      -33759.803                                       -33759.803
