#        weight    minuslogpost         Omega_m   minuslogprior minuslogprior__0            chi2 chi2__functions_and_classes.SO_x_DESI_Likelihood
              1       -16745.88      0.33003574      -2.3025851       -2.3025851      -33487.156                                       -33487.156
              1      -16780.867      0.32784048      -2.3025851       -2.3025851      -33557.129                                       -33557.129
              1      -16840.433      0.32306594      -2.3025851       -2.3025851      -33676.261                                       -33676.261
              1      -16882.147      0.31525276      -2.3025851       -2.3025851      -33759.689                                       -33759.689
             23      -16882.204      0.31499458      -2.3025851       -2.3025851      -33759.802                                       -33759.802
              2      -16881.375      0.31386598      -2.3025851       -2.3025851      -33758.144                                       -33758.144
              4      -16881.897      0.31563632      -2.3025851       -2.3025851      -33759.188                                       -33759.188
              3      -16881.666      0.31407845      -2.3025851       -2.3025851      -33758.726                                       -33758.726
              4      -16881.577      0.31592601      -2.3025851       -2.3025851      -33758.548                                       -33758.548
             14      -16881.883      0.31565112      -2.3025851       -2.3025851      -33759.161                                       -33759.161
              1      -16882.129      0.31463208      -2.3025851       -2.3025851      -33759.653                                       -33759.653
              8      -16881.991      0.31552301      -2.3025851       -2.3025851      -33759.377                                       -33759.377
              2      -16881.809      0.31420435      -2.3025851       -2.3025851      -33759.012                                       -33759.012
              1      -16882.099      0.31457057      -2.3025851       -2.3025851      -33759.592                                       -33759.592
             13      -16881.837      0.31423171      -2.3025851       -2.3025851      -33759.068                                       -33759.068
              1      -16882.191      0.31510326      -2.3025851       -2.3025851      -33759.777                                       -33759.777
              7      -16881.266      0.31379675      -2.3025851       -2.3025851      -33757.927                                       -33757.927
              3       -16882.16      0.31470877      -2.3025851       -2.3025851      -33759.715                                       -33759.715
              1      -16880.561      0.31652511      -2.3025851       -2.3025851      -33756.517                                       -33756.517
              4      -16881.824      0.31421915      -2.3025851       -2.3025851      -33759.043                                       -33759.043
              2      -16882.138      0.31527512      -2.3025851       -2.3025851      -33759.671                                       -33759.671
             11      -16881.972      0.31438149      -2.3025851       -2.3025851      -33759.339                                       -33759.339
             20      -16881.978      0.31438812      -2.3025851       -2.3025851       -33759.35                                        -33759.35
             13      -16882.176      0.31475889      -2.3025851       -2.3025851      -33759.746                                       -33759.746
              9       -16881.99      0.31552475      -2.3025851       -2.3025851      -33759.375                                       -33759.375
              4      -16881.976      0.31438581      -2.3025851       -2.3025851      -33759.346                                       -33759.346
             29      -16881.497      0.31394986      -2.3025851       -2.3025851      -33758.389                                       -33758.389
              7      -16881.661      0.31585893      -2.3025851       -2.3025851      -33758.716                                       -33758.716
              4       -16878.59      0.31728761      -2.3025851       -2.3025851      -33752.575                                       -33752.575
              1      -16879.259      0.31290496      -2.3025851       -2.3025851      -33753.913                                       -33753.913
              4      -16879.902      0.31681431      -2.3025851       -2.3025851        -33755.2                                         -33755.2
             14      -16882.164      0.31520551      -2.3025851       -2.3025851      -33759.723                                       -33759.723
             13      -16881.755      0.31577751      -2.3025851       -2.3025851      -33758.904                                       -33758.904
              7      -16882.204      0.31497146      -2.3025851       -2.3025851      -33759.803                                       -33759.803
              1      -16881.075      0.31625646      -2.3025851       -2.3025851      -33757.545                                       -33757.545
              1      -16880.607      0.31650292      -2.3025851       -2.3025851      -33756.609                                       -33756.609
              1      -16881.282      0.31380674      -2.3025851       -2.3025851      -33757.959                                       -33757.959
              3      -16881.718      0.31412231      -2.3025851       -2.3025851      -33758.831                                       -33758.831
              2       -16881.73      0.31413289      -2.3025851       -2.3025851      -33758.855                                       -33758.855
             16      -16882.178      0.31515884      -2.3025851       -2.3025851      -33759.751                                       -33759.751
              1      -16881.318      0.31382942      -2.3025851       -2.3025851      -33758.031                                       -33758.031
              2      -16882.075      0.31452875      -2.3025851       -2.3025851      -33759.545                                       -33759.545
              6      -16882.204      0.31497271      -2.3025851       -2.3025851      -33759.803                                       -33759.803
              2      -16882.042      0.31545161      -2.3025851       -2.3025851      -33759.479                                       -33759.479
              1      -16881.987      0.31552904      -2.3025851       -2.3025851      -33759.368                                       -33759.368
              3      -16881.464      0.31600911      -2.3025851       -2.3025851      -33758.323                                       -33758.323
              1      -16882.203      0.31492659      -2.3025851       -2.3025851      -33759.802                                       -33759.802
              5      -16882.023      0.31547895      -2.3025851       -2.3025851      -33759.441                                       -33759.441
              1       -16882.07      0.31451981      -2.3025851       -2.3025851      -33759.534                                       -33759.534
              1      -16882.186      0.31479925      -2.3025851       -2.3025851      -33759.767                                       -33759.767
              3      -16881.865      0.31426011      -2.3025851       -2.3025851      -33759.125                                       -33759.125
              3      -16881.963      0.31436992      -2.3025851       -2.3025851      -33759.321                                       -33759.321
              2      -16882.181      0.31478074      -2.3025851       -2.3025851      -33759.758                                       -33759.758
              1      -16882.165       0.3152042      -2.3025851       -2.3025851      -33759.724                                       -33759.724
              1       -16881.59      0.31401846      -2.3025851       -2.3025851      -33758.575                                       -33758.575
              1      -16882.199      0.31504974      -2.3025851       -2.3025851      -33759.793                                       -33759.793
              1      -16881.982      0.31553518      -2.3025851       -2.3025851      -33759.359                                       -33759.359
              2      -16880.691      0.31646191      -2.3025851       -2.3025851      -33756.776                                       -33756.776
              1      -16881.563      0.31593658      -2.3025851       -2.3025851       -33758.52                                        -33758.52
              1       -16879.67      0.31690637      -2.3025851       -2.3025851      -33754.734                                       -33754.734
              1      -16882.122      0.31461668      -2.3025851       -2.3025851      -33759.639                                       -33759.639
              2      -16880.414      0.31335522      -2.3025851       -2.3025851      -33756.223                                       -33756.223
              1      -16881.066      0.31367941      -2.3025851       -2.3025851      -33757.528                                       -33757.528
              1      -16882.191      0.31482564      -2.3025851       -2.3025851      -33759.777                                       -33759.777
              1      -16882.057       0.3154286      -2.3025851       -2.3025851      -33759.509                                       -33759.509
              5      -16881.918      0.31431706      -2.3025851       -2.3025851       -33759.23                                        -33759.23
              1      -16882.203      0.31492817      -2.3025851       -2.3025851      -33759.802                                       -33759.802
              2      -16882.105       0.3153447      -2.3025851       -2.3025851      -33759.605                                       -33759.605
              2      -16882.009      0.31442977      -2.3025851       -2.3025851      -33759.414                                       -33759.414
              2      -16882.057       0.3144989      -2.3025851       -2.3025851      -33759.508                                       -33759.508
              1      -16882.155      0.31469574      -2.3025851       -2.3025851      -33759.706                                       -33759.706
              1      -16881.863      0.31425863      -2.3025851       -2.3025851      -33759.122                                       -33759.122
              1      -16881.803      0.31419897      -2.3025851       -2.3025851      -33759.001                                       -33759.001
              2      -16881.904      0.31562856      -2.3025851       -2.3025851      -33759.202                                       -33759.202
              1      -16881.857       0.3156782      -2.3025851       -2.3025851      -33759.109                                       -33759.109
              3      -16881.457      0.31601397      -2.3025851       -2.3025851      -33758.309                                       -33758.309
              2      -16881.409      0.31604755      -2.3025851       -2.3025851      -33758.213                                       -33758.213
              1       -16881.78       0.3157544      -2.3025851       -2.3025851      -33758.954                                       -33758.954
              1      -16880.847      0.31638184      -2.3025851       -2.3025851      -33757.089                                       -33757.089
              4      -16879.875      0.31682554      -2.3025851       -2.3025851      -33755.144                                       -33755.144
              1      -16881.741       0.3157894      -2.3025851       -2.3025851      -33758.878                                       -33758.878
              2      -16882.204      0.31497411      -2.3025851       -2.3025851      -33759.803                                       -33759.803
              1      -16882.185      0.31513152      -2.3025851       -2.3025851      -33759.765                                       -33759.765
              1      -16882.173      0.31474854      -2.3025851       -2.3025851       -33759.74                                        -33759.74
              5      -16882.132      0.31463839      -2.3025851       -2.3025851      -33759.659                                       -33759.659
              2      -16882.109      0.31458948      -2.3025851       -2.3025851      -33759.612                                       -33759.612
              6      -16882.146      0.31467001      -2.3025851       -2.3025851      -33759.686                                       -33759.686
              1      -16881.779      0.31417613      -2.3025851       -2.3025851      -33758.952                                       -33758.952
              2       -16882.04      0.31545482      -2.3025851       -2.3025851      -33759.474                                       -33759.474
              2      -16882.151      0.31468507      -2.3025851       -2.3025851      -33759.698                                       -33759.698
              1      -16882.123      0.31530905      -2.3025851       -2.3025851       -33759.64                                        -33759.64
              1      -16882.173      0.31517702      -2.3025851       -2.3025851      -33759.741                                       -33759.741
              1      -16882.164      0.31520533      -2.3025851       -2.3025851      -33759.723                                       -33759.723
              2      -16882.201      0.31489437      -2.3025851       -2.3025851      -33759.797                                       -33759.797
              1      -16882.192      0.31509657      -2.3025851       -2.3025851      -33759.779                                       -33759.779
              4      -16882.094      0.31536606      -2.3025851       -2.3025851      -33759.582                                       -33759.582
              2      -16881.473      0.31600307      -2.3025851       -2.3025851       -33758.34                                        -33758.34
              1      -16881.053      0.31626941      -2.3025851       -2.3025851        -33757.5                                         -33757.5
              1      -16882.132      0.31463805      -2.3025851       -2.3025851      -33759.659                                       -33759.659
              1      -16881.953       0.3155712      -2.3025851       -2.3025851      -33759.301                                       -33759.301
              1      -16882.164      0.31520465      -2.3025851       -2.3025851      -33759.724                                       -33759.724
              1      -16882.165      0.31472241      -2.3025851       -2.3025851      -33759.724                                       -33759.724
              2       -16882.05        0.315439      -2.3025851       -2.3025851      -33759.495                                       -33759.495
              2      -16882.204      0.31497125      -2.3025851       -2.3025851      -33759.803                                       -33759.803
              1      -16878.651      0.31270456      -2.3025851       -2.3025851      -33752.697                                       -33752.697
              2      -16879.699       0.3130636      -2.3025851       -2.3025851      -33754.793                                       -33754.793
              1      -16880.455       0.3133738      -2.3025851       -2.3025851      -33756.305                                       -33756.305
              2      -16879.266      0.31290741      -2.3025851       -2.3025851      -33753.927                                       -33753.927
              1      -16882.198       0.3148646      -2.3025851       -2.3025851       -33759.79                                        -33759.79
              1       -16882.11      0.31459183      -2.3025851       -2.3025851      -33759.614                                       -33759.614
              1      -16881.983      0.31439529      -2.3025851       -2.3025851      -33759.361                                       -33759.361
              2      -16882.193      0.31483269      -2.3025851       -2.3025851       -33759.78                                        -33759.78
              4      -16880.783      0.31352957      -2.3025851       -2.3025851      -33756.961                                       -33756.961
              1      -16880.315      0.31331172      -2.3025851       -2.3025851      -33756.025                                       -33756.025
              1      -16880.356      0.31332969      -2.3025851       -2.3025851      -33756.107                                       -33756.107
              3      -16882.111      0.31459375      -2.3025851       -2.3025851      -33759.616                                       -33759.616
              1      -16882.186      0.31480159      -2.3025851       -2.3025851      -33759.768                                       -33759.768
              2      -16881.992      0.31552144      -2.3025851       -2.3025851       -33759.38                                        -33759.38
              1      -16882.075      0.31452939      -2.3025851       -2.3025851      -33759.546                                       -33759.546
              1       -16882.14      0.31526978      -2.3025851       -2.3025851      -33759.675                                       -33759.675
              1      -16882.171      0.31518336      -2.3025851       -2.3025851      -33759.737                                       -33759.737
              1      -16882.097      0.31536061      -2.3025851       -2.3025851      -33759.588                                       -33759.588
              1      -16881.531      0.31397389      -2.3025851       -2.3025851      -33758.456                                       -33758.456
              1      -16876.036      0.31199664      -2.3025851       -2.3025851      -33747.466                                       -33747.466
              4      -16876.643      0.31214465      -2.3025851       -2.3025851      -33748.681                                       -33748.681
              1      -16880.348      0.31332628      -2.3025851       -2.3025851      -33756.092                                       -33756.092
              3      -16881.159      0.31373242      -2.3025851       -2.3025851      -33757.713                                       -33757.713
              1      -16881.859      0.31567665      -2.3025851       -2.3025851      -33759.112                                       -33759.112
              1      -16881.787      0.31574785      -2.3025851       -2.3025851      -33758.968                                       -33758.968
              2      -16882.178      0.31476912      -2.3025851       -2.3025851      -33759.752                                       -33759.752
              3      -16882.165      0.31520343      -2.3025851       -2.3025851      -33759.725                                       -33759.725
              4      -16882.165      0.31472389      -2.3025851       -2.3025851      -33759.725                                       -33759.725
              2      -16881.675      0.31408594      -2.3025851       -2.3025851      -33758.745                                       -33758.745
              1      -16881.338      0.31384176      -2.3025851       -2.3025851       -33758.07                                        -33758.07
              2      -16881.664      0.31407666      -2.3025851       -2.3025851      -33758.722                                       -33758.722
              1      -16881.954      0.31435866      -2.3025851       -2.3025851      -33759.302                                       -33759.302
              1      -16881.671      0.31408275      -2.3025851       -2.3025851      -33758.737                                       -33758.737
              1      -16882.067      0.31541207      -2.3025851       -2.3025851      -33759.529                                       -33759.529
              1      -16881.232      0.31616295      -2.3025851       -2.3025851      -33757.858                                       -33757.858
              4      -16880.988       0.3163057      -2.3025851       -2.3025851      -33757.371                                       -33757.371
              1      -16880.713      0.31645076      -2.3025851       -2.3025851      -33756.821                                       -33756.821
              1      -16881.272      0.31613767      -2.3025851       -2.3025851      -33757.939                                       -33757.939
              4      -16880.698      0.31645816      -2.3025851       -2.3025851      -33756.791                                       -33756.791
              1       -16878.32      0.31737363      -2.3025851       -2.3025851      -33752.036                                       -33752.036
              1      -16879.461      0.31698565      -2.3025851       -2.3025851      -33754.316                                       -33754.316
              1       -16882.19        0.314818      -2.3025851       -2.3025851      -33759.775                                       -33759.775
              1      -16882.047      0.31544434      -2.3025851       -2.3025851      -33759.488                                       -33759.488
              3          -16882      0.31551175      -2.3025851       -2.3025851      -33759.394                                       -33759.394
              5      -16882.168      0.31519278      -2.3025851       -2.3025851      -33759.731                                       -33759.731
              2      -16881.718      0.31412266      -2.3025851       -2.3025851      -33758.832                                       -33758.832
              1      -16882.123       0.3153094      -2.3025851       -2.3025851       -33759.64                                        -33759.64
              5      -16882.203      0.31500578      -2.3025851       -2.3025851      -33759.801                                       -33759.801
              2      -16882.149      0.31467947      -2.3025851       -2.3025851      -33759.693                                       -33759.693
              1      -16881.978      0.31554078      -2.3025851       -2.3025851       -33759.35                                        -33759.35
              1       -16881.94      0.31434236      -2.3025851       -2.3025851      -33759.274                                       -33759.274
              1      -16882.056      0.31543067      -2.3025851       -2.3025851      -33759.506                                       -33759.506
              2      -16882.021      0.31548167      -2.3025851       -2.3025851      -33759.438                                       -33759.438
              1      -16881.734      0.31413597      -2.3025851       -2.3025851      -33758.862                                       -33758.862
              1      -16882.045      0.31448131      -2.3025851       -2.3025851      -33759.485                                       -33759.485
