# z  nz0 nz1 nz2 nz3 nz4
5.000000000000000104e-03 1.335063241418652743e-05 1.295771632833296906e-05 9.223728781076354508e-06 2.477003369509762050e-05 2.453020531069314852e+07
1.499999999999999944e-02 7.883854959907723873e-04 1.862989734716629232e-04 4.154467645055903371e-05 1.096710668711100770e-04 5.568364812048191577e+07
2.500000000000000139e-02 1.607476819015587815e-03 2.936541388291565220e-04 7.369631279168218404e-05 2.068646115028387796e-04 4.751809597389964759e+07
3.500000000000000333e-02 2.312284755204012561e-03 4.144338930873886777e-04 1.108875636021594736e-04 2.846817038127294583e-04 2.807234626164824888e+07
4.499999999999999833e-02 3.028549093739751376e-03 5.702220794267736466e-04 1.461295458184343372e-04 3.339226429753344391e-04 3.798284708234948665e+07
5.500000000000000028e-02 4.901270712010971989e-03 9.307101381147303305e-04 2.206806952550310181e-04 4.084032639589064897e-04 4.309482728126756102e+07
6.500000000000000222e-02 1.103130129713022177e-02 1.458865777916251759e-03 3.328063616260438866e-04 5.212751060315115592e-04 4.505608125739772618e+07
7.500000000000001110e-02 1.200281150703813408e-02 1.727382000509991317e-03 3.943046580799130976e-04 5.318501475521702961e-04 6.137804150885671377e+07
8.499999999999999223e-02 1.189775418764548245e-02 1.753108133608097859e-03 4.296483513243625906e-04 5.074430177496577548e-04 7.054539182178005576e+07
9.500000000000000111e-02 1.210289177922633554e-02 1.733801389713311410e-03 4.593441016972328139e-04 4.893466078530198582e-04 1.042354264864148200e+08
1.050000000000000100e-01 1.359093731819138555e-02 1.839724413235793721e-03 4.937508341921077997e-04 4.812594577202265159e-04 1.411395344112360179e+08
1.149999999999999911e-01 1.645944292120292071e-02 2.072136782791751154e-03 5.395596970420420352e-04 4.716556277528915217e-04 1.303540776222173870e+08
1.250000000000000000e-01 1.759807716244836395e-02 2.171660804379553587e-03 5.717553367465193041e-04 4.587570857670288538e-04 8.221158897152455151e+07
1.350000000000000089e-01 1.774046064029816475e-02 2.154950809568637483e-03 5.969010561883154441e-04 4.475921046188356418e-04 6.930705728384317458e+07
1.450000000000000178e-01 1.834076105589210748e-02 2.233104984523877866e-03 6.326645862686289257e-04 4.906105998036329159e-04 7.107493522221803665e+07
1.549999999999999989e-01 2.038097548026951075e-02 3.174133527236957207e-03 7.845711217074231858e-04 6.424220810160449161e-04 8.592746439926224947e+07
1.650000000000000078e-01 2.384495975263337120e-02 4.816964403314513699e-03 1.037224353400754409e-03 8.896596455280313120e-04 1.130145824150574952e+08
1.749999999999999889e-01 2.597634070061064296e-02 5.577831052492866065e-03 1.133396620915681774e-03 1.062389388403955871e-03 9.990023125712651014e+07
1.849999999999999978e-01 2.638636203332716396e-02 5.540394148011600073e-03 1.148337206838554456e-03 1.106844148121690317e-03 1.070547515561015010e+08
1.950000000000000067e-01 2.659870869071983071e-02 5.547758617067083051e-03 1.163455452134988391e-03 1.097090944325112682e-03 1.355416542589132786e+08
2.050000000000000155e-01 2.707118271230816997e-02 5.929566242742908937e-03 1.192457708176353562e-03 1.064715815380256518e-03 1.638053686197949052e+08
2.149999999999999967e-01 2.765134353366262981e-02 6.592032108483403957e-03 1.240454833490766415e-03 1.003866096063211815e-03 2.350179400603588820e+08
2.250000000000000056e-01 2.803161205958623961e-02 7.273065272067722083e-03 1.273755414522511481e-03 9.672960444084400091e-04 3.705812933019458652e+08
2.349999999999999867e-01 2.832132036501725306e-02 7.595789388422881892e-03 1.294357880579996177e-03 9.603818201448662516e-04 2.515265413532392085e+08
2.449999999999999956e-01 2.828270396217500912e-02 7.850344127310050074e-03 1.309176649776608824e-03 9.738611534647925424e-04 1.039504148020847738e+08
2.550000000000000044e-01 2.757770123565744455e-02 8.672865653301284686e-03 1.326705549734604698e-03 1.051329676969579938e-03 2.346100001778890491e+08
2.650000000000000133e-01 2.642241132676285270e-02 9.784215040588548767e-03 1.356581173485123552e-03 1.180525250021867770e-03 2.408240935822403431e+08
2.750000000000000222e-01 2.551372319966466531e-02 1.044927597897182987e-02 1.377565866141507557e-03 1.238256963290282255e-03 1.780050024636226892e+08
2.850000000000000311e-01 2.512143558486206948e-02 1.059270991741114408e-02 1.395033319271022764e-03 1.236378151152134645e-03 1.957316799579117000e+08
2.949999999999999845e-01 2.451498342669516592e-02 1.106823388669524698e-02 1.457366188528537269e-03 1.244989366403092060e-03 2.101729229986194968e+08
3.049999999999999933e-01 2.354954669959237468e-02 1.281145248614203383e-02 1.645687032063549360e-03 1.351761399107556183e-03 2.465464518115710020e+08
3.150000000000000022e-01 2.231642797262694405e-02 1.502187404492448704e-02 1.882480537479233823e-03 1.573087426815915216e-03 2.868719839289180040e+08
3.250000000000000111e-01 2.138434014581895581e-02 1.662945057780171668e-02 2.076621461927616232e-03 1.700704752239231340e-03 3.636466996539056897e+08
3.350000000000000200e-01 2.095905329336876857e-02 1.702653780362699612e-02 2.153416892174474066e-03 1.711400182795613572e-03 4.499250686111278534e+08
3.450000000000000289e-01 2.094249701455572557e-02 1.747179731136998954e-02 2.219524252420238854e-03 1.698586640970117453e-03 4.584722353287082911e+08
3.549999999999999822e-01 2.086409277283271524e-02 1.879941723406728521e-02 2.318337129853053832e-03 1.801920388643695175e-03 4.461330271027430296e+08
3.649999999999999911e-01 2.069605101583833762e-02 2.052011210688683973e-02 2.373216318866428962e-03 2.089590209155950482e-03 5.305906911942433119e+08
3.750000000000000000e-01 2.034344803832648790e-02 2.193399596407271876e-02 2.382147064826538492e-03 2.252381376774220678e-03 5.992339036659513712e+08
3.850000000000000089e-01 1.973355689128902107e-02 2.243675976491661325e-02 2.398614919951361051e-03 2.281949848532725117e-03 4.361718047614119053e+08
3.950000000000000178e-01 1.879975251159609825e-02 2.264344080053818167e-02 2.454759339396658281e-03 2.290052206341400883e-03 2.646971761033302546e+08
4.050000000000000266e-01 1.777715026916442537e-02 2.275044507901329005e-02 2.798848818832101563e-03 2.447795365255295199e-03 3.187887700381396413e+08
4.150000000000000355e-01 1.656907752647289803e-02 2.269238211030443972e-02 3.354129216012857306e-03 2.969798876069347764e-03 4.082953222635557652e+08
4.249999999999999889e-01 1.533881256559530351e-02 2.263785137959896041e-02 3.606422334311120640e-03 3.162347621851395712e-03 4.241758105433593988e+08
4.349999999999999978e-01 1.441382293756551455e-02 2.270558145892680874e-02 3.596731438015585754e-03 3.167934513928568827e-03 4.287051237898993492e+08
4.450000000000000067e-01 1.356051973262718119e-02 2.304192917568241225e-02 3.562116755008122582e-03 3.169550206191402205e-03 4.499313616512787938e+08
4.550000000000000155e-01 1.264659907999403712e-02 2.335934791788926018e-02 3.754447631139073462e-03 3.252259102578673820e-03 4.519697148618078828e+08
4.650000000000000244e-01 1.140358734763961129e-02 2.334493320549829720e-02 4.413751882834437978e-03 3.515951305499372126e-03 4.375020448686597347e+08
4.749999999999999778e-01 1.003785423992749511e-02 2.318087444734032512e-02 4.803160809891221690e-03 3.586165133056595788e-03 6.087359591786510944e+08
4.849999999999999867e-01 9.582804490026826730e-03 2.297747642377997654e-02 4.870991749280190707e-03 3.581293304657792633e-03 7.113841322140185833e+08
4.949999999999999956e-01 9.157320512285935937e-03 2.269219100017621366e-02 4.872255651999823738e-03 3.605580692546892386e-03 6.940846812781596184e+08
5.050000000000000044e-01 8.901109431589136756e-03 2.194310851053008632e-02 5.485348513674266450e-03 3.875467755727880076e-03 7.345446694262713194e+08
5.150000000000000133e-01 8.627830129689546823e-03 2.061407637993364558e-02 7.620121815763492013e-03 4.603490380817263153e-03 6.940700949006379843e+08
5.250000000000000222e-01 8.459144524773996865e-03 2.010626805880731324e-02 8.303087489361062751e-03 4.841704119727414241e-03 7.846301506288723946e+08
5.350000000000000311e-01 8.443801687329520467e-03 2.003061115434000977e-02 8.344306964566285470e-03 4.835688182362866440e-03 8.947561400416929722e+08
5.450000000000000400e-01 8.360858841324031801e-03 1.994134112401171194e-02 8.372497649115873478e-03 4.827629086642640059e-03 8.378320705872266293e+08
5.550000000000000488e-01 7.480692475232668046e-03 1.936063173666803874e-02 9.435762110131942076e-03 5.040044255184820791e-03 7.979805842730097771e+08
5.650000000000000577e-01 5.730529617663554683e-03 1.755627471615952770e-02 1.332435209641536639e-02 5.669126636974071605e-03 8.669273340525138378e+08
5.749999999999999556e-01 4.673035608035724063e-03 1.692272655092167191e-02 1.433365597647192832e-02 5.910723548447613385e-03 9.333022713669021130e+08
5.849999999999999645e-01 4.444076031418949836e-03 1.684664301394212318e-02 1.429618469919614367e-02 5.922599243931248210e-03 1.268137686403411150e+09
5.949999999999999734e-01 4.370961910040895536e-03 1.684347484778686219e-02 1.431826805188678511e-02 5.909131228213969182e-03 1.783351019870554924e+09
6.049999999999999822e-01 3.937594096490538639e-03 1.615433478259064790e-02 1.536449294844364696e-02 6.053003735385704964e-03 1.913365327373700619e+09
6.149999999999999911e-01 2.848167162973429430e-03 1.369833257933235696e-02 1.836377753195934937e-02 6.653938479457160472e-03 1.696261289990240097e+09
6.250000000000000000e-01 2.384337466198259512e-03 1.304567095688917780e-02 1.916007411091124463e-02 6.849223549178620751e-03 1.423591689843123436e+09
6.350000000000000089e-01 2.337500183714710279e-03 1.305994017886074471e-02 1.917708195364980703e-02 6.845165846409704755e-03 1.113222615702031374e+09
6.450000000000000178e-01 2.329077554725002622e-03 1.304998184079734537e-02 1.919734359451587616e-02 6.830899595061236916e-03 1.137143926291741371e+09
6.550000000000000266e-01 2.205943281441266265e-03 1.215013109629505678e-02 1.988955188193402765e-02 6.711239621740372648e-03 2.612094786409562111e+09
6.650000000000000355e-01 1.855528732087384372e-03 9.395367091016786076e-03 2.202644980015357190e-02 6.255202209475342959e-03 3.521301510543998718e+09
6.750000000000000444e-01 1.731787793822942966e-03 8.579879680231695949e-03 2.267858320550248177e-02 6.149919081954329826e-03 2.642518354020115376e+09
6.850000000000000533e-01 1.734472440915538378e-03 8.536934885184038410e-03 2.270921613389109694e-02 6.146848739614386124e-03 2.074798827900301695e+09
6.950000000000000622e-01 1.711117084890752911e-03 8.533331110959403026e-03 2.265523884540495206e-02 6.144067543664584290e-03 2.569346254490334511e+09
7.050000000000000711e-01 1.399845808695995408e-03 7.981187870552994973e-03 2.270356683128823064e-02 6.383658009485787543e-03 2.783840469107069492e+09
7.149999999999999689e-01 6.576696333856657962e-04 6.152625511078712445e-03 2.291009185615057800e-02 7.475961802963486218e-03 2.371677001817952156e+09
7.249999999999999778e-01 3.999006492591818075e-04 5.576532217486996658e-03 2.293588795790557633e-02 7.724657846558432087e-03 2.217099393012737751e+09
7.349999999999999867e-01 3.883605255423188394e-04 5.576008974972276877e-03 2.288598429442674845e-02 7.716682962624193780e-03 2.188849671485621452e+09
7.449999999999999956e-01 3.904806322493538525e-04 5.570769606853646916e-03 2.287748829196513747e-02 7.719857879580349636e-03 1.981955701477381706e+09
7.550000000000000044e-01 3.593458694194365190e-04 5.103404339993076848e-03 2.273484384189072491e-02 7.939216994983205877e-03 1.429309361175421238e+09
7.650000000000000133e-01 2.815590710714250774e-04 3.667035893134648183e-03 2.203205388608092674e-02 8.986711861490652778e-03 9.909991124317375422e+08
7.750000000000000222e-01 2.543680457642262180e-04 3.248883010817801235e-03 2.186783478119211019e-02 9.223100015301159346e-03 1.068991648626829147e+09
7.850000000000000311e-01 2.547839372263763853e-04 3.235964389817564107e-03 2.183127750886012033e-02 9.220003959601794780e-03 1.743783902634016275e+09
7.950000000000000400e-01 2.565743162969073127e-04 3.212786425182260954e-03 2.179067483453284854e-02 9.220829165276823308e-03 2.110824801160633087e+09
8.050000000000000488e-01 2.290644535803612191e-04 2.992213076790148536e-03 2.159582511788406961e-02 9.874088896737359330e-03 1.974186639922184944e+09
8.150000000000000577e-01 1.576406177755040265e-04 2.462123817688395815e-03 2.074565976559089586e-02 1.289192664139725622e-02 2.233536830939475060e+09
8.250000000000000666e-01 1.234247235584410435e-04 2.269860548596114563e-03 2.054501815440675297e-02 1.356540186329144998e-02 2.817696367674320221e+09
8.349999999999999645e-01 1.189763963676604891e-04 2.265253905150864475e-03 2.050460622396040392e-02 1.355160034425963861e-02 2.981676006399066448e+09
8.449999999999999734e-01 1.158819553878320764e-04 2.250904137049908067e-03 2.046399314860823659e-02 1.352328091347418382e-02 2.819989320546763420e+09
8.549999999999999822e-01 7.681642121638753893e-05 2.097216620905617990e-03 1.970185484127840586e-02 1.363141139616219633e-02 2.837021533794337273e+09
8.649999999999999911e-01 -2.212694679640471297e-05 1.728724513720411755e-03 1.655183547137750733e-02 1.414996041787588109e-02 2.370196123791207314e+09
8.750000000000000000e-01 -6.586597744450965633e-05 1.573335752455019007e-03 1.590296592709090212e-02 1.427482998881480190e-02 1.478326288278320312e+09
8.850000000000000089e-01 -6.771413635413950946e-05 1.566198970264282963e-03 1.585097906532207529e-02 1.425311939223196725e-02 1.517207488624562979e+09
8.950000000000000178e-01 -6.460317019826926051e-05 1.557386855681482931e-03 1.577652971042280833e-02 1.424186695756529328e-02 2.118357609675363064e+09
9.050000000000000266e-01 -4.597606950892860314e-05 1.482026399886007123e-03 1.547629484019721717e-02 1.518896567256881013e-02 1.755263914308210373e+09
9.150000000000000355e-01 -9.720063883888833888e-06 1.328415437770643194e-03 1.430611870709350836e-02 1.888964165320924232e-02 1.665395684527251244e+09
9.250000000000000444e-01 6.029904117613319691e-06 1.255394830607374284e-03 1.387803702354758160e-02 1.985399183818373214e-02 2.791018200930747986e+09
9.350000000000000533e-01 1.035750804294443040e-05 1.255635771172076455e-03 1.385011794295583701e-02 1.984904304056508972e-02 2.859039819363207817e+09
9.450000000000000622e-01 1.348402117950928094e-05 1.257255282235645970e-03 1.379251022265075982e-02 1.983821610898843166e-02 2.188847321188732624e+09
9.550000000000000711e-01 1.668378931548199280e-05 1.260288624612398295e-03 1.295443385333854350e-02 1.986301562669389245e-02 2.095286119330467463e+09
9.649999999999999689e-01 3.171848518399830095e-05 1.271276575862194088e-03 9.840840591125330980e-03 2.014673216590202529e-02 2.012469867449903488e+09
9.749999999999999778e-01 4.256316536776711328e-05 1.274212840678259039e-03 8.992802401163893164e-03 2.019186147109883547e-02 1.808558324675060034e+09
9.849999999999999867e-01 4.882477488663665985e-05 1.268464882073231477e-03 8.941562144630679082e-03 2.020560434201592107e-02 1.655905607367986202e+09
9.949999999999999956e-01 5.462463343380202422e-05 1.230039672217773678e-03 8.962654110754596920e-03 2.017480311592030964e-02 1.721459105035388708e+09
1.004999999999999893e+00 3.684656626869216712e-05 1.114895246441055575e-03 7.762792755896526058e-03 1.875458346736411444e-02 1.580407248575376987e+09
1.015000000000000124e+00 -1.770850030054867382e-05 9.104711884884585018e-04 4.160743625171635547e-03 1.244703691505522590e-02 1.131690620908462763e+09
1.024999999999999911e+00 -3.669625361351939536e-05 7.670942832726840212e-04 3.251433237663804189e-03 1.103065891567770601e-02 7.408012789738991261e+08
1.035000000000000142e+00 -3.277608378000623367e-05 7.484885088246942455e-04 3.208031631799747579e-03 1.101596999505965492e-02 6.836000680397188663e+08
1.044999999999999929e+00 -2.723187459882693844e-05 7.398065531608021819e-04 3.172154599450919404e-03 1.100765465502148537e-02 7.648101872543753386e+08
1.055000000000000160e+00 -1.701889288684535798e-05 7.149032574746566355e-04 2.838260193469135245e-03 1.076392650093616066e-02 6.434255833220940828e+08
1.064999999999999947e+00 -4.992694410580949264e-08 6.711792166261404662e-04 1.800479688058347289e-03 9.630588596942823987e-03 5.606170176203137636e+08
1.075000000000000178e+00 8.134801768722127013e-06 6.294215593372223892e-04 1.499348403541183932e-03 9.335889490087741216e-03 6.842999495517083406e+08
1.084999999999999964e+00 1.038744088496859269e-05 6.249305601016753213e-04 1.480566138619806606e-03 9.326264855978176269e-03 8.280554947282513380e+08
1.095000000000000195e+00 1.196683315835920521e-05 6.504782494811505974e-04 1.471387179165384350e-03 9.324638509677284429e-03 8.742715564124999046e+08
1.104999999999999982e+00 1.523048569070604229e-05 7.062460403424302433e-04 1.426351310370013075e-03 9.653399988212086821e-03 8.965550524395253658e+08
1.115000000000000213e+00 2.114131384218242925e-05 7.986753247934731421e-04 1.280685985254157713e-03 1.128185223300524724e-02 8.010597608079113960e+08
1.125000000000000000e+00 2.389187232199403951e-05 8.780439479391092704e-04 1.240218553433412125e-03 1.166464742443183537e-02 6.047739917863045931e+08
1.135000000000000231e+00 2.430605976528689403e-05 8.987829293403303737e-04 1.233125667497015840e-03 1.166205196838448685e-02 5.914505251079324484e+08
1.145000000000000018e+00 2.510082176407790760e-05 8.954161422903456373e-04 1.223286791691931708e-03 1.165169852433968825e-02 7.121161530748664141e+08
1.155000000000000027e+00 3.365499259146723733e-05 8.844591737025879951e-04 1.093660068297388566e-03 1.130644709752661077e-02 7.884307324901131392e+08
1.165000000000000036e+00 5.448698844390728320e-05 8.605463957084456220e-04 7.007611432430151544e-04 9.606177982705311688e-03 7.405750815441293716e+08
1.174999999999999822e+00 6.373223330903462743e-05 8.508210792993645783e-04 5.929931686396710134e-04 9.217971759359441797e-03 5.320272230044839978e+08
1.185000000000000053e+00 6.549696040947330141e-05 8.474974994187123387e-04 5.861537954520965087e-04 9.216409330604429309e-03 4.429237514827448130e+08
1.194999999999999840e+00 6.653673855642561284e-05 8.518401800924434294e-04 5.803187539699057379e-04 9.202347418961422457e-03 5.944492904608047009e+08
1.205000000000000071e+00 6.505992580388478264e-05 8.787655158541157101e-04 5.630795978932980972e-04 9.161948969492265601e-03 7.791409837183364630e+08
1.214999999999999858e+00 6.128961877787674514e-05 9.241938853835270388e-04 5.225707960095979506e-04 8.826043334996688805e-03 6.798760527117052078e+08
1.225000000000000089e+00 5.942628192406277933e-05 9.490745049614324235e-04 5.051105258363837881e-04 8.771227330301943279e-03 4.618041677465057969e+08
1.234999999999999876e+00 6.090811174170870039e-05 9.543991673180778849e-04 4.950929033540714874e-04 8.767386828628154216e-03 4.501784328093782663e+08
1.245000000000000107e+00 6.323501742650366748e-05 9.436010624471658946e-04 4.743942631001939192e-04 8.739548168640098175e-03 5.110357070932744741e+08
1.254999999999999893e+00 6.905263613161197460e-05 8.658942502246812266e-04 4.070399711197850005e-04 8.020136807254408043e-03 6.315171172069590092e+08
1.265000000000000124e+00 7.822280134121167329e-05 6.806115008746165419e-04 2.718649410839240840e-04 5.184582817472310409e-03 5.811740436465245485e+08
1.274999999999999911e+00 8.477553862479424878e-05 6.015969063345276424e-04 2.086277879469949708e-04 4.489613326380276909e-03 3.444480616110765934e+08
1.285000000000000142e+00 8.691973531260140183e-05 5.933891730763182987e-04 1.937974117298800090e-04 4.481630929705983542e-03 2.155553542020248175e+08
1.294999999999999929e+00 8.733218102594852755e-05 5.871244408433127669e-04 1.850201223848323172e-04 4.457797825799309464e-03 1.849257194243175089e+08
1.305000000000000160e+00 7.274894983081598451e-05 5.268828193227273948e-04 1.687778972266400169e-04 4.228395299006089229e-03 1.606541525747963190e+08
1.314999999999999947e+00 3.726562659069458265e-05 3.827779549695476107e-04 1.409150321906329194e-04 3.392301669502870588e-03 1.464917417032529414e+08
1.325000000000000178e+00 2.176766639597685276e-05 3.187367291955540559e-04 1.251627728493857309e-04 3.149333536062875766e-03 1.557847172595980167e+08
1.334999999999999964e+00 2.168451583138569053e-05 3.139164369704507303e-04 1.200017084235842856e-04 3.141461803593093884e-03 1.886939753529112041e+08
1.345000000000000195e+00 2.382635887400072586e-05 3.171539649692352997e-04 1.209389297826560456e-04 3.124717723374356021e-03 2.163810505954468250e+08
1.354999999999999982e+00 3.759345602926909960e-05 3.401478024438181068e-04 1.276800046843560091e-04 3.048231049100413610e-03 2.219913271302949190e+08
1.365000000000000213e+00 6.665031964157910871e-05 3.936149685285726392e-04 1.428974832731373938e-04 2.765906223075413010e-03 2.142782782729376256e+08
1.375000000000000000e+00 7.915763611110484513e-05 4.156470709310609922e-04 1.511784668631109909e-04 2.630036217981585132e-03 1.942525357824224234e+08
1.385000000000000231e+00 8.177271261353910310e-05 4.172090280192207695e-04 1.551814559222738422e-04 2.621893024628011576e-03 1.779693994348738194e+08
1.395000000000000018e+00 8.584695518240274142e-05 4.197603553165278611e-04 1.617709121887002171e-04 2.614046944463350054e-03 1.738570705425587296e+08
1.405000000000000027e+00 1.120235355028193283e-04 4.440429884408689373e-04 1.864077690173346000e-04 2.569782914087657185e-03 1.738261163364745975e+08
1.415000000000000036e+00 1.701097336326961988e-04 5.102668485961385589e-04 2.382210938247020986e-04 2.408702375501170067e-03 1.667079453046873808e+08
1.424999999999999822e+00 1.961384151288335690e-04 5.332549853156525691e-04 2.642432671025639682e-04 2.355098160400761597e-03 1.560169697906764448e+08
1.435000000000000053e+00 1.990114878282038264e-04 5.353181171272276351e-04 2.593786554041251189e-04 2.348781067528269307e-03 1.566622452259931862e+08
1.444999999999999840e+00 1.995356067152249144e-04 5.357140983525915476e-04 2.444769009072615337e-04 2.324273503193327681e-03 1.631746426723624468e+08
1.455000000000000071e+00 2.002429911060055591e-04 5.251683517122836568e-04 2.250003614698806327e-04 2.176255743974356283e-03 1.565288454316494465e+08
1.464999999999999858e+00 1.979853457002097737e-04 4.892100695522439693e-04 2.034357170140296584e-04 1.722507741821304112e-03 1.433530762812706828e+08
1.475000000000000089e+00 1.969184072374298954e-04 4.820540682266302268e-04 1.817123233070780202e-04 1.532207276438894402e-03 1.361470866817123592e+08
1.484999999999999876e+00 1.976455396753640855e-04 4.801909595155480926e-04 1.698397050747973188e-04 1.518341213422214455e-03 1.273695828243260831e+08
1.495000000000000107e+00 1.931020257789633641e-04 4.700424814851318178e-04 1.549649449509643757e-04 1.483901194060181479e-03 1.057971530110292137e+08
1.504999999999999893e+00 1.665459892351709500e-04 3.960676975898822362e-04 1.360938060802553055e-04 1.340404645731138383e-03 7.807558451905709505e+07
1.515000000000000124e+00 1.211987977644857250e-04 2.362197957219973495e-04 1.177212307740535600e-04 8.395281040647735926e-04 6.055727536880216002e+07
1.524999999999999911e+00 9.800620795734204399e-05 1.655294377142977030e-04 1.006359943366376733e-04 6.261089611369750245e-04 5.076273166756056249e+07
1.535000000000000142e+00 9.395085831625209086e-05 1.555984922320518681e-04 9.053217852351897247e-05 6.203854090337436065e-04 4.098409615766492486e+07
1.544999999999999929e+00 9.482217398353345297e-05 1.551292609519917571e-04 8.671619046719541578e-05 6.246897688394374227e-04 3.378640094637320191e+07
1.555000000000000160e+00 1.070815786169802434e-04 1.539537149431518756e-04 8.615609003177333001e-05 6.284027666142448683e-04 3.160375050509347767e+07
1.564999999999999947e+00 1.305826933558520259e-04 1.560430522855945246e-04 8.683920001579385794e-05 6.506275176016086854e-04 3.300590290392829850e+07
1.575000000000000178e+00 1.406585095934914762e-04 1.558503567104994566e-04 8.754396586618817550e-05 6.662735091642591444e-04 3.576174967534800619e+07
1.584999999999999964e+00 1.438035622771214749e-04 1.564423703232072299e-04 8.744733751190653006e-05 6.679221285001641154e-04 3.942271193426498771e+07
1.595000000000000195e+00 1.514780900247859137e-04 1.601473658352676479e-04 8.782296200000743217e-05 6.670286908470816466e-04 4.484074380900549144e+07
1.604999999999999982e+00 1.744620858334803627e-04 1.833128385180909632e-04 8.740868059083693015e-05 6.724781869952868845e-04 4.993065585832106322e+07
1.615000000000000213e+00 2.222248735371734553e-04 2.290383837218438079e-04 8.671829869622169290e-05 6.876090866841862463e-04 5.815823813359051943e+07
1.625000000000000000e+00 2.436459979252795366e-04 2.527339789336158042e-04 8.404199139340353222e-05 6.893179280234599995e-04 6.774013313083676994e+07
1.635000000000000231e+00 2.432151151148312634e-04 2.542922960543968561e-04 7.991023184935258173e-05 6.840933014995731216e-04 6.087317317438435555e+07
1.645000000000000018e+00 2.328742654211130871e-04 2.439811084747680887e-04 7.304384052501326340e-05 6.605184058065276167e-04 4.112704721717237681e+07
1.655000000000000249e+00 1.910138488088014802e-04 2.018472400996728440e-04 6.651578319970841168e-05 5.865221249257499946e-04 2.709823920651528612e+07
1.665000000000000036e+00 1.073490466605760157e-04 1.181836915199304869e-04 5.897310150498335943e-05 3.461747433639535457e-04 1.959517723083997518e+07
1.674999999999999822e+00 5.923408783533800438e-05 7.728858735425840631e-05 5.257651574831125881e-05 2.298575284517117298e-04 1.487526579794062488e+07
1.685000000000000053e+00 5.011840834290108153e-05 6.864267346972512151e-05 4.801569747373182599e-05 2.253028593300337589e-04 1.268046824356711656e+07
1.694999999999999840e+00 5.273215843864119710e-05 7.198449059343234096e-05 4.610662926557077121e-05 2.265960667858023085e-04 1.241698774640309811e+07
1.705000000000000071e+00 7.000843547215345223e-05 7.747765795952874239e-05 4.693203549556483151e-05 2.355298550869449638e-04 1.488363740554480813e+07
1.714999999999999858e+00 1.061567057097349983e-04 9.164064595715581713e-05 4.834121787585666911e-05 2.607309717427362780e-04 2.086937316160286963e+07
1.725000000000000089e+00 1.299008558316326536e-04 9.791928490185474821e-05 5.007527636862341841e-05 2.688402631328566574e-04 2.783997740877981111e+07
1.734999999999999876e+00 1.367909547693442029e-04 9.848433557396084554e-05 5.081131699209592801e-05 2.687740625286231199e-04 3.149451177908449247e+07
1.745000000000000107e+00 1.394917353568157466e-04 9.922695346346513791e-05 4.992165961972618872e-05 2.704843026278513614e-04 2.904138525058680773e+07
1.754999999999999893e+00 1.423731196507069588e-04 1.089599954116276072e-04 4.856069593744456346e-05 2.746878643506869117e-04 2.528778917909011245e+07
1.765000000000000124e+00 1.494741799815308715e-04 1.293479142736099789e-04 4.601215836637938993e-05 2.898652956010412478e-04 2.336734828861385584e+07
1.774999999999999911e+00 1.476947407621010452e-04 1.399753565043476364e-04 4.300929683729008706e-05 2.902033152783050902e-04 2.136138464540972188e+07
1.785000000000000142e+00 1.469672420882129650e-04 1.410286230878563950e-04 4.162187426213451603e-05 2.887377084251950901e-04 2.049014077951198816e+07
1.794999999999999929e+00 1.491966603920838583e-04 1.402664116720779661e-04 4.136482910852112268e-05 2.857868233108498386e-04 2.123334170047197863e+07
1.805000000000000160e+00 1.540049317443527451e-04 1.404671768095290898e-04 4.105067652059583876e-05 2.764447807718389306e-04 2.327035106507685781e+07
1.814999999999999947e+00 1.672140591674550357e-04 1.426610906265030824e-04 4.117436322945594210e-05 2.574166199860205878e-04 2.564666194616165012e+07
1.825000000000000178e+00 1.705137204357417017e-04 1.410744083917539113e-04 4.124705924034916449e-05 2.513294047865798574e-04 2.675500518515302241e+07
1.834999999999999964e+00 1.669458596847264774e-04 1.387080959162944119e-04 4.046709863825999885e-05 2.459956206365959816e-04 2.541673242825447023e+07
1.845000000000000195e+00 1.600285994643597639e-04 1.329765416078616499e-04 3.883868532982820947e-05 2.405276574090558866e-04 2.220168510070560127e+07
1.854999999999999982e+00 1.383066393827099853e-04 1.099130801396918148e-04 3.580010197514630688e-05 2.160941631427676412e-04 1.786053805342910811e+07
1.865000000000000213e+00 9.961703953884818005e-05 6.672304274210567659e-05 3.333526019049373528e-05 1.518891345996557980e-04 1.331213743115279078e+07
1.875000000000000000e+00 6.917477247107621204e-05 4.488112448703043817e-05 3.082063748372908008e-05 1.078795745028177024e-04 9.744513236842811108e+06
1.885000000000000231e+00 5.513516700108189484e-05 3.687387956734430319e-05 2.825640003404387981e-05 1.046233696448579671e-04 7.514515459199524485e+06
1.895000000000000018e+00 5.432347922153407964e-05 3.869079167129587852e-05 2.752738086776632364e-05 1.015416764583955471e-04 6.404516530804926530e+06
1.905000000000000249e+00 5.716275905506446888e-05 4.573351619772668430e-05 2.828402250953058819e-05 1.019708552862497430e-04 6.101700329466480762e+06
1.915000000000000036e+00 6.528425050621891146e-05 5.696972392314739631e-05 2.909711672276521797e-05 1.109193688133335378e-04 6.426489176250256598e+06
1.924999999999999822e+00 7.221870025721043159e-05 6.238084461252908178e-05 2.971744559076030425e-05 1.138310917313382117e-04 7.221116183290507644e+06
1.935000000000000053e+00 7.509463524774319832e-05 6.417825264741078555e-05 3.031756243697192600e-05 1.149384639911968397e-04 8.281266512389229611e+06
1.944999999999999840e+00 7.649878782312115083e-05 6.477511731603252838e-05 3.026797052248002558e-05 1.179283608335616248e-04 9.431727219774007797e+06
1.955000000000000071e+00 8.409278068859778676e-05 6.656962258714758647e-05 2.939171969946198336e-05 1.240647560991966906e-04 1.080089311960135400e+07
1.964999999999999858e+00 9.837643111029921450e-05 7.184508898511741178e-05 2.869435697679183930e-05 1.406453131234634162e-04 1.230881011307856441e+07
1.975000000000000089e+00 1.106760838594878985e-04 7.359618621993110888e-05 2.769024830958478840e-05 1.538481614933397460e-04 1.399126805021144450e+07
1.984999999999999876e+00 1.106803128773800956e-04 7.464649213327381977e-05 2.701180439348215787e-05 1.536874983846308544e-04 1.539876573568036593e+07
1.995000000000000107e+00 1.092601319272325737e-04 7.337016294802826380e-05 2.612000092265849566e-05 1.519419785312555642e-04 1.578629555967675149e+07
2.004999999999999893e+00 1.082137490998594698e-04 7.581093702497527880e-05 2.541105518626444746e-05 1.452434416136530676e-04 1.407137890874049440e+07
2.015000000000000124e+00 9.969393228186419797e-05 7.700406406215093923e-05 2.469713109568523194e-05 1.271423616598414078e-04 1.095704423084068485e+07
2.025000000000000355e+00 8.985559707114785296e-05 7.768978135119806517e-05 2.438155531476907876e-05 1.124604600638821227e-04 8.484346841026075184e+06
2.035000000000000142e+00 8.715873003072774469e-05 7.772614949461415098e-05 2.399880148601318426e-05 1.100245412322306798e-04 6.551880674659676850e+06
2.044999999999999929e+00 8.662467950559507763e-05 8.095983341059104959e-05 2.534899059594031645e-05 1.066739515406299948e-04 6.790912938976420090e+06
2.054999999999999716e+00 8.490203789459073946e-05 8.018812836321313742e-05 2.898098421437687855e-05 9.766434209487597840e-05 7.488259611436366104e+06
2.064999999999999947e+00 8.460847703519265215e-05 8.595072275483257450e-05 3.513683503577080564e-05 7.849558894815765778e-05 7.729044595181510784e+06
2.075000000000000178e+00 8.685900465566680564e-05 8.963341210312973845e-05 3.585378051834377461e-05 6.924335823867503999e-05 7.354670434315085411e+06
2.084999999999999964e+00 8.470888201763605483e-05 9.061633697803607955e-05 3.595167401143171818e-05 6.791378324738060756e-05 5.572182966531051323e+06
2.094999999999999751e+00 8.333240661330301290e-05 8.879144373697908394e-05 3.508163995348077683e-05 6.772892845169284630e-05 4.783693331884789281e+06
2.104999999999999982e+00 8.346600847918605255e-05 8.214834210140677334e-05 3.249715760681450526e-05 6.934136458218707097e-05 4.742433586931281723e+06
2.115000000000000213e+00 8.307763653225316684e-05 7.321332795414614493e-05 2.890817211256457891e-05 8.062666303507597706e-05 5.039826633940236643e+06
2.125000000000000000e+00 8.150444827389059354e-05 6.480258658939994500e-05 2.611081110513135522e-05 8.618328922342137423e-05 7.391496612270552665e+06
2.134999999999999787e+00 8.123969338679405303e-05 6.231176430344105945e-05 2.220059176551287441e-05 8.625685147599330559e-05 8.883783921676445752e+06
2.145000000000000018e+00 8.322319031571976647e-05 6.225275632600158295e-05 1.985155883505620962e-05 8.906764571016360780e-05 9.086313925181400031e+06
2.155000000000000249e+00 8.735989462607314808e-05 7.021008718487537447e-05 1.881139301719260892e-05 9.132091711052187023e-05 8.882208979151960462e+06
2.165000000000000036e+00 9.188424708239214720e-05 7.804709635669884466e-05 1.799711350242995232e-05 9.123542030517651667e-05 6.916033008370717056e+06
2.174999999999999822e+00 9.565754590024512906e-05 8.093613555492451615e-05 1.709943318985371872e-05 8.918851134103396891e-05 5.888495306205152534e+06
2.185000000000000053e+00 9.621339699186841040e-05 8.127641145037030139e-05 1.611220795474897907e-05 8.786580525093068688e-05 5.665164311688543297e+06
2.195000000000000284e+00 9.534113917531437422e-05 7.411832346811779416e-05 1.553377725121335065e-05 8.623765514707338632e-05 5.440577160422447138e+06
2.205000000000000071e+00 8.558518709797986485e-05 5.941588166457711337e-05 1.477466411290081575e-05 8.044571725689685408e-05 5.256423753489660099e+06
2.214999999999999858e+00 8.313855822977502972e-05 3.920536861974771039e-05 1.384495410613213689e-05 6.719423091897813336e-05 5.029036512688857503e+06
2.225000000000000089e+00 7.631142877876975479e-05 3.065928455809995560e-05 1.305471529717054207e-05 5.883183224720864827e-05 4.756676899729078636e+06
2.235000000000000320e+00 7.210732825176762448e-05 2.516655412846374905e-05 1.285136472115230302e-05 5.814766968857242312e-05 4.605562549886393361e+06
2.245000000000000107e+00 7.143854246511104164e-05 2.530153555158690047e-05 1.298775939781146388e-05 5.713339425720057979e-05 4.703363913664059713e+06
2.254999999999999893e+00 8.355432305487059462e-05 2.784150459768851307e-05 1.338182170215150422e-05 5.572208139784005324e-05 5.060432304402926937e+06
2.265000000000000124e+00 9.373658894835369367e-05 3.163160147272675674e-05 1.383851452498103557e-05 5.021042617104890573e-05 5.446910521740783006e+06
2.275000000000000355e+00 1.089130265343375855e-04 3.351750740531188365e-05 1.429129370899131264e-05 4.762390153965202186e-05 5.679728285943554714e+06
2.285000000000000142e+00 1.131458541096196205e-04 3.583421294071772811e-05 1.446241340205547550e-05 4.794168300467000664e-05 5.828615441916026175e+06
2.294999999999999929e+00 1.078504126106995465e-04 3.825937140232026253e-05 1.472160007656718900e-05 4.818198961075955463e-05 6.093174590245501138e+06
2.305000000000000160e+00 1.097366144712825798e-04 4.388821289740169762e-05 1.535723015065118072e-05 5.160609051810817303e-05 6.705654465540370904e+06
2.314999999999999947e+00 1.067656179173925179e-04 5.819749355223652044e-05 1.604232808596212846e-05 5.989083145551031486e-05 7.365278310846159235e+06
2.325000000000000178e+00 1.181600385066949372e-04 6.635495317100464474e-05 1.657664437222943523e-05 6.479531562449015872e-05 7.618130604682945646e+06
2.334999999999999964e+00 1.202459049366165521e-04 6.846881916825468166e-05 1.669138091988230668e-05 6.525268849699737467e-05 7.046386106690119021e+06
2.344999999999999751e+00 1.252790021337129699e-04 6.962152296952750898e-05 1.587728076988615869e-05 6.510662512898854153e-05 6.556839289450077340e+06
2.354999999999999982e+00 1.236160436266498766e-04 6.948553588824289565e-05 1.517743211600937049e-05 6.368003267725440297e-05 6.713335575374044478e+06
2.365000000000000213e+00 1.259926817532279367e-04 6.926364042430645869e-05 1.406596335609411059e-05 6.193640296992949045e-05 7.206880774758293293e+06
2.375000000000000000e+00 1.256591283005516581e-04 6.809050138955990950e-05 1.286409550953210770e-05 6.202132131686786921e-05 8.100212085934337229e+06
2.384999999999999787e+00 1.271134244274296852e-04 6.427936827819031836e-05 1.195079793566865270e-05 6.080435933178625249e-05 7.801286564422630705e+06
2.395000000000000018e+00 1.226732065473542350e-04 5.840844933703376806e-05 1.132920585788147442e-05 5.980247170421866185e-05 5.642456632776809856e+06
2.405000000000000249e+00 1.091401942334560354e-04 4.565353532748181773e-05 1.056581931981575965e-05 5.264102168977313935e-05 3.433201716416801792e+06
2.415000000000000036e+00 8.627675809154336918e-05 2.857638204508523660e-05 9.740969237801856126e-06 3.783070120336412632e-05 2.129942403797116131e+06
2.424999999999999822e+00 7.556724929728746100e-05 1.572888786974965149e-05 9.134276914185549185e-06 2.825109687398716905e-05 1.526380480169101153e+06
2.435000000000000053e+00 7.262251623679624117e-05 1.047029668091235715e-05 9.023989858130591909e-06 2.724794425684305365e-05 1.403405584384320071e+06
2.445000000000000284e+00 7.127896635128419414e-05 1.158201448930905158e-05 9.647829747577076556e-06 2.820635363773675360e-05 1.490958794691367541e+06
2.455000000000000071e+00 7.894123226782112147e-05 2.052467616612959299e-05 1.069608504685031195e-05 3.223087236654542393e-05 1.705957152934364742e+06
2.464999999999999858e+00 9.603427359093278217e-05 3.823494286828456041e-05 1.223951071929343583e-05 4.168997509867837671e-05 2.225837604903995059e+06
2.475000000000000089e+00 1.166871506905307079e-04 4.794508182516445132e-05 1.354579699647821837e-05 4.749201978173593354e-05 3.013994300705606118e+06
2.485000000000000320e+00 1.341964595253238262e-04 5.025042464966326743e-05 1.496748476381192274e-05 4.897088602274535273e-05 3.934185275643030182e+06
2.495000000000000107e+00 1.371235320838238409e-04 5.652266508701419477e-05 1.684906020071236975e-05 4.938639475311363820e-05 4.606205378612082452e+06
2.504999999999999893e+00 1.585994390609675594e-04 6.584502593652985113e-05 1.818553647777757272e-05 5.503781704886565935e-05 5.019561523920222186e+06
2.515000000000000124e+00 1.786785511942938606e-04 7.482510815833184859e-05 2.166191464606100252e-05 6.651127751219243934e-05 5.596105119831918739e+06
2.525000000000000355e+00 1.708672759592295097e-04 8.322099201876653643e-05 2.348848211132030349e-05 7.623691836819702060e-05 6.585251595111624338e+06
2.535000000000000142e+00 1.647117003719925001e-04 8.218560729290602651e-05 2.493529435789259115e-05 7.686588596420734255e-05 7.079325068721136078e+06
2.544999999999999929e+00 1.542172483466278262e-04 8.203712353565459348e-05 2.494054356598400735e-05 7.484689774341914906e-05 6.557079535780239850e+06
2.555000000000000160e+00 1.416835954816603519e-04 7.190598408735034239e-05 2.026935931932066442e-05 6.600326780396041572e-05 4.985799907288720831e+06
2.564999999999999947e+00 1.184201726571883049e-04 7.319259621422194082e-05 1.758884533886271320e-05 4.988895035237370828e-05 3.403487742876054253e+06
2.575000000000000178e+00 1.027596365011543240e-04 6.695735496093684004e-05 1.343856687907660586e-05 3.928916697495259835e-05 2.730134671220739372e+06
2.584999999999999964e+00 8.918799251585614850e-05 6.782995450272526238e-05 1.196958341525389919e-05 3.745152849359182316e-05 2.226160672538975254e+06
2.594999999999999751e+00 9.273931693869755721e-05 6.332133022928694848e-05 1.160880338165929827e-05 3.589528582620984910e-05 1.959865772138571832e+06
2.604999999999999982e+00 9.569926929358251626e-05 5.370217542944999417e-05 1.146361109338621921e-05 3.270242265736493737e-05 1.852210520782907726e+06
2.615000000000000213e+00 1.130574928460021398e-04 6.098828101297954819e-05 1.176814846872040754e-05 2.718471840606784566e-05 1.718112896308981115e+06
2.625000000000000000e+00 1.167017535031634350e-04 5.360323200443386805e-05 1.224853969397612967e-05 2.374320465347307192e-05 1.638476144940583967e+06
2.634999999999999787e+00 1.083114426378383566e-04 4.857731892464275014e-05 1.249040006034224418e-05 2.352754262417551209e-05 1.813171798135373043e+06
2.645000000000000018e+00 1.208058014585325894e-04 4.858153150268144048e-05 1.260919478758832045e-05 2.326500521522592400e-05 1.924509941790090175e+06
2.655000000000000249e+00 1.092257847700546573e-04 4.479952876084179530e-05 1.238176381630220506e-05 2.201683809813722673e-05 1.761364445440560579e+06
2.665000000000000036e+00 1.132223885826887664e-04 4.293183039337509409e-05 1.139017312356898065e-05 2.548469388771561206e-05 1.826987091732889647e+06
2.674999999999999822e+00 1.111599427586187412e-04 3.920669217853352869e-05 1.097102351940712887e-05 2.588844171666279936e-05 2.190564800678044558e+06
2.685000000000000053e+00 1.083246292996664016e-04 3.854426035258031049e-05 1.103209174720324263e-05 2.469987106081672959e-05 2.607984068457221147e+06
2.695000000000000284e+00 8.530886603757976126e-05 4.189595237952092714e-05 1.111618938922885297e-05 2.613067360413259870e-05 2.925860696546641178e+06
2.705000000000000071e+00 7.531570980565783320e-05 5.018830283628515697e-05 1.123421869015797395e-05 3.133170747012068314e-05 2.649298255927485414e+06
2.714999999999999858e+00 7.681264977295927004e-05 6.130049472876846286e-05 1.136912781932998236e-05 3.755967835731587371e-05 1.911242908468313282e+06
2.725000000000000089e+00 7.475558696915670883e-05 6.529261524304060687e-05 1.199255974141597929e-05 4.072676345705040287e-05 1.426001949661831371e+06
2.735000000000000320e+00 8.415764499608793955e-05 6.434252383685163724e-05 1.207167846580864382e-05 4.144499855537325393e-05 1.457717775562865660e+06
2.745000000000000107e+00 8.010837619136237594e-05 5.680941353246654130e-05 1.195565044345909319e-05 4.121644953205705900e-05 1.810340393789096968e+06
2.754999999999999893e+00 7.597599313541261604e-05 5.082659239875852422e-05 1.182166226582582711e-05 4.720900275826972903e-05 1.849005142225761432e+06
2.765000000000000124e+00 7.512774505450490873e-05 4.870500114649705683e-05 1.232041841189516030e-05 5.769836869525533826e-05 1.859953939947249601e+06
2.775000000000000355e+00 7.384185558834085756e-05 4.557529458296106871e-05 1.165136428753092586e-05 6.486689083834024105e-05 2.243791193310965784e+06
2.785000000000000142e+00 7.365209354163439138e-05 4.426251354327096144e-05 1.201371931623862447e-05 6.780273936561335610e-05 2.650294031892928295e+06
2.794999999999999929e+00 7.415025015978452937e-05 4.337666691421705403e-05 1.300478994853513757e-05 6.436779925156109548e-05 3.026297747947203461e+06
2.805000000000000160e+00 8.009592743984354920e-05 4.688418126326381210e-05 1.537143617774683335e-05 6.059177903946900523e-05 3.324836338272400200e+06
2.814999999999999947e+00 8.153592626678860965e-05 5.373373672465024095e-05 2.017388295337003691e-05 5.865723836174246449e-05 3.450751919339983258e+06
2.825000000000000178e+00 9.494806932035880606e-05 5.526308124994586769e-05 2.033795355501020601e-05 5.837313922661385154e-05 3.327880001448396593e+06
2.834999999999999964e+00 9.672816027408713308e-05 5.250839765262331948e-05 2.068458293641030791e-05 5.655956811120004945e-05 3.029325765665921383e+06
2.844999999999999751e+00 8.945639820638513491e-05 4.920376926877092669e-05 1.904087114588508414e-05 5.340984291086982896e-05 2.715827426961502992e+06
2.854999999999999982e+00 8.666739254987081218e-05 4.097315897329796108e-05 1.643248469270364103e-05 4.487084848729179536e-05 2.202235780171363614e+06
2.865000000000000213e+00 8.169798841846650042e-05 3.027187291849386852e-05 1.373505500705119039e-05 3.150728721306576445e-05 1.787404219065102981e+06
2.875000000000000000e+00 7.383113795274368887e-05 2.391316243654564223e-05 1.158953961090043590e-05 2.646982199582763979e-05 1.636430686175186187e+06
2.884999999999999787e+00 7.193924490971067925e-05 2.116430291731405129e-05 1.061631580443404049e-05 2.400978299060090761e-05 1.390488470367457485e+06
2.895000000000000018e+00 6.695108682714854230e-05 2.093892068984932623e-05 9.683710557142992924e-06 2.222472611453129090e-05 1.128550843077875907e+06
2.905000000000000249e+00 7.008361129212888117e-05 2.487115229417129203e-05 9.004008950147013751e-06 2.454355188809809649e-05 9.488455764878452756e+05
2.915000000000000036e+00 6.966699950935721793e-05 2.653057725896799436e-05 8.466588790965879886e-06 2.585756813210493595e-05 1.003881665997610427e+06
2.924999999999999822e+00 8.289031764509917593e-05 2.955402292974567606e-05 8.194621512764190127e-06 2.360219701428165065e-05 1.299337819011528278e+06
2.935000000000000053e+00 6.847897007238069064e-05 3.027826679002327084e-05 8.031397808804909550e-06 2.172859531767787756e-05 1.645787738481427310e+06
2.945000000000000284e+00 6.238489627447728813e-05 2.527741955273514604e-05 7.995332899441484942e-06 1.983445726760882833e-05 2.036180006567895878e+06
2.955000000000000071e+00 5.051698711985127459e-05 2.061149273711040752e-05 7.986216965427299643e-06 2.049558701799622650e-05 1.826457018601123244e+06
2.964999999999999858e+00 4.604131611471909261e-05 1.493819187324137393e-05 7.842314394971256028e-06 2.330735515058307797e-05 1.400227146569000557e+06
2.975000000000000089e+00 4.955613365525556209e-05 7.795261396516029278e-06 8.195388071367325106e-06 2.264891354362912165e-05 1.372109472919297637e+06
2.985000000000000320e+00 3.951826926788572914e-05 7.713006883226014834e-06 8.509107228450085299e-06 2.292469373327564496e-05 1.313442676491714083e+06
2.995000000000000107e+00 1.451483739908749444e-03 1.702139778042493579e-03 2.361377621299486475e-04 1.681628779409614438e-03 1.363594196359865367e+06
