#        weight    minuslogpost         Omega_m   minuslogprior minuslogprior__0            chi2 chi2__functions_and_classes.SO_x_DESI_Likelihood_original
              2       28111.169      0.31407469       -2.769256        -2.769256       56227.876                                                 56227.876
              2       28110.706      0.31491339      -2.7699349       -2.7699349       56226.952                                                 56226.952
              1       28110.458      0.31590481       -2.769286        -2.769286       56226.455                                                 56226.455
              1       28110.839      0.31462393      -2.7698278       -2.7698278       56227.217                                                 56227.217
              1        28111.02      0.31429717      -2.7695457       -2.7695457       56227.578                                                 56227.578
              1       28111.139      0.31413116       -2.769337        -2.769337       56227.816                                                 56227.816
              2       28110.448      0.31647622      -2.7681975       -2.7681975       56226.433                                                 56226.433
              1       28111.294      0.31853344      -2.7599528       -2.7599528       56228.108                                                 56228.108
              1       28110.999      0.31810938      -2.7622063       -2.7622063       56227.523                                                 56227.523
              1       28111.006      0.31813409      -2.7620829       -2.7620829       56227.537                                                 56227.537
              2       28110.511      0.31694696      -2.7669084       -2.7669084       56226.556                                                 56226.556
              1       28110.448      0.31585541      -2.7693555       -2.7693555       56226.435                                                 56226.435
              1       28110.433      0.31642853      -2.7683084       -2.7683084       56226.403                                                 56226.403
              1       28110.827      0.31780626      -2.7636408       -2.7636408       56227.181                                                 56227.181
              1       28111.697        0.319043      -2.7568642       -2.7568642       56228.907                                                 56228.907
              1       28111.219      0.31845452      -2.7603939       -2.7603939       56227.958                                                 56227.958
              2        28110.96      0.31801167      -2.7626848       -2.7626848       56227.444                                                 56227.444
              1       28110.479      0.31672912       -2.767549        -2.767549       56226.494                                                 56226.494
              1       28110.438      0.31608726      -2.7689952       -2.7689952       56226.413                                                 56226.413
              3       28110.488      0.31678244      -2.7673993       -2.7673993        56226.51                                                  56226.51
              1        28110.44       0.3159946      -2.7691495       -2.7691495       56226.418                                                 56226.418
              1        28110.46      0.31587529       -2.769328        -2.769328       56226.458                                                 56226.458
              1       28111.948      0.31313266      -2.7671514       -2.7671514       56229.431                                                 56229.431
              1       28112.541      0.31257937      -2.7652534       -2.7652534       56230.613                                                 56230.613
              2        28113.23      0.31203406      -2.7629035       -2.7629035       56231.986                                                 56231.986
              1       28114.292      0.31129339      -2.7589497       -2.7589497       56234.102                                                 56234.102
              1       28114.864      0.31094276      -2.7567719       -2.7567719       56235.243                                                 56235.243
              3       28115.105      0.31080103      -2.7558358       -2.7558358       56235.722                                                 56235.722
              1       28113.264      0.31199779      -2.7627303       -2.7627303       56232.053                                                 56232.053
              1       28110.449      0.31584964      -2.7693634       -2.7693634       56226.438                                                 56226.438
              1       28110.796      0.31472972      -2.7698825       -2.7698825       56227.133                                                 56227.133
              2       28110.793      0.31770661      -2.7640803       -2.7640803       56227.115                                                 56227.115
              1       28110.692      0.31751655      -2.7648745       -2.7648745       56226.913                                                 56226.913
              1       28110.529      0.31543034      -2.7697928       -2.7697928       56226.598                                                 56226.598
              1       28110.733      0.31484135      -2.7699208       -2.7699208       56227.006                                                 56227.006
              1       28110.838      0.31462647      -2.7698293       -2.7698293       56227.215                                                 56227.215
              1       28111.031      0.31427938      -2.7695255       -2.7695255       56227.602                                                 56227.602
              2       28111.563      0.31357173       -2.768309        -2.768309       56228.663                                                 56228.663
              1       28111.137      0.31413392      -2.7693408       -2.7693408       56227.813                                                 56227.813
              1        28110.83      0.31464211      -2.7698385       -2.7698385         56227.2                                                   56227.2
              1       28110.514      0.31552099      -2.7697238       -2.7697238       56226.567                                                 56226.567
              2       28111.035      0.31427296       -2.769518        -2.769518        56227.61                                                  56227.61
              1        28110.73       0.3148482      -2.7699225       -2.7699225           56227                                                     56227
              2       28111.078      0.31822261      -2.7616328       -2.7616328       56227.679                                                 56227.679
              2       28111.138      0.31413243      -2.7693388       -2.7693388       56227.815                                                 56227.815
              1       28111.217      0.31399829      -2.7691382       -2.7691382       56227.972                                                 56227.972
              1       28111.707      0.31338941      -2.7678657       -2.7678657       56228.949                                                 56228.949
              3       28112.534      0.31258582      -2.7652783       -2.7652783       56230.598                                                 56230.598
              1       28111.494       0.3136375      -2.7684558       -2.7684558       56228.524                                                 56228.524
              2       28110.509       0.3155639      -2.7696865       -2.7696865       56226.558                                                 56226.558
              2       28110.923      0.31447793      -2.7697229       -2.7697229       56227.386                                                 56227.386
              2       28110.439      0.31599883      -2.7691428       -2.7691428       56226.417                                                 56226.417
              1       28110.448      0.31647751      -2.7681945       -2.7681945       56226.433                                                 56226.433
              1       28110.496      0.31686347      -2.7671629       -2.7671629       56226.527                                                 56226.527
              1        28110.61      0.31730097      -2.7657054       -2.7657054       56226.752                                                 56226.752
              2       28110.644      0.31735441      -2.7655063       -2.7655063       56226.819                                                 56226.819
              2       28110.695      0.31752448      -2.7648425       -2.7648425        56226.92                                                  56226.92
              3       28110.567      0.31714949      -2.7662447       -2.7662447       56226.666                                                 56226.666
              1       28111.712       0.3190551      -2.7567859       -2.7567859       56228.938                                                 56228.938
              2       28110.849      0.31785445      -2.7634226       -2.7634226       56227.225                                                 56227.225
              1       28110.516      0.31692522      -2.7669757       -2.7669757       56226.567                                                 56226.567
              2       28110.658      0.31505231      -2.7699387       -2.7699387       56226.855                                                 56226.855
              1       28110.824      0.31469723      -2.7698676       -2.7698676       56227.188                                                 56227.188
              1       28110.706      0.31755295      -2.7647269       -2.7647269       56226.942                                                 56226.942
              4       28110.711      0.31756054      -2.7646958       -2.7646958       56226.951                                                 56226.951
              1       28110.609       0.3172933      -2.7657335       -2.7657335       56226.749                                                 56226.749
              1       28111.656      0.31900353      -2.7571183       -2.7571183       56228.826                                                 56228.826
              1       28111.569      0.31890154      -2.7577633       -2.7577633       56228.654                                                 56228.654
              1       28111.509      0.31881925      -2.7582716       -2.7582716       56228.535                                                 56228.535
              1       28110.452      0.31658661      -2.7679271       -2.7679271       56226.441                                                 56226.441
              2       28110.515      0.31692037      -2.7669906       -2.7669906       56226.565                                                 56226.565
              1       28110.471       0.3157048      -2.7695435       -2.7695435       56226.481                                                 56226.481
              1       28110.458      0.31591296      -2.7692741       -2.7692741       56226.454                                                 56226.454
              1       28110.566       0.3153289      -2.7698544       -2.7698544       56226.672                                                 56226.672
              2       28110.861      0.31457765      -2.7697982       -2.7697982       56227.262                                                 56227.262
              1        28110.65      0.31507113      -2.7699369       -2.7699369        56226.84                                                  56226.84
              1       28113.227      0.31203622      -2.7629137       -2.7629137       56231.981                                                 56231.981
              1       28110.936      0.31444705      -2.7696963       -2.7696963       56227.411                                                 56227.411
              2       28110.791      0.31474423      -2.7698886       -2.7698886       56227.123                                                 56227.123
              3       28110.498      0.31689248      -2.7670757       -2.7670757        56226.53                                                  56226.53
              1       28110.687      0.31750328      -2.7649278       -2.7649278       56226.903                                                 56226.903
              4       28110.446      0.31645551      -2.7682461       -2.7682461       56226.428                                                 56226.428
              3       28110.689      0.31495499      -2.7699393       -2.7699393       56226.919                                                 56226.919
              3       28110.779      0.31476682      -2.7698974       -2.7698974       56227.098                                                 56227.098
              1       28110.885      0.31790252      -2.7632012       -2.7632012       56227.296                                                 56227.296
              1       28110.959      0.31803219      -2.7625856       -2.7625856       56227.443                                                 56227.443
              1       28110.517      0.31692966       -2.766962        -2.766962       56226.569                                                 56226.569
              2       28110.933      0.31445105      -2.7696998       -2.7696998       56227.406                                                 56227.406
              3       28110.921       0.3179604      -2.7629297       -2.7629297       56227.369                                                 56227.369
              1        28110.44        0.316002      -2.7691377       -2.7691377       56226.418                                                 56226.418
              1       28111.356      0.31383426      -2.7688538       -2.7688538        56228.25                                                  56228.25
              1       28111.063       0.3142276      -2.7694636       -2.7694636       56227.665                                                 56227.665
              2       28110.861       0.3145768      -2.7697976       -2.7697976       56227.262                                                 56227.262
              1       28110.858      0.31458318      -2.7698019       -2.7698019       56227.256                                                 56227.256
              1       28110.773      0.31766031      -2.7642791       -2.7642791       56227.074                                                 56227.074
              2       28110.524      0.31699309       -2.766763        -2.766763       56226.581                                                 56226.581
              2       28112.588      0.31990237      -2.7507143       -2.7507143       56230.678                                                 56230.678
              2       28111.755      0.31909964      -2.7564953       -2.7564953       56229.022                                                 56229.022
              1       28110.964      0.31805749      -2.7624623       -2.7624623       56227.452                                                 56227.452
              1       28110.756      0.31763347      -2.7643928       -2.7643928       56227.042                                                 56227.042
              1       28110.683      0.31749697       -2.764953        -2.764953       56226.896                                                 56226.896
              1        28110.54      0.31702236       -2.766669        -2.766669       56226.612                                                 56226.612
              2       28110.432      0.31634242      -2.7684992       -2.7684992       56226.401                                                 56226.401
              1       28111.014      0.31430638       -2.769556        -2.769556       56227.568                                                 56227.568
              1       28111.228       0.3139818      -2.7691115       -2.7691115       56227.994                                                 56227.994
              3       28110.495      0.31564387      -2.7696093       -2.7696093        56226.53                                                  56226.53
              3       28111.148      0.31411986      -2.7693212       -2.7693212       56227.834                                                 56227.834
              1       28111.218      0.31399518      -2.7691332       -2.7691332       56227.975                                                 56227.975
              2       28110.432      0.31639514      -2.7683838       -2.7683838         56226.4                                                   56226.4
              1       28111.153      0.31411173      -2.7693097       -2.7693097       56227.845                                                 56227.845
              1       28111.768      0.31910453      -2.7564632       -2.7564632       56229.049                                                 56229.049
              1       28110.585      0.31726336      -2.7658427       -2.7658427       56226.701                                                 56226.701
              1       28110.505      0.31560067      -2.7696523       -2.7696523        56226.55                                                  56226.55
              1        28110.75      0.31480203      -2.7699096       -2.7699096       56227.039                                                 56227.039
              2       28111.004      0.31432213      -2.7695733       -2.7695733       56227.548                                                 56227.548
              2       28110.696      0.31752662      -2.7648339       -2.7648339       56226.921                                                 56226.921
              2       28110.946      0.31441746      -2.7696694       -2.7696694        56227.43                                                  56227.43
              4       28110.559      0.31535313      -2.7698412       -2.7698412       56226.658                                                 56226.658
              2       28111.019      0.31429894      -2.7695477       -2.7695477       56227.576                                                 56227.576
              1       28110.439      0.31601539      -2.7691161       -2.7691161       56226.416                                                 56226.416
              2       28110.826      0.31780548      -2.7636443       -2.7636443        56227.18                                                  56227.18
              1       28110.983      0.31808541      -2.7623251       -2.7623251        56227.49                                                  56227.49
              1       28110.438      0.31623649      -2.7687178       -2.7687178       56226.413                                                 56226.413
              1       28110.678      0.31748451      -2.7650027       -2.7650027       56226.885                                                 56226.885
              1       28110.734      0.31759757       -2.764543        -2.764543       56226.997                                                 56226.997
              2       28110.656      0.31738314      -2.7653974       -2.7653974       56226.843                                                 56226.843
              1       28110.448      0.31647826      -2.7681927       -2.7681927       56226.433                                                 56226.433
              2       28111.129      0.31830839      -2.7611846       -2.7611846       56227.779                                                 56227.779
              1       28111.237      0.31847356      -2.7602884       -2.7602884       56227.994                                                 56227.994
              2       28110.524      0.31547181      -2.7697628       -2.7697628       56226.588                                                 56226.588
              1       28112.431      0.31977091      -2.7517317       -2.7517317       56230.366                                                 56230.366
              2       28114.181      0.32107725      -2.7403945       -2.7403945       56233.843                                                 56233.843
              5       28111.002      0.31812676      -2.7621196       -2.7621196       56227.528                                                 56227.528
              1       28110.999      0.31812245      -2.7621412       -2.7621412       56227.523                                                 56227.523
              1       28110.454        0.315934       -2.769243        -2.769243       56226.447                                                 56226.447
              1       28110.466      0.31671293      -2.7675936       -2.7675936       56226.466                                                 56226.466
              1       28110.455      0.31659767      -2.7678989       -2.7678989       56226.446                                                 56226.446
              2       28110.451      0.31656158      -2.7679901       -2.7679901       56226.438                                                 56226.438
              1       28111.147      0.31835077      -2.7609588       -2.7609588       56227.816                                                 56227.816
              2       28110.447      0.31647253      -2.7682063       -2.7682063       56226.431                                                 56226.431
              1       28110.817      0.31466984      -2.7698537       -2.7698537       56227.173                                                 56227.173
              1       28112.179      0.31291709      -2.7664701       -2.7664701       56229.891                                                 56229.891
              1       28110.736      0.31483454       -2.769919        -2.769919       56227.012                                                 56227.012
              4       28110.958      0.31440455      -2.7696573       -2.7696573       56227.456                                                 56227.456
              3       28110.428      0.31612244       -2.768933        -2.768933       56226.394                                                 56226.394
              1       28110.593       0.3152461      -2.7698925       -2.7698925       56226.726                                                 56226.726
              2        28110.44      0.31621138       -2.768767        -2.768767       56226.417                                                 56226.417
              2       28110.455      0.31592372      -2.7692583       -2.7692583       56226.449                                                 56226.449
              1       28110.607       0.3151916      -2.7699116       -2.7699116       56226.754                                                 56226.754
              2       28110.743      0.31481308       -2.769913        -2.769913       56227.027                                                 56227.027
              2       28111.867      0.31323699      -2.7674543       -2.7674543       56229.269                                                 56229.269
              1       28111.165      0.31407927      -2.7692627       -2.7692627       56227.869                                                 56227.869
              1       28111.409      0.31373908       -2.768669        -2.768669       56228.355                                                 56228.355
              1       28111.858      0.31324624      -2.7674804       -2.7674804       56229.252                                                 56229.252
              1       28111.028       0.3142856      -2.7695326       -2.7695326       56227.595                                                 56227.595
              1       28111.103      0.31418653      -2.7694115       -2.7694115       56227.745                                                 56227.745
              2       28110.454      0.31595131      -2.7692169       -2.7692169       56226.446                                                 56226.446
              2       28111.819      0.31328336      -2.7675834       -2.7675834       56229.174                                                 56229.174
              1       28110.506      0.31558964      -2.7696628       -2.7696628        56226.55                                                  56226.55
              1        28110.83      0.31467634      -2.7698571       -2.7698571       56227.199                                                 56227.199
              1       28111.347      0.31384617      -2.7688759       -2.7688759       56228.231                                                 56228.231
              2       28110.703      0.31491973      -2.7699358       -2.7699358       56226.947                                                 56226.947
              1       28111.828       0.3132747      -2.7675596       -2.7675596       56229.191                                                 56229.191
              1       28110.454      0.31594547      -2.7692258       -2.7692258       56226.447                                                 56226.447
              2       28110.613      0.31514542       -2.769924        -2.769924       56226.767                                                 56226.767
              2       28111.681      0.31341773      -2.7679381       -2.7679381       56228.897                                                 56228.897
              2       28111.102      0.31419605      -2.7694238       -2.7694238       56227.743                                                 56227.743
              1       28110.439      0.31637351      -2.7684317       -2.7684317       56226.415                                                 56226.415
              1       28111.816      0.31916663      -2.7560523       -2.7560523       56229.144                                                 56229.144
              1       28110.497      0.31563494      -2.7696184       -2.7696184       56226.533                                                 56226.533
              1       28110.455      0.31592346      -2.7692587       -2.7692587       56226.449                                                 56226.449
              2       28110.724      0.31758806      -2.7645825       -2.7645825       56226.977                                                 56226.977
              2       28110.578      0.31724746         -2.7659          -2.7659       56226.688                                                 56226.688
              6       28110.432      0.31640313      -2.7683659       -2.7683659         56226.4                                                   56226.4
              1        28110.58       0.3152818      -2.7698774       -2.7698774         56226.7                                                   56226.7
              2       28110.428      0.31612044      -2.7689366       -2.7689366       56226.394                                                 56226.394
              2       28110.486      0.31676768      -2.7674412       -2.7674412       56226.506                                                 56226.506
              2       28110.481      0.31673773      -2.7675252       -2.7675252       56226.496                                                 56226.496
              3       28110.459      0.31588178      -2.7693189       -2.7693189       56226.457                                                 56226.457
              1       28110.458      0.31590868      -2.7692804       -2.7692804       56226.455                                                 56226.455
              3       28110.805      0.31774884       -2.763896        -2.763896       56227.138                                                 56227.138
              1       28110.435       0.3162941      -2.7686012       -2.7686012       56226.406                                                 56226.406
              2       28110.466      0.31672015      -2.7675738       -2.7675738       56226.468                                                 56226.468
              1       28110.448      0.31585429      -2.7693571       -2.7693571       56226.436                                                 56226.436
              2       28110.434      0.31626973      -2.7686511       -2.7686511       56226.405                                                 56226.405
              1       28111.861      0.31324359      -2.7674729       -2.7674729       56229.257                                                 56229.257
              2       28110.692       0.3149682      -2.7699401       -2.7699401       56226.924                                                 56226.924
              1       28110.546      0.31704721      -2.7665881       -2.7665881       56226.626                                                 56226.626
              1       28110.438      0.31597817      -2.7691755       -2.7691755       56226.415                                                 56226.415
              1       28110.596      0.31521314      -2.7699046       -2.7699046       56226.731                                                 56226.731
              2       28110.726      0.31486049      -2.7699254       -2.7699254       56226.992                                                 56226.992
              3       28110.438      0.31623378      -2.7687232       -2.7687232       56226.413                                                 56226.413
              1       28110.629      0.31510052      -2.7699328       -2.7699328       56226.798                                                 56226.798
              2        28111.53      0.31883359      -2.7581838       -2.7581838       56228.577                                                 56228.577
              2       28110.439      0.31618836      -2.7688112       -2.7688112       56226.415                                                 56226.415
              4       28110.491      0.31679359      -2.7673673       -2.7673673       56226.516                                                 56226.516
              2       28112.684      0.31245934      -2.7647769       -2.7647769       56230.898                                                 56230.898
              3       28110.889      0.31453141      -2.7697653       -2.7697653       56227.318                                                 56227.318
              1       28110.462      0.31576539      -2.7694723       -2.7694723       56226.463                                                 56226.463
              1       28110.439      0.31619592      -2.7687967       -2.7687967       56226.415                                                 56226.415
              3       28110.567      0.31532466      -2.7698566       -2.7698566       56226.674                                                 56226.674
              1       28111.793      0.31330666       -2.767647        -2.767647       56229.122                                                 56229.122
              2        28111.33      0.31862614      -2.7594218       -2.7594218       56228.178                                                 56228.178
              1       28111.505      0.31880902       -2.758334        -2.758334       56228.528                                                 56228.528
              1       28110.565      0.31716042       -2.766207        -2.766207       56226.663                                                 56226.663
              1       28110.597      0.31521037      -2.7699055       -2.7699055       56226.734                                                 56226.734
              3       28110.438      0.31602229      -2.7691049       -2.7691049       56226.415                                                 56226.415
              1       28110.728      0.31485355      -2.7699238       -2.7699238       56226.996                                                 56226.996
              2        28111.23      0.31397678      -2.7691033       -2.7691033       56227.999                                                 56227.999
              1       28110.429      0.31611219      -2.7689513       -2.7689513       56226.395                                                 56226.395
              1        28110.87      0.31789621      -2.7632305       -2.7632305       56227.266                                                 56227.266
              1       28110.729      0.31485113      -2.7699232       -2.7699232       56226.998                                                 56226.998
              1       28110.706      0.31491448      -2.7699351       -2.7699351       56226.951                                                 56226.951
              2       28110.749      0.31480363      -2.7699101       -2.7699101       56227.038                                                 56227.038
              1       28110.735      0.31759984      -2.7645336       -2.7645336       56226.999                                                 56226.999
              1       28110.655      0.31737323      -2.7654351       -2.7654351        56226.84                                                  56226.84
              1       28110.785      0.31768937      -2.7641547       -2.7641547       56227.097                                                 56227.097
              1       28110.447      0.31647002      -2.7682122       -2.7682122       56226.431                                                 56226.431
              2        28110.46      0.31665827       -2.767741        -2.767741       56226.455                                                 56226.455
              1       28112.685      0.31997883      -2.7501099       -2.7501099       56230.871                                                 56230.871
              1       28112.496      0.31982766      -2.7512959       -2.7512959       56230.495                                                 56230.495
              3       28110.838      0.31782866      -2.7635398       -2.7635398       56227.202                                                 56227.202
              6       28110.499      0.31562448      -2.7696289       -2.7696289       56226.537                                                 56226.537
              1       28110.899      0.31451027      -2.7697491       -2.7697491       56227.337                                                 56227.337
              3       28111.323      0.31859317      -2.7596122       -2.7596122       56228.166                                                 56228.166
              2         28110.7      0.31493061      -2.7699371       -2.7699371       56226.939                                                 56226.939
              1        28110.72      0.31488516      -2.7699304       -2.7699304        56226.98                                                  56226.98
              1       28110.501      0.31561175      -2.7696415       -2.7696415       56226.542                                                 56226.542
              4       28111.267      0.31849781      -2.7601532       -2.7601532       56228.054                                                 56228.054
              1        28110.53      0.31545009      -2.7697789       -2.7697789       56226.599                                                 56226.599
              1        28110.45       0.3157957      -2.7694344       -2.7694344        56226.44                                                  56226.44
              2       28110.592      0.31525015      -2.7698909       -2.7698909       56226.724                                                 56226.724
              2        28112.07      0.31301244      -2.7667806       -2.7667806       56229.673                                                 56229.673
              1       28111.866      0.31323824      -2.7674579       -2.7674579       56229.267                                                 56229.267
              1       28111.425      0.31372518      -2.7686408       -2.7686408       56228.388                                                 56228.388
              1       28110.475      0.31568541      -2.7695651       -2.7695651       56226.489                                                 56226.489
              3       28110.512      0.31554098      -2.7697068       -2.7697068       56226.564                                                 56226.564
              1       28110.615      0.31514088       -2.769925        -2.769925        56226.77                                                  56226.77
              2       28110.439      0.31596776      -2.7691917       -2.7691917       56226.416                                                 56226.416
              1       28110.439      0.31637204      -2.7684349       -2.7684349       56226.415                                                 56226.415
              1       28110.684      0.31496117      -2.7699397       -2.7699397       56226.907                                                 56226.907
              1       28110.781      0.31768148      -2.7641886       -2.7641886        56227.09                                                  56227.09
              1       28110.542       0.3170306      -2.7666422       -2.7666422       56226.618                                                 56226.618
              2       28110.461      0.31668711      -2.7676639       -2.7676639       56226.458                                                 56226.458
              1       28110.454      0.31651864      -2.7680959       -2.7680959       56226.444                                                 56226.444
              1       28110.538      0.31539229      -2.7698178       -2.7698178       56226.615                                                 56226.615
              1       28110.677      0.31745797      -2.7651076       -2.7651076       56226.883                                                 56226.883
              1       28110.766      0.31764827      -2.7643303       -2.7643303        56227.06                                                  56227.06
              2       28110.474      0.31569228      -2.7695575       -2.7695575       56226.486                                                 56226.486
              1       28112.737      0.31242636       -2.764642        -2.764642       56231.002                                                 56231.002
              3       28110.438      0.31631476       -2.768558        -2.768558       56226.412                                                 56226.412
              1       28110.428      0.31612559      -2.7689274       -2.7689274       56226.394                                                 56226.394
              1       28110.544      0.31703817      -2.7666176       -2.7666176       56226.622                                                 56226.622
              1       28110.529      0.31542895      -2.7697937       -2.7697937       56226.598                                                 56226.598
              5       28110.718      0.31488133      -2.7699297       -2.7699297       56226.975                                                 56226.975
              1       28110.756      0.31478972      -2.7699055       -2.7699055       56227.052                                                 56227.052
              1       28111.597      0.31353283      -2.7682188       -2.7682188        56228.73                                                  56228.73
              4       28110.499      0.31682592      -2.7672737       -2.7672737       56226.532                                                 56226.532
              1       28110.869       0.3178952      -2.7632352       -2.7632352       56227.265                                                 56227.265
              1       28112.389      0.31972283      -2.7520969       -2.7520969       56230.282                                                 56230.282
              1       28112.552      0.31987296      -2.7509444       -2.7509444       56230.606                                                 56230.606
              1       28112.522      0.31984803      -2.7511382       -2.7511382       56230.547                                                 56230.547
              3       28110.493      0.31685083      -2.7672005       -2.7672005        56226.52                                                  56226.52
              4       28110.448      0.31586071      -2.7693483       -2.7693483       56226.434                                                 56226.434
              2       28110.509      0.31689829      -2.7670581       -2.7670581       56226.551                                                 56226.551
              1        28110.48      0.31673201       -2.767541        -2.767541       56226.495                                                 56226.495
              1       28110.467      0.31672153        -2.76757         -2.76757       56226.468                                                 56226.468
              1       28110.493       0.3168506      -2.7672011       -2.7672011        56226.52                                                  56226.52
              2       28110.667      0.31741217      -2.7652861       -2.7652861       56226.865                                                 56226.865
              1        28110.79      0.31770009      -2.7641085       -2.7641085       56227.108                                                 56227.108
              1       28112.161      0.31952525      -2.7535586       -2.7535586        56229.83                                                  56229.83
              5       28112.977      0.32021597      -2.7481758       -2.7481758        56231.45                                                  56231.45
              2       28112.906      0.32016322      -2.7486138       -2.7486138       56231.309                                                 56231.309
              1       28112.035      0.31938128      -2.7545845       -2.7545845        56229.58                                                  56229.58
              2       28112.082      0.31943361      -2.7542154       -2.7542154       56229.672                                                 56229.672
              1       28110.755      0.31763038      -2.7644058       -2.7644058       56227.039                                                 56227.039
              4       28110.524      0.31699482      -2.7667575       -2.7667575       56226.582                                                 56226.582
              3       28110.513      0.31552383      -2.7697214       -2.7697214       56226.566                                                 56226.566
              1       28113.809      0.32082251      -2.7428197       -2.7428197       56233.104                                                 56233.104
              4       28114.603       0.3213345      -2.7378402       -2.7378402       56234.681                                                 56234.681
              2       28115.924      0.31034446      -2.7526017       -2.7526017       56237.352                                                 56237.352
              2       28114.245      0.31132544       -2.759139        -2.759139       56234.008                                                 56234.008
              1       28113.597      0.31176753      -2.7615818       -2.7615818       56232.718                                                 56232.718
              1       28113.246      0.31201085      -2.7627929       -2.7627929       56232.018                                                 56232.018
              2       28111.481      0.31365378      -2.7684911       -2.7684911       56228.498                                                 56228.498
              2       28110.546      0.31704625      -2.7665912       -2.7665912       56226.625                                                 56226.625
              1       28112.285       0.3128069      -2.7660932       -2.7660932       56230.103                                                 56230.103
              1       28116.586      0.30999942      -2.7499363       -2.7499363       56238.671                                                 56238.671
              2       28111.182      0.31405429      -2.7692254       -2.7692254       56227.901                                                 56227.901
              1       28110.677      0.31500614      -2.7699409       -2.7699409       56226.894                                                 56226.894
              1       28110.433      0.31642902      -2.7683072       -2.7683072       56226.403                                                 56226.403
              1       28110.475      0.31568292      -2.7695678       -2.7695678       56226.489                                                 56226.489
              1       28110.428      0.31612593      -2.7689268       -2.7689268       56226.394                                                 56226.394
              1       28110.935      0.31798335      -2.7628206       -2.7628206       56227.397                                                 56227.397
              1       28111.619      0.31895921      -2.7574006       -2.7574006       56228.752                                                 56228.752
              1       28111.495      0.31879678      -2.7584085       -2.7584085       56228.508                                                 56228.508
              1       28111.267      0.31849808      -2.7601516       -2.7601516       56228.054                                                 56228.054
              1       28110.479      0.31672908      -2.7675492       -2.7675492       56226.494                                                 56226.494
              1       28111.127      0.31828782      -2.7612931       -2.7612931       56227.776                                                 56227.776
              1        28110.58      0.31725497       -2.765873        -2.765873       56226.693                                                 56226.693
              2       28110.496      0.31566286      -2.7695894       -2.7695894       56226.531                                                 56226.531
              1        28110.66      0.31738954       -2.765373        -2.765373       56226.851                                                 56226.851
              2       28110.432      0.31641738      -2.7683337       -2.7683337         56226.4                                                   56226.4
              2        28110.48      0.31673238        -2.76754         -2.76754       56226.495                                                 56226.495
              1       28110.743      0.31481387      -2.7699132       -2.7699132       56227.026                                                 56227.026
              3       28110.509      0.31689862      -2.7670571       -2.7670571       56226.551                                                 56226.551
              1       28110.506      0.31558243      -2.7696695       -2.7696695       56226.551                                                 56226.551
              1       28110.439      0.31601067      -2.7691238       -2.7691238       56226.416                                                 56226.416
              2       28110.439      0.31603523      -2.7690836       -2.7690836       56226.416                                                 56226.416
              1       28110.438      0.31601993      -2.7691087       -2.7691087       56226.415                                                 56226.415
              4       28110.591      0.31527416      -2.7698808       -2.7698808       56226.722                                                 56226.722
              1       28110.527      0.31545968      -2.7697719       -2.7697719       56226.594                                                 56226.594
              1       28110.907      0.31793322      -2.7630579       -2.7630579       56227.339                                                 56227.339
              1       28111.028      0.31817186      -2.7618924       -2.7618924       56227.581                                                 56227.581
              1        28110.47      0.31663276      -2.7678082       -2.7678082       56226.475                                                 56226.475
              1       28110.463      0.31575945      -2.7694795       -2.7694795       56226.465                                                 56226.465
              1       28111.103      0.31418604      -2.7694109       -2.7694109       56227.746                                                 56227.746
              2       28111.332      0.31858793      -2.7596423       -2.7596423       56228.183                                                 56228.183
              3       28110.518      0.31697267      -2.7668278       -2.7668278        56226.57                                                  56226.57
              2       28110.899      0.31450932      -2.7697483       -2.7697483       56227.338                                                 56227.338
              1       28110.867       0.3145665      -2.7697906       -2.7697906       56227.274                                                 56227.274
              1       28110.611      0.31515626      -2.7699214       -2.7699214       56226.761                                                 56226.761
              1        28110.51      0.31554979      -2.7696991       -2.7696991        56226.56                                                  56226.56
              1       28110.517      0.31549543      -2.7697446       -2.7697446       56226.573                                                 56226.573
              1       28110.455      0.31592817      -2.7692517       -2.7692517       56226.448                                                 56226.448
              2       28110.591      0.31525323      -2.7698896       -2.7698896       56226.722                                                 56226.722
              1       28111.359      0.31383071      -2.7688471       -2.7688471       56228.256                                                 56228.256
              1       28111.188      0.31404441      -2.7692104       -2.7692104       56227.914                                                 56227.914
              2       28112.864       0.3123092      -2.7641486       -2.7641486       56231.256                                                 56231.256
              1       28113.568      0.31178851        -2.76169         -2.76169        56232.66                                                  56232.66
              1       28110.869      0.31456277       -2.769788        -2.769788       56227.278                                                 56227.278
              1       28110.818      0.31466761      -2.7698525       -2.7698525       56227.175                                                 56227.175
              1       28110.536      0.31539812      -2.7698141       -2.7698141       56226.612                                                 56226.612
              1       28113.106      0.31212778      -2.7633412       -2.7633412       56231.738                                                 56231.738
              2       28110.563      0.31713936      -2.7662794       -2.7662794       56226.659                                                 56226.659
              2       28110.439      0.31607633      -2.7690141       -2.7690141       56226.416                                                 56226.416
              1       28110.499      0.31562536      -2.7696281       -2.7696281       56226.537                                                 56226.537
              1       28110.465      0.31575013      -2.7694908       -2.7694908       56226.469                                                 56226.469
              1       28110.775        0.317665      -2.7642591       -2.7642591       56227.078                                                 56227.078
              2       28110.525      0.31699917      -2.7667436       -2.7667436       56226.584                                                 56226.584
              2       28110.981      0.31808255      -2.7623392       -2.7623392       56227.487                                                 56227.487
              2       28110.829      0.31464539      -2.7698403       -2.7698403       56227.199                                                 56227.199
              1       28110.668      0.31502858      -2.7699403       -2.7699403       56226.877                                                 56226.877
              1       28112.142      0.31295332      -2.7665898       -2.7665898       56229.818                                                 56229.818
              1       28111.244      0.31396007      -2.7690758       -2.7690758       56228.025                                                 56228.025
              1       28111.848      0.31921109      -2.7557543       -2.7557543       56229.208                                                 56229.208
              1       28110.442      0.31578969       -2.769442        -2.769442       56226.423                                                 56226.423
              3       28112.377      0.31971227      -2.7521765       -2.7521765       56230.258                                                 56230.258
              2       28110.803      0.31776093      -2.7638427       -2.7638427       56227.133                                                 56227.133
              2       28110.462      0.31577509      -2.7694603       -2.7694603       56226.463                                                 56226.463
              3       28110.499      0.31564993       -2.769603        -2.769603       56226.537                                                 56226.537
              1       28110.627      0.31510483      -2.7699321       -2.7699321       56226.795                                                 56226.795
              7       28110.429      0.31625762      -2.7686756       -2.7686756       56226.396                                                 56226.396
              3       28110.446      0.31586498      -2.7693424       -2.7693424       56226.431                                                 56226.431
              2       28111.603      0.31894186      -2.7575103       -2.7575103        56228.72                                                  56228.72
              1       28113.606      0.32068612      -2.7440754       -2.7440754         56232.7                                                   56232.7
              1       28112.697      0.31998814      -2.7500357       -2.7500357       56230.894                                                 56230.894
              1       28112.417      0.31974868       -2.751901        -2.751901       56230.338                                                 56230.338
              2       28110.434      0.31626795      -2.7686548       -2.7686548       56226.405                                                 56226.405
              2       28110.471      0.31570722      -2.7695408       -2.7695408       56226.481                                                 56226.481
              2       28110.449      0.31582377       -2.769398        -2.769398       56226.436                                                 56226.436
              3       28110.678      0.31746162      -2.7650933       -2.7650933       56226.886                                                 56226.886
              1       28110.676      0.31745404      -2.7651231       -2.7651231       56226.883                                                 56226.883
              1       28110.567      0.31714968       -2.766244        -2.766244       56226.666                                                 56226.666
              3        28110.83      0.31464518      -2.7698402       -2.7698402       56227.199                                                 56227.199
              1       28110.578      0.31528731      -2.7698749       -2.7698749       56226.697                                                 56226.697
              1       28110.448      0.31586126      -2.7693475       -2.7693475       56226.434                                                 56226.434
              2       28111.339      0.31385378      -2.7688899       -2.7688899       56228.215                                                 56228.215
              1       28110.896       0.3145171      -2.7697544       -2.7697544       56227.331                                                 56227.331
              1       28110.734      0.31483965      -2.7699204       -2.7699204       56227.008                                                 56227.008
              2       28110.449      0.31582158      -2.7694009       -2.7694009       56226.437                                                 56226.437
              1       28110.498       0.3168232      -2.7672817       -2.7672817       56226.531                                                 56226.531
              1       28110.448       0.3158275      -2.7693931       -2.7693931       56226.435                                                 56226.435
              1       28110.435      0.31628653      -2.7686168       -2.7686168       56226.407                                                 56226.407
              2       28110.677      0.31748305      -2.7650085       -2.7650085       56226.884                                                 56226.884
              3       28110.444       0.3161395      -2.7689022       -2.7689022       56226.426                                                 56226.426
              1       28110.432      0.31639698      -2.7683797       -2.7683797       56226.401                                                 56226.401
              1       28110.445      0.31645093      -2.7682568       -2.7682568       56226.427                                                 56226.427
              1       28110.659      0.31504749      -2.7699391       -2.7699391       56226.859                                                 56226.859
              1       28111.382      0.31377254      -2.7687356       -2.7687356       56228.302                                                 56228.302
              1       28110.531      0.31542046      -2.7697995       -2.7697995       56226.602                                                 56226.602
              3       28110.473      0.31571191      -2.7695355       -2.7695355       56226.486                                                 56226.486
              1       28111.175      0.31406705      -2.7692446       -2.7692446       56227.889                                                 56227.889
              1       28110.551      0.31706984      -2.7665135       -2.7665135       56226.636                                                 56226.636
              1       28110.474      0.31568822       -2.769562        -2.769562       56226.488                                                 56226.488
              1       28110.532      0.31543714      -2.7697881       -2.7697881       56226.603                                                 56226.603
              1       28111.137      0.31413425      -2.7693413       -2.7693413       56227.812                                                 56227.812
              3       28110.471      0.31664158      -2.7677851       -2.7677851       56226.478                                                 56226.478
              1       28110.681      0.31749316      -2.7649683       -2.7649683       56226.893                                                 56226.893
              1        28111.79      0.31912666      -2.7563175       -2.7563175       56229.092                                                 56229.092
              1       28111.964      0.31932786      -2.7549566       -2.7549566       56229.439                                                 56229.439
              2        28113.15      0.32034741      -2.7470651       -2.7470651       56231.794                                                 56231.794
              2       28112.545      0.31986678      -2.7509925       -2.7509925       56230.591                                                 56230.591
              1       28111.129      0.31830957      -2.7611783       -2.7611783       56227.781                                                 56227.781
              1       28110.437      0.31604564      -2.7690662       -2.7690662       56226.413                                                 56226.413
              1       28110.528      0.31545561      -2.7697749       -2.7697749       56226.596                                                 56226.596
              1       28110.943      0.31443427      -2.7696849       -2.7696849       56227.426                                                 56227.426
              1       28111.654      0.31345252      -2.7680252       -2.7680252       56228.845                                                 56228.845
              1       28111.828      0.31327476      -2.7675598       -2.7675598       56229.191                                                 56229.191
              1       28111.637       0.3134712      -2.7680711       -2.7680711       56228.811                                                 56228.811
              2       28110.651      0.31506847      -2.7699372       -2.7699372       56226.843                                                 56226.843
              1       28110.573       0.3172255      -2.7659786       -2.7659786       56226.679                                                 56226.679
              2       28110.438      0.31622326      -2.7687438       -2.7687438       56226.413                                                 56226.413
              1       28110.465      0.31670984      -2.7676021       -2.7676021       56226.466                                                 56226.466
              3       28110.653      0.31506451      -2.7699376       -2.7699376       56226.847                                                 56226.847
              2       28111.143      0.31412702      -2.7693313       -2.7693313       56227.825                                                 56227.825
              1        28111.04       0.3142667      -2.7695107       -2.7695107       56227.618                                                 56227.618
              1       28111.014      0.31814766      -2.7620147       -2.7620147       56227.552                                                 56227.552
              1       28110.441      0.31635226       -2.768478        -2.768478       56226.419                                                 56226.419
              2       28110.633      0.31732463      -2.7656178       -2.7656178       56226.798                                                 56226.798
              2       28110.454      0.31594722      -2.7692231       -2.7692231       56226.447                                                 56226.447
              1       28110.451      0.31580167      -2.7694268       -2.7694268       56226.442                                                 56226.442
              2         28114.8      0.31097799      -2.7569996       -2.7569996       56235.115                                                 56235.115
              1       28111.673      0.31342933      -2.7679673       -2.7679673       56228.881                                                 56228.881
              1       28110.925      0.31447421      -2.7697198       -2.7697198        56227.39                                                  56227.39
              2       28110.711      0.31756074       -2.764695        -2.764695       56226.952                                                 56226.952
              1       28112.373      0.31970862       -2.752204        -2.752204        56230.25                                                  56230.25
              2       28110.988      0.31809316      -2.7622868       -2.7622868         56227.5                                                   56227.5
              2        28110.47      0.31663023      -2.7678148       -2.7678148       56226.475                                                 56226.475
              2       28110.495       0.3156425      -2.7696107       -2.7696107        56226.53                                                  56226.53
              2       28110.805      0.31776544      -2.7638228       -2.7638228       56227.137                                                 56227.137
              1       28110.693      0.31496645        -2.76994         -2.76994       56226.925                                                 56226.925
              1       28111.364      0.31866849      -2.7591747       -2.7591747       56228.247                                                 56228.247
              1       28110.952      0.31802099      -2.7626398       -2.7626398        56227.43                                                  56227.43
              1       28111.882      0.31924742      -2.7555084       -2.7555084       56229.276                                                 56229.276
              1       28111.073      0.31821579      -2.7616679       -2.7616679        56227.67                                                  56227.67
              2       28110.753      0.31761497      -2.7644705       -2.7644705       56227.035                                                 56227.035
              1       28110.983      0.31808535      -2.7623254       -2.7623254        56227.49                                                  56227.49
              1       28110.684      0.31495852      -2.7699395       -2.7699395       56226.908                                                 56226.908
              1        28110.47      0.31572803      -2.7695169       -2.7695169       56226.479                                                 56226.479
              2       28110.576      0.31723666      -2.7659388       -2.7659388       56226.684                                                 56226.684
              1       28110.957      0.31802915      -2.7626003       -2.7626003        56227.44                                                  56227.44
              2       28110.462      0.31577679      -2.7694582       -2.7694582       56226.463                                                 56226.463
              3       28110.438      0.31618147      -2.7688242       -2.7688242       56226.414                                                 56226.414
              1       28110.668      0.31503086      -2.7699402       -2.7699402       56226.875                                                 56226.875
              3       28110.752      0.31762529      -2.7644272       -2.7644272       56227.033                                                 56227.033
              1       28110.472      0.31571827      -2.7695282       -2.7695282       56226.484                                                 56226.484
              1       28110.463      0.31668927       -2.767658        -2.767658       56226.461                                                 56226.461
              1       28111.036      0.31818272      -2.7618371       -2.7618371       56227.595                                                 56227.595
              1       28110.568      0.31719285       -2.766094        -2.766094       56226.667                                                 56226.667
              1        28110.84      0.31783687      -2.7635027       -2.7635027       56227.208                                                 56227.208
              2       28110.461      0.31667971      -2.7676838       -2.7676838       56226.457                                                 56226.457
              1       28110.669      0.31502807      -2.7699403       -2.7699403       56226.877                                                 56226.877
              1       28111.309      0.31389888      -2.7689709       -2.7689709       56228.156                                                 56228.156
              2        28111.51      0.31362467      -2.7684277       -2.7684277       56228.557                                                 56228.557
              2       28111.836      0.31326682      -2.7675378       -2.7675378       56229.208                                                 56229.208
              1       28111.586      0.31354501      -2.7682473       -2.7682473       56228.709                                                 56228.709
              1        28111.27      0.31392594       -2.769018        -2.769018       56228.078                                                 56228.078
              1       28111.185      0.31840597      -2.7606604       -2.7606604       56227.891                                                 56227.891
              4        28110.52      0.31548128      -2.7697556       -2.7697556        56226.58                                                  56226.58
              1       28110.614      0.31730468      -2.7656917       -2.7656917       56226.759                                                 56226.759
              2       28110.548      0.31705418      -2.7665652       -2.7665652       56226.629                                                 56226.629
              1       28110.524      0.31699309       -2.766763        -2.766763       56226.581                                                 56226.581
              1       28110.609      0.31729742      -2.7657184       -2.7657184        56226.75                                                  56226.75
              3       28110.468      0.31573608      -2.7695075       -2.7695075       56226.476                                                 56226.476
              2        28110.68      0.31746689      -2.7650725       -2.7650725       56226.891                                                 56226.891
              2       28112.167      0.31953074      -2.7535188       -2.7535188       56229.841                                                 56229.841
              2       28110.445      0.31645919      -2.7682375       -2.7682375       56226.426                                                 56226.426
              1       28110.497      0.31689032      -2.7670823       -2.7670823       56226.529                                                 56226.529
              3       28110.717      0.31757383      -2.7646413       -2.7646413       56226.964                                                 56226.964
              4       28110.539      0.31538684      -2.7698212       -2.7698212       56226.619                                                 56226.619
              1       28110.476        0.315682      -2.7695688       -2.7695688       56226.492                                                 56226.492
              1       28110.454       0.3159477      -2.7692224       -2.7692224       56226.447                                                 56226.447
              1        28111.79      0.31914148      -2.7562194       -2.7562194       56229.093                                                 56229.093
              2       28110.791      0.31770112      -2.7641041       -2.7641041       56227.109                                                 56227.109
              1       28110.931      0.31445394      -2.7697024       -2.7697024       56227.402                                                 56227.402
              2       28111.126      0.31831817      -2.7611327       -2.7611327       56227.775                                                 56227.775
              2       28110.615       0.3173082      -2.7656787       -2.7656787       56226.761                                                 56226.761
              1       28110.679      0.31748873      -2.7649859       -2.7649859       56226.888                                                 56226.888
              1       28110.453      0.31660837      -2.7678714       -2.7678714       56226.443                                                 56226.443
              3       28110.456      0.31660374      -2.7678833       -2.7678833       56226.448                                                 56226.448
              1       28111.382      0.31867358      -2.7591448       -2.7591448       56228.283                                                 56228.283
              1       28110.439       0.3160808      -2.7690064       -2.7690064       56226.415                                                 56226.415
              4       28110.436      0.31630812       -2.768572        -2.768572        56226.41                                                  56226.41
              1       28111.024      0.31816389      -2.7619328       -2.7619328       56227.571                                                 56227.571
              1       28110.687      0.31500342      -2.7699409       -2.7699409       56226.914                                                 56226.914
              2        28110.44      0.31636763      -2.7684446       -2.7684446       56226.416                                                 56226.416
              1       28110.998      0.31433239      -2.7695844       -2.7695844       56227.535                                                 56227.535
              1       28111.067      0.31820815      -2.7617072       -2.7617072       56227.658                                                 56227.658
              2       28110.465      0.31670714      -2.7676095       -2.7676095       56226.465                                                 56226.465
              1       28110.483      0.31675502      -2.7674768       -2.7674768       56226.501                                                 56226.501
              1       28110.448      0.31585497      -2.7693561       -2.7693561       56226.435                                                 56226.435
              1       28110.429      0.31611583      -2.7689449       -2.7689449       56226.395                                                 56226.395
              1        28110.46      0.31667501      -2.7676964       -2.7676964       56226.455                                                 56226.455
              4       28110.899      0.31791973      -2.7631211       -2.7631211       56227.324                                                 56227.324
              1       28111.189      0.31841212      -2.7606269       -2.7606269       56227.899                                                 56227.899
              8       28110.514       0.3169539      -2.7668867       -2.7668867       56226.561                                                 56226.561
              1       28111.217      0.31845264      -2.7604043       -2.7604043       56227.955                                                 56227.955
              1       28110.594      0.31522859      -2.7698991       -2.7698991       56226.727                                                 56226.727
              1       28111.166      0.31407813       -2.769261        -2.769261       56227.871                                                 56227.871
              1       28110.506      0.31558201      -2.7696699       -2.7696699       56226.551                                                 56226.551
              1       28110.573      0.31711468      -2.7663634       -2.7663634       56226.679                                                 56226.679
              1       28110.437      0.31604931      -2.7690601       -2.7690601       56226.412                                                 56226.412
              4       28110.469      0.31662566      -2.7678267       -2.7678267       56226.473                                                 56226.473
              1       28110.501      0.31683738      -2.7672402       -2.7672402       56226.536                                                 56226.536
              2       28111.349      0.31864923      -2.7592874       -2.7592874       56228.216                                                 56228.216
              1       28111.281      0.31851492      -2.7600572       -2.7600572       56228.081                                                 56228.081
              2       28110.735      0.31759941      -2.7645354       -2.7645354       56226.998                                                 56226.998
              1       28110.466      0.31671367      -2.7675916       -2.7675916       56226.467                                                 56226.467
              1        28110.51      0.31554879         -2.7697          -2.7697        56226.56                                                  56226.56
              2       28110.539      0.31538915      -2.7698198       -2.7698198       56226.617                                                 56226.617
              4       28110.722      0.31487078      -2.7699276       -2.7699276       56226.984                                                 56226.984
              2       28112.861      0.31232021      -2.7641959       -2.7641959       56231.251                                                 56231.251
              1       28110.691      0.31499177      -2.7699409       -2.7699409       56226.922                                                 56226.922
              1       28110.615      0.31516746      -2.7699185       -2.7699185       56226.771                                                 56226.771
              1       28110.498      0.31687506      -2.7671282       -2.7671282        56226.53                                                  56226.53
              3       28110.897      0.31791608      -2.7631381       -2.7631381        56227.32                                                  56227.32
              1        28111.06      0.31819556      -2.7617716       -2.7617716       56227.644                                                 56227.644
              1       28111.872       0.3192364      -2.7555833       -2.7555833       56229.256                                                 56229.256
              2       28112.297       0.3196514      -2.7526325       -2.7526325       56230.099                                                 56230.099
              1       28110.544      0.31703603      -2.7666246       -2.7666246       56226.621                                                 56226.621
              1       28110.837      0.31782682      -2.7635482       -2.7635482       56227.201                                                 56227.201
              1       28110.568      0.31715399      -2.7662292       -2.7662292       56226.669                                                 56226.669
              1       28110.775      0.31766641      -2.7642531       -2.7642531       56227.079                                                 56227.079
              2       28110.438       0.3159789      -2.7691743       -2.7691743       56226.414                                                 56226.414
              1       28110.567      0.31715151      -2.7662377       -2.7662377       56226.667                                                 56226.667
              3       28110.438      0.31608486      -2.7689994       -2.7689994       56226.413                                                 56226.413
              1       28110.429      0.31610685      -2.7689608       -2.7689608       56226.395                                                 56226.395
              1       28110.653      0.31506597      -2.7699374       -2.7699374       56226.846                                                 56226.846
              1       28111.039       0.3142684      -2.7695127       -2.7695127       56227.616                                                 56227.616
              2       28110.513      0.31552025      -2.7697244       -2.7697244       56226.566                                                 56226.566
              1       28111.344      0.31384684      -2.7688771       -2.7688771       56228.226                                                 56228.226
              1       28110.449      0.31582416      -2.7693975       -2.7693975       56226.436                                                 56226.436
              2       28110.438      0.31598068      -2.7691715       -2.7691715       56226.414                                                 56226.414
              1       28110.491      0.31680529      -2.7673337       -2.7673337       56226.517                                                 56226.517
              2       28110.438      0.31623606      -2.7687186       -2.7687186       56226.413                                                 56226.413
              2       28110.439      0.31602986      -2.7690924       -2.7690924       56226.417                                                 56226.417
              1       28110.542      0.31537795      -2.7698266       -2.7698266       56226.623                                                 56226.623
              1        28110.45      0.31579667      -2.7694332       -2.7694332       56226.439                                                 56226.439
              1       28110.836      0.31462967      -2.7698312       -2.7698312       56227.211                                                 56227.211
              3       28110.807      0.31775251      -2.7638799       -2.7638799       56227.142                                                 56227.142
              1       28110.498      0.31562824      -2.7696252       -2.7696252       56226.536                                                 56226.536
              3       28110.621      0.31512441      -2.7699285       -2.7699285       56226.781                                                 56226.781
              2       28110.447      0.31646889      -2.7682148       -2.7682148        56226.43                                                  56226.43
              1       28111.124      0.31416779      -2.7693869       -2.7693869       56227.787                                                 56227.787
              1       28111.315      0.31860586      -2.7595391       -2.7595391        56228.15                                                  56228.15
              1       28112.943      0.32019302      -2.7483669       -2.7483669       56231.383                                                 56231.383
              1       28110.485      0.31676297      -2.7674545       -2.7674545       56226.504                                                 56226.504
              1       28110.483      0.31675357      -2.7674809       -2.7674809       56226.501                                                 56226.501
              2       28111.433       0.3187342      -2.7587855       -2.7587855       56228.384                                                 56228.384
              2       28110.659      0.31504825      -2.7699391       -2.7699391       56226.858                                                 56226.858
              3       28110.458      0.31590271       -2.769289        -2.769289       56226.455                                                 56226.455
              1       28110.497       0.3168695      -2.7671449       -2.7671449       56226.528                                                 56226.528
              5       28110.471      0.31572563      -2.7695197       -2.7695197       56226.481                                                 56226.481
              2        28110.44      0.31619853      -2.7687917       -2.7687917       56226.417                                                 56226.417
              1        28110.97      0.31806861      -2.7624078       -2.7624078       56227.464                                                 56227.464
              2        28112.59      0.31253446      -2.7650778       -2.7650778        56230.71                                                  56230.71
              2       28113.099      0.31213601       -2.763379        -2.763379       56231.725                                                 56231.725
              1       28112.449      0.31266754      -2.7655886       -2.7655886       56230.429                                                 56230.429
              1       28110.437      0.31610157      -2.7689702       -2.7689702       56226.413                                                 56226.413
              1       28110.458      0.31591074      -2.7692774       -2.7692774       56226.454                                                 56226.454
              1       28110.459      0.31653701       -2.768051        -2.768051       56226.455                                                 56226.455
              4        28110.56      0.31535165       -2.769842        -2.769842       56226.659                                                 56226.659
              1       28111.842      0.31326118      -2.7675221       -2.7675221       56229.218                                                 56229.218
              1       28110.802       0.3177597      -2.7638482       -2.7638482       56227.132                                                 56227.132
              2       28111.005       0.3143209       -2.769572        -2.769572        56227.55                                                  56227.55
              1        28111.08      0.31822625       -2.761614        -2.761614       56227.683                                                 56227.683
              1         28111.1      0.31825545      -2.7614626       -2.7614626       56227.724                                                 56227.724
              1       28110.495       0.3168605      -2.7671717       -2.7671717       56226.525                                                 56226.525
              1       28110.515      0.31691697      -2.7670011       -2.7670011       56226.563                                                 56226.563
              1       28110.438      0.31597822      -2.7691754       -2.7691754       56226.415                                                 56226.415
              1       28111.482      0.31365168      -2.7684865       -2.7684865       56228.502                                                 56228.502
              1       28110.438      0.31622785      -2.7687348       -2.7687348       56226.413                                                 56226.413
              1       28110.446      0.31645436      -2.7682488       -2.7682488       56226.428                                                 56226.428
              2       28111.575      0.31355856      -2.7682787       -2.7682787       56228.686                                                 56228.686
              1       28111.381      0.31377497      -2.7687404       -2.7687404       56228.299                                                 56228.299
              2       28113.033      0.32025888      -2.7478163       -2.7478163       56231.562                                                 56231.562
              2       28110.699      0.31753377      -2.7648049       -2.7648049       56226.927                                                 56226.927
              1       28110.749      0.31760534      -2.7645107       -2.7645107       56227.027                                                 56227.027
              2       28110.445      0.31614379      -2.7688943       -2.7688943       56226.427                                                 56226.427
              1       28110.575       0.3172289      -2.7659665       -2.7659665       56226.681                                                 56226.681
              2       28111.052      0.31424471      -2.7694845       -2.7694845       56227.643                                                 56227.643
              1       28111.273      0.31850671      -2.7601033       -2.7601033       56228.066                                                 56228.066
              1       28110.682      0.31749401      -2.7649648       -2.7649648       56226.893                                                 56226.893
              3       28111.466      0.31877161      -2.7585609       -2.7585609       56228.449                                                 56228.449
              1       28110.809      0.31777475      -2.7637815       -2.7637815       56227.146                                                 56227.146
              3       28110.793      0.31770709      -2.7640782       -2.7640782       56227.115                                                 56227.115
              1       28111.062      0.31820007      -2.7617486       -2.7617486       56227.648                                                 56227.648
              2       28110.939      0.31799656      -2.7627574       -2.7627574       56227.404                                                 56227.404
              1       28110.542      0.31702827      -2.7666498       -2.7666498       56226.617                                                 56226.617
              1        28110.97      0.31806975      -2.7624022       -2.7624022       56227.466                                                 56227.466
              1       28111.013      0.31814609      -2.7620226       -2.7620226        56227.55                                                  56227.55
              1       28110.469      0.31573222       -2.769512        -2.769512       56226.477                                                 56226.477
              2       28111.575      0.31355855      -2.7682787       -2.7682787       56228.686                                                 56228.686
              1       28110.439      0.31600716      -2.7691294       -2.7691294       56226.417                                                 56226.417
              1       28110.438      0.31618147      -2.7688242       -2.7688242       56226.414                                                 56226.414
              1        28110.47      0.31572803      -2.7695169       -2.7695169       56226.479                                                 56226.479
              1       28111.369      0.31381521      -2.7688179       -2.7688179       56228.276                                                 56228.276
              1       28111.245      0.31395779       -2.769072        -2.769072       56228.029                                                 56228.029
              3        28110.44      0.31636661      -2.7684468       -2.7684468       56226.416                                                 56226.416
              5       28110.531       0.3154131      -2.7698044       -2.7698044       56226.601                                                 56226.601
              2       28110.435      0.31605681      -2.7690474       -2.7690474       56226.408                                                 56226.408
              1       28111.096      0.31825036       -2.761489        -2.761489       56227.715                                                 56227.715
              4       28110.688      0.31500048      -2.7699409       -2.7699409       56226.916                                                 56226.916
              1       28110.577      0.31529372      -2.7698719       -2.7698719       56226.693                                                 56226.693
              1       28110.626      0.31510982      -2.7699313       -2.7699313       56226.792                                                 56226.792
              1       28110.634      0.31508281      -2.7699354       -2.7699354       56226.808                                                 56226.808
              2       28111.249      0.31395319      -2.7690643       -2.7690643       56228.035                                                 56228.035
              2       28111.881      0.31321404      -2.7673892       -2.7673892       56229.297                                                 56229.297
              2       28111.994      0.31308883      -2.7670189       -2.7670189       56229.522                                                 56229.522
