#        weight    minuslogpost         Omega_m   minuslogprior minuslogprior__0            chi2 chi2__functions_and_classes.SO_x_DESI_Likelihood_w_emulator
              1      -10624.456      0.32319077      -2.3025851       -2.3025851      -21244.306                                                  -21244.306
              3      -10625.349      0.31491204      -2.3025851       -2.3025851      -21246.093                                                  -21246.093
              2      -10625.199      0.31160204      -2.3025851       -2.3025851      -21245.792                                                  -21245.792
              1      -10625.297      0.31698381      -2.3025851       -2.3025851      -21245.989                                                  -21245.989
              1      -10625.349       0.3152403      -2.3025851       -2.3025851      -21246.092                                                  -21246.092
              5      -10625.319       0.3134863      -2.3025851       -2.3025851      -21246.033                                                  -21246.033
              1       -10623.62      0.30340594      -2.3025851       -2.3025851      -21242.635                                                  -21242.635
              1      -10624.447      0.30664946      -2.3025851       -2.3025851      -21244.288                                                  -21244.288
              3      -10623.961      0.30462288      -2.3025851       -2.3025851      -21243.317                                                  -21243.317
              3      -10624.244      0.30575243      -2.3025851       -2.3025851      -21243.883                                                  -21243.883
              2      -10623.906      0.30441831      -2.3025851       -2.3025851      -21243.207                                                  -21243.207
              3      -10625.077      0.31042729      -2.3025851       -2.3025851      -21245.549                                                  -21245.549
              1      -10623.798      0.30402558      -2.3025851       -2.3025851      -21242.991                                                  -21242.991
              1      -10623.876      0.30430927      -2.3025851       -2.3025851      -21243.148                                                  -21243.148
              1      -10624.181      0.30548929      -2.3025851       -2.3025851      -21243.757                                                  -21243.757
              1      -10625.109      0.31070818      -2.3025851       -2.3025851      -21245.613                                                  -21245.613
              2      -10625.346      0.31447269      -2.3025851       -2.3025851      -21246.086                                                  -21246.086
              2      -10625.343      0.31430299      -2.3025851       -2.3025851      -21246.081                                                  -21246.081
              3       -10624.86      0.32107215      -2.3025851       -2.3025851      -21245.115                                                  -21245.115
              1      -10624.939      0.32056194      -2.3025851       -2.3025851      -21245.273                                                  -21245.273
              2      -10625.156      0.31882185      -2.3025851       -2.3025851      -21245.707                                                  -21245.707
              2       -10624.52      0.32289011      -2.3025851       -2.3025851      -21244.436                                                  -21244.436
              2      -10624.903       0.3207997      -2.3025851       -2.3025851      -21245.201                                                  -21245.201
              1      -10625.341       0.3142088      -2.3025851       -2.3025851      -21246.077                                                  -21246.077
              2      -10625.331       0.3161763      -2.3025851       -2.3025851      -21246.057                                                  -21246.057
              1       -10625.34      0.31414582      -2.3025851       -2.3025851      -21246.074                                                  -21246.074
              2      -10625.062      0.31966154      -2.3025851       -2.3025851      -21245.518                                                  -21245.518
              2      -10624.945      0.32052084      -2.3025851       -2.3025851      -21245.285                                                  -21245.285
              1      -10625.107      0.31928367      -2.3025851       -2.3025851      -21245.608                                                  -21245.608
              1      -10625.268      0.31747701      -2.3025851       -2.3025851      -21245.932                                                  -21245.932
              3      -10625.346      0.31552795      -2.3025851       -2.3025851      -21246.086                                                  -21246.086
              1      -10625.106      0.31928676      -2.3025851       -2.3025851      -21245.607                                                  -21245.607
              1      -10623.878      0.30431659      -2.3025851       -2.3025851      -21243.152                                                  -21243.152
              1      -10625.325      0.31637044      -2.3025851       -2.3025851      -21246.044                                                  -21246.044
              1      -10624.876      0.32097508      -2.3025851       -2.3025851      -21245.146                                                  -21245.146
              1      -10624.688      0.32205013      -2.3025851       -2.3025851      -21244.772                                                  -21244.772
              1      -10625.316      0.31659422      -2.3025851       -2.3025851      -21246.026                                                  -21246.026
              1      -10624.906      0.30916112      -2.3025851       -2.3025851      -21245.207                                                  -21245.207
              1      -10624.782      0.30839181      -2.3025851       -2.3025851      -21244.959                                                  -21244.959
              1       -10624.67      0.30776352      -2.3025851       -2.3025851      -21244.735                                                  -21244.735
              1      -10623.805      0.30405088      -2.3025851       -2.3025851      -21243.005                                                  -21243.005
              1      -10622.965      0.30136133      -2.3025851       -2.3025851      -21241.325                                                  -21241.325
              1      -10624.359      0.30625191      -2.3025851       -2.3025851      -21244.114                                                  -21244.114
              2      -10624.972      0.30961085      -2.3025851       -2.3025851      -21245.338                                                  -21245.338
              1       -10624.85      0.30880169      -2.3025851       -2.3025851      -21245.095                                                  -21245.095
              7      -10625.347      0.31460093      -2.3025851       -2.3025851      -21246.089                                                  -21246.089
              1      -10625.072      0.31957522      -2.3025851       -2.3025851      -21245.539                                                  -21245.539
              2      -10624.547      0.32276191      -2.3025851       -2.3025851       -21244.49                                                   -21244.49
              2      -10624.437      0.32327628      -2.3025851       -2.3025851      -21244.268                                                  -21244.268
              1      -10625.207      0.31169851      -2.3025851       -2.3025851      -21245.809                                                  -21245.809
              1      -10625.265       0.3124659      -2.3025851       -2.3025851      -21245.925                                                  -21245.925
              1       -10625.31      0.31327716      -2.3025851       -2.3025851      -21246.016                                                  -21246.016
              1      -10625.348      0.31532731      -2.3025851       -2.3025851      -21246.091                                                  -21246.091
              1      -10625.339      0.31409757      -2.3025851       -2.3025851      -21246.072                                                  -21246.072
              2       -10625.28      0.31270439      -2.3025851       -2.3025851      -21245.956                                                  -21245.956
              1      -10625.348      0.31526144      -2.3025851       -2.3025851      -21246.092                                                  -21246.092
              3      -10625.083       0.3104764      -2.3025851       -2.3025851       -21245.56                                                   -21245.56
              1      -10625.329      0.31622943      -2.3025851       -2.3025851      -21246.054                                                  -21246.054
              2      -10625.334      0.31392878      -2.3025851       -2.3025851      -21246.063                                                  -21246.063
              1      -10625.345      0.31559985      -2.3025851       -2.3025851      -21246.084                                                  -21246.084
              1      -10625.349      0.31480294      -2.3025851       -2.3025851      -21246.093                                                  -21246.093
              1      -10625.334      0.31393042      -2.3025851       -2.3025851      -21246.064                                                  -21246.064
              1      -10625.054      0.31972507      -2.3025851       -2.3025851      -21245.502                                                  -21245.502
              1      -10624.577      0.32261932      -2.3025851       -2.3025851      -21244.548                                                  -21244.548
              1      -10624.099      0.32467381      -2.3025851       -2.3025851      -21243.594                                                  -21243.594
              1      -10623.312      0.32732169      -2.3025851       -2.3025851       -21242.02                                                   -21242.02
              4      -10624.162      0.32443044      -2.3025851       -2.3025851      -21243.719                                                  -21243.719
              1      -10624.254      0.32406029      -2.3025851       -2.3025851      -21243.903                                                  -21243.903
              1      -10624.058      0.32483119      -2.3025851       -2.3025851      -21243.511                                                  -21243.511
              2      -10624.782      0.32153256      -2.3025851       -2.3025851       -21244.96                                                   -21244.96
              3      -10625.349       0.3149083      -2.3025851       -2.3025851      -21246.093                                                  -21246.093
              1      -10625.046      0.31978617      -2.3025851       -2.3025851      -21245.487                                                  -21245.487
              3      -10624.996      0.32016592      -2.3025851       -2.3025851      -21245.386                                                  -21245.386
              1      -10624.454        0.323198      -2.3025851       -2.3025851      -21244.303                                                  -21244.303
              1      -10624.427      0.32332093      -2.3025851       -2.3025851      -21244.248                                                  -21244.248
              1      -10624.963      0.32039657      -2.3025851       -2.3025851      -21245.321                                                  -21245.321
              4      -10625.266      0.31751075      -2.3025851       -2.3025851      -21245.927                                                  -21245.927
              1      -10625.128      0.31909082      -2.3025851       -2.3025851      -21245.651                                                  -21245.651
              1      -10624.385      0.30636632      -2.3025851       -2.3025851      -21244.165                                                  -21244.165
              1      -10623.998      0.30476422      -2.3025851       -2.3025851      -21243.391                                                  -21243.391
              1      -10624.222       0.3056603      -2.3025851       -2.3025851       -21243.84                                                   -21243.84
              2      -10624.495      0.30687595      -2.3025851       -2.3025851      -21244.385                                                  -21244.385
              2      -10625.192      0.31845458      -2.3025851       -2.3025851      -21245.778                                                  -21245.778
              1      -10625.228      0.31803529      -2.3025851       -2.3025851       -21245.85                                                   -21245.85
              1      -10623.815      0.32570877      -2.3025851       -2.3025851      -21243.025                                                  -21243.025
              1      -10622.729      0.32895629      -2.3025851       -2.3025851      -21240.853                                                  -21240.853
              1      -10624.979      0.32028841      -2.3025851       -2.3025851      -21245.352                                                  -21245.352
              2      -10624.354      0.32364264      -2.3025851       -2.3025851      -21244.102                                                  -21244.102
              1      -10625.266      0.31751764      -2.3025851       -2.3025851      -21245.926                                                  -21245.926
              1      -10625.348      0.31526961      -2.3025851       -2.3025851      -21246.092                                                  -21246.092
              1      -10625.349      0.31496482      -2.3025851       -2.3025851      -21246.094                                                  -21246.094
              1       -10625.34      0.31414744      -2.3025851       -2.3025851      -21246.074                                                  -21246.074
              4      -10625.349      0.31494836      -2.3025851       -2.3025851      -21246.093                                                  -21246.093
              1      -10624.331      0.30612541      -2.3025851       -2.3025851      -21244.057                                                  -21244.057
              2      -10623.881      0.30432715      -2.3025851       -2.3025851      -21243.157                                                  -21243.157
              3      -10623.658      0.30353532      -2.3025851       -2.3025851      -21242.711                                                  -21242.711
              1      -10623.805      0.30404972      -2.3025851       -2.3025851      -21243.004                                                  -21243.004
              1      -10624.457      0.30669892      -2.3025851       -2.3025851      -21244.309                                                  -21244.309
              1      -10624.214      0.30562698      -2.3025851       -2.3025851      -21243.824                                                  -21243.824
              1      -10624.956      0.30950309      -2.3025851       -2.3025851      -21245.307                                                  -21245.307
              1      -10625.184      0.31144233      -2.3025851       -2.3025851      -21245.763                                                  -21245.763
              1      -10624.976      0.32030974      -2.3025851       -2.3025851      -21245.346                                                  -21245.346
              5      -10622.948       0.3283658      -2.3025851       -2.3025851      -21241.292                                                  -21241.292
              1      -10623.345      0.32722518      -2.3025851       -2.3025851      -21242.084                                                  -21242.084
              1      -10624.061      0.32482199      -2.3025851       -2.3025851      -21243.516                                                  -21243.516
              1      -10625.046      0.31978342      -2.3025851       -2.3025851      -21245.488                                                  -21245.488
              1      -10625.349      0.31491201      -2.3025851       -2.3025851      -21246.093                                                  -21246.093
              1      -10624.841      0.30874446      -2.3025851       -2.3025851      -21245.077                                                  -21245.077
              1      -10619.953      0.29434141      -2.3025851       -2.3025851        -21235.3                                                    -21235.3
              1      -10620.143       0.2947162      -2.3025851       -2.3025851      -21235.681                                                  -21235.681
              1      -10621.273      0.29709208      -2.3025851       -2.3025851       -21237.94                                                   -21237.94
              1        -10624.6      0.30739698      -2.3025851       -2.3025851      -21244.595                                                  -21244.595
              1      -10625.342      0.31425234      -2.3025851       -2.3025851      -21246.079                                                  -21246.079
              1      -10625.317      0.31343512      -2.3025851       -2.3025851      -21246.029                                                  -21246.029
              1       -10625.31       0.3132559      -2.3025851       -2.3025851      -21246.014                                                  -21246.014
              1      -10624.682       0.3078291      -2.3025851       -2.3025851       -21244.76                                                   -21244.76
              1      -10625.159      0.31118468      -2.3025851       -2.3025851      -21245.714                                                  -21245.714
              2       -10625.29      0.31711825      -2.3025851       -2.3025851      -21245.975                                                  -21245.975
              2       -10623.36      0.32717779      -2.3025851       -2.3025851      -21242.115                                                  -21242.115
              1      -10625.211       0.3182336      -2.3025851       -2.3025851      -21245.817                                                  -21245.817
              1      -10625.347      0.31543951      -2.3025851       -2.3025851      -21246.088                                                  -21246.088
              1      -10624.146      0.32449318      -2.3025851       -2.3025851      -21243.687                                                  -21243.687
              1      -10623.915      0.32535735      -2.3025851       -2.3025851      -21243.225                                                  -21243.225
              1      -10623.651      0.32625982      -2.3025851       -2.3025851      -21242.698                                                  -21242.698
              4      -10624.896      0.32084593      -2.3025851       -2.3025851      -21245.187                                                  -21245.187
              1      -10625.043      0.31981276      -2.3025851       -2.3025851       -21245.48                                                   -21245.48
              2      -10624.904      0.32079616      -2.3025851       -2.3025851      -21245.202                                                  -21245.202
              1      -10625.349      0.31502358      -2.3025851       -2.3025851      -21246.094                                                  -21246.094
              2      -10624.964      0.30955839      -2.3025851       -2.3025851      -21245.323                                                  -21245.323
              1      -10624.797      0.30847657      -2.3025851       -2.3025851      -21244.988                                                  -21244.988
              1      -10624.453      0.30667966      -2.3025851       -2.3025851      -21244.301                                                  -21244.301
              1      -10624.566      0.30722372      -2.3025851       -2.3025851      -21244.526                                                  -21244.526
              1      -10624.215      0.32422069      -2.3025851       -2.3025851      -21243.824                                                  -21243.824
              2      -10625.188      0.31148604      -2.3025851       -2.3025851      -21245.771                                                  -21245.771
              3       -10625.02      0.31998768      -2.3025851       -2.3025851      -21245.434                                                  -21245.434
              6      -10625.095      0.31938197      -2.3025851       -2.3025851      -21245.585                                                  -21245.585
              2      -10624.262      0.30582889      -2.3025851       -2.3025851      -21243.919                                                  -21243.919
              1      -10624.284      0.32393897      -2.3025851       -2.3025851      -21243.962                                                  -21243.962
              4      -10624.728      0.32183747      -2.3025851       -2.3025851      -21244.851                                                  -21244.851
              1      -10624.703      0.32197127      -2.3025851       -2.3025851      -21244.802                                                  -21244.802
              1      -10624.936      0.30936337      -2.3025851       -2.3025851      -21245.267                                                  -21245.267
              2      -10625.156      0.31114672      -2.3025851       -2.3025851      -21245.706                                                  -21245.706
              2      -10624.574      0.32263412      -2.3025851       -2.3025851      -21244.542                                                  -21244.542
              1      -10624.726      0.30806771      -2.3025851       -2.3025851      -21244.846                                                  -21244.846
              1      -10625.008      0.30987963      -2.3025851       -2.3025851      -21245.411                                                  -21245.411
              3       -10624.97      0.30960018      -2.3025851       -2.3025851      -21245.335                                                  -21245.335
              2      -10625.152      0.31886439      -2.3025851       -2.3025851      -21245.699                                                  -21245.699
              1      -10625.131      0.31905964      -2.3025851       -2.3025851      -21245.657                                                  -21245.657
              5      -10625.169      0.31128603      -2.3025851       -2.3025851      -21245.733                                                  -21245.733
              1       -10624.94      0.30938903      -2.3025851       -2.3025851      -21245.274                                                  -21245.274
              2      -10625.091      0.31942025      -2.3025851       -2.3025851      -21245.577                                                  -21245.577
              1      -10625.348      0.31471163      -2.3025851       -2.3025851      -21246.091                                                  -21246.091
              3      -10625.131      0.31090851      -2.3025851       -2.3025851      -21245.657                                                  -21245.657
              1       -10625.33       0.3137742      -2.3025851       -2.3025851      -21246.054                                                  -21246.054
              3       -10625.14      0.31897627      -2.3025851       -2.3025851      -21245.675                                                  -21245.675
              2       -10624.27      0.30586272      -2.3025851       -2.3025851      -21243.935                                                  -21243.935
              1      -10625.062      0.31030523      -2.3025851       -2.3025851      -21245.519                                                  -21245.519
              1      -10625.109      0.31070578      -2.3025851       -2.3025851      -21245.613                                                  -21245.613
              2      -10624.031      0.30489084      -2.3025851       -2.3025851      -21243.457                                                  -21243.457
              1      -10623.736      0.30380828      -2.3025851       -2.3025851      -21242.868                                                  -21242.868
              1      -10623.184      0.30200848      -2.3025851       -2.3025851      -21241.763                                                  -21241.763
              1      -10623.416      0.30273331      -2.3025851       -2.3025851      -21242.227                                                  -21242.227
              2       -10622.99      0.30143358      -2.3025851       -2.3025851      -21241.375                                                  -21241.375
              3      -10624.323      0.30609057      -2.3025851       -2.3025851      -21244.041                                                  -21244.041
              1      -10625.349      0.31487978      -2.3025851       -2.3025851      -21246.093                                                  -21246.093
              1       -10625.19      0.31150813      -2.3025851       -2.3025851      -21245.775                                                  -21245.775
              1      -10624.432       0.3065816      -2.3025851       -2.3025851      -21244.259                                                  -21244.259
              1      -10625.194      0.31155579      -2.3025851       -2.3025851      -21245.784                                                  -21245.784
              1      -10624.998       0.3201493      -2.3025851       -2.3025851      -21245.391                                                  -21245.391
              1      -10625.307      0.31679821      -2.3025851       -2.3025851      -21246.008                                                  -21246.008
              3      -10625.323      0.31640747      -2.3025851       -2.3025851      -21246.041                                                  -21246.041
              5       -10624.66      0.30770823      -2.3025851       -2.3025851      -21244.715                                                  -21244.715
              3      -10624.723      0.32186338      -2.3025851       -2.3025851      -21244.841                                                  -21244.841
              3      -10625.114      0.31075193      -2.3025851       -2.3025851      -21245.623                                                  -21245.623
              1      -10625.348      0.31533886      -2.3025851       -2.3025851      -21246.091                                                  -21246.091
              1      -10625.003      0.30983991      -2.3025851       -2.3025851        -21245.4                                                    -21245.4
              2      -10623.867      0.32552627      -2.3025851       -2.3025851      -21243.129                                                  -21243.129
              1      -10625.329      0.31623889      -2.3025851       -2.3025851      -21246.053                                                  -21246.053
              4       -10625.34      0.31416062      -2.3025851       -2.3025851      -21246.075                                                  -21246.075
              1      -10624.899      0.32082617      -2.3025851       -2.3025851      -21245.193                                                  -21245.193
              1      -10624.028      0.32494442      -2.3025851       -2.3025851      -21243.451                                                  -21243.451
              1      -10624.308      0.30602673      -2.3025851       -2.3025851      -21244.012                                                  -21244.012
              1      -10625.342      0.31572786      -2.3025851       -2.3025851       -21246.08                                                   -21246.08
              3      -10625.343      0.31429139      -2.3025851       -2.3025851       -21246.08                                                   -21246.08
              2      -10625.213      0.31821453      -2.3025851       -2.3025851      -21245.821                                                  -21245.821
              1      -10625.188      0.31849864      -2.3025851       -2.3025851       -21245.77                                                   -21245.77
              2      -10625.246      0.31218956      -2.3025851       -2.3025851      -21245.887                                                  -21245.887
              1      -10625.349      0.31500012      -2.3025851       -2.3025851      -21246.094                                                  -21246.094
              3      -10624.434      0.32328986      -2.3025851       -2.3025851      -21244.262                                                  -21244.262
              1      -10624.827      0.32126777      -2.3025851       -2.3025851       -21245.05                                                   -21245.05
              1      -10625.339      0.31590622      -2.3025851       -2.3025851      -21246.072                                                  -21246.072
              1      -10624.676      0.32211773      -2.3025851       -2.3025851      -21244.746                                                  -21244.746
              1      -10625.273      0.31740401      -2.3025851       -2.3025851      -21245.941                                                  -21245.941
              1      -10624.483      0.32306571      -2.3025851       -2.3025851      -21244.361                                                  -21244.361
              2      -10624.685      0.32206654      -2.3025851       -2.3025851      -21244.766                                                  -21244.766
              2      -10625.043      0.31981155      -2.3025851       -2.3025851       -21245.48                                                   -21245.48
              1      -10625.102      0.31064331      -2.3025851       -2.3025851      -21245.599                                                  -21245.599
              2      -10625.111      0.31072342      -2.3025851       -2.3025851      -21245.617                                                  -21245.617
              1      -10624.652      0.32224259      -2.3025851       -2.3025851      -21244.698                                                  -21244.698
              5      -10623.734      0.32598393      -2.3025851       -2.3025851      -21242.864                                                  -21242.864
              1      -10624.278      0.32396165      -2.3025851       -2.3025851      -21243.951                                                  -21243.951
              1      -10625.346      0.31451853      -2.3025851       -2.3025851      -21246.087                                                  -21246.087
              2      -10625.208      0.31171326      -2.3025851       -2.3025851      -21245.811                                                  -21245.811
              1       -10625.17      0.31868067      -2.3025851       -2.3025851      -21245.735                                                  -21245.735
              7      -10625.347      0.31546325      -2.3025851       -2.3025851      -21246.088                                                  -21246.088
              6      -10625.188      0.31849444      -2.3025851       -2.3025851      -21245.771                                                  -21245.771
              2      -10625.287      0.31717447      -2.3025851       -2.3025851      -21245.969                                                  -21245.969
              2       -10625.34      0.31584011      -2.3025851       -2.3025851      -21246.075                                                  -21246.075
              1        -10625.2      0.31836763      -2.3025851       -2.3025851      -21245.794                                                  -21245.794
              1      -10625.212      0.31822719      -2.3025851       -2.3025851      -21245.819                                                  -21245.819
              1      -10624.321      0.32377977      -2.3025851       -2.3025851      -21244.038                                                  -21244.038
              5       -10625.34      0.31586232      -2.3025851       -2.3025851      -21246.074                                                  -21246.074
              2       -10625.27      0.31744641      -2.3025851       -2.3025851      -21245.936                                                  -21245.936
              1      -10624.487      0.32304634      -2.3025851       -2.3025851      -21244.369                                                  -21244.369
              1       -10624.64       0.3223015      -2.3025851       -2.3025851      -21244.675                                                  -21244.675
              3       -10624.64      0.32230187      -2.3025851       -2.3025851      -21244.675                                                  -21244.675
              1      -10625.332      0.31385631      -2.3025851       -2.3025851      -21246.059                                                  -21246.059
              1       -10625.22      0.31185022      -2.3025851       -2.3025851      -21245.834                                                  -21245.834
              1      -10625.319       0.3134707      -2.3025851       -2.3025851      -21246.032                                                  -21246.032
              1      -10625.336      0.31601735      -2.3025851       -2.3025851      -21246.066                                                  -21246.066
              3      -10625.346      0.31552495      -2.3025851       -2.3025851      -21246.086                                                  -21246.086
              2      -10625.227      0.31193512      -2.3025851       -2.3025851      -21245.848                                                  -21245.848
              1      -10625.267      0.31249229      -2.3025851       -2.3025851      -21245.929                                                  -21245.929
              2      -10624.678      0.32210426      -2.3025851       -2.3025851      -21244.751                                                  -21244.751
              1       -10625.33      0.31379477      -2.3025851       -2.3025851      -21246.055                                                  -21246.055
              2      -10624.771      0.32160046      -2.3025851       -2.3025851      -21244.936                                                  -21244.936
              2      -10625.257      0.31765026      -2.3025851       -2.3025851      -21245.908                                                  -21245.908
              5       -10625.34      0.31416636      -2.3025851       -2.3025851      -21246.075                                                  -21246.075
              1        -10625.3      0.31304885      -2.3025851       -2.3025851      -21245.994                                                  -21245.994
              2       -10624.84      0.30874109      -2.3025851       -2.3025851      -21245.076                                                  -21245.076
              1      -10624.533      0.30706052      -2.3025851       -2.3025851      -21244.461                                                  -21244.461
              1      -10625.245      0.31217697      -2.3025851       -2.3025851      -21245.885                                                  -21245.885
              1      -10625.325      0.31362829      -2.3025851       -2.3025851      -21246.044                                                  -21246.044
              1      -10625.338      0.31406636      -2.3025851       -2.3025851      -21246.071                                                  -21246.071
              3      -10624.431        0.306574      -2.3025851       -2.3025851      -21244.256                                                  -21244.256
              1      -10625.295      0.31702904      -2.3025851       -2.3025851      -21245.985                                                  -21245.985
              1      -10624.421      0.32334546      -2.3025851       -2.3025851      -21244.237                                                  -21244.237
              2      -10624.705      0.30795488      -2.3025851       -2.3025851      -21244.806                                                  -21244.806
              1      -10624.583      0.30731233      -2.3025851       -2.3025851      -21244.562                                                  -21244.562
              1       -10624.72      0.32188245      -2.3025851       -2.3025851      -21244.834                                                  -21244.834
              1      -10625.204      0.31832224      -2.3025851       -2.3025851      -21245.802                                                  -21245.802
              3      -10624.816      0.30859233      -2.3025851       -2.3025851      -21245.027                                                  -21245.027
              1      -10624.875       0.3089611      -2.3025851       -2.3025851      -21245.146                                                  -21245.146
              1      -10625.037      0.31010442      -2.3025851       -2.3025851      -21245.469                                                  -21245.469
              3      -10625.308       0.3167698      -2.3025851       -2.3025851      -21246.011                                                  -21246.011
              1      -10625.337      0.31595462      -2.3025851       -2.3025851       -21246.07                                                   -21246.07
              1      -10623.744      0.30383296      -2.3025851       -2.3025851      -21242.882                                                  -21242.882
              1      -10623.339      0.30248793      -2.3025851       -2.3025851      -21242.072                                                  -21242.072
              4       -10623.99      0.30473301      -2.3025851       -2.3025851      -21243.375                                                  -21243.375
              3      -10624.487      0.30683784      -2.3025851       -2.3025851      -21244.369                                                  -21244.369
              1      -10624.906      0.30916009      -2.3025851       -2.3025851      -21245.207                                                  -21245.207
              3      -10624.752       0.3217022      -2.3025851       -2.3025851        -21244.9                                                    -21244.9
              1      -10624.508       0.3229509      -2.3025851       -2.3025851       -21244.41                                                   -21244.41
              2      -10625.349      0.31522368      -2.3025851       -2.3025851      -21246.092                                                  -21246.092
              2      -10625.327      0.31370455      -2.3025851       -2.3025851       -21246.05                                                   -21246.05
              4      -10625.334      0.31608935      -2.3025851       -2.3025851      -21246.062                                                  -21246.062
              1      -10625.181      0.31140362      -2.3025851       -2.3025851      -21245.756                                                  -21245.756
              1      -10625.138       0.3109731      -2.3025851       -2.3025851       -21245.67                                                   -21245.67
              1      -10624.484      0.30682474      -2.3025851       -2.3025851      -21244.363                                                  -21244.363
              2      -10624.705      0.32196173      -2.3025851       -2.3025851      -21244.805                                                  -21244.805
              1      -10624.459      0.32317578      -2.3025851       -2.3025851      -21244.313                                                  -21244.313
              1      -10625.326      0.31633254      -2.3025851       -2.3025851      -21246.047                                                  -21246.047
              1      -10625.283      0.31724947      -2.3025851       -2.3025851       -21245.96                                                   -21245.96
              2      -10625.299      0.31304293      -2.3025851       -2.3025851      -21245.993                                                  -21245.993
              1      -10625.237       0.3120674      -2.3025851       -2.3025851      -21245.869                                                  -21245.869
              1      -10625.132      0.31905224      -2.3025851       -2.3025851      -21245.659                                                  -21245.659
              1       -10623.45      0.30284463      -2.3025851       -2.3025851      -21242.296                                                  -21242.296
              3      -10623.612      0.30338075      -2.3025851       -2.3025851       -21242.62                                                   -21242.62
              4      -10625.121      0.31081512      -2.3025851       -2.3025851      -21245.637                                                  -21245.637
              2      -10625.226      0.31192729      -2.3025851       -2.3025851      -21245.847                                                  -21245.847
              1      -10625.348      0.31472704      -2.3025851       -2.3025851      -21246.092                                                  -21246.092
              1      -10625.278      0.31266231      -2.3025851       -2.3025851      -21245.951                                                  -21245.951
              1      -10625.251      0.31772417      -2.3025851       -2.3025851      -21245.898                                                  -21245.898
              2      -10623.986      0.32510119      -2.3025851       -2.3025851      -21243.366                                                  -21243.366
              5      -10625.094      0.31939119      -2.3025851       -2.3025851      -21245.583                                                  -21245.583
              1      -10625.299      0.31304762      -2.3025851       -2.3025851      -21245.994                                                  -21245.994
              1      -10623.539      0.32662266      -2.3025851       -2.3025851      -21242.473                                                  -21242.473
              1      -10624.945       0.3205218      -2.3025851       -2.3025851      -21245.285                                                  -21245.285
              1      -10622.272      0.33011061      -2.3025851       -2.3025851      -21239.939                                                  -21239.939
              1       -10624.85      0.32113143      -2.3025851       -2.3025851      -21245.096                                                  -21245.096
              1      -10624.679      0.32210086      -2.3025851       -2.3025851      -21244.753                                                  -21244.753
              3      -10624.132      0.32454779      -2.3025851       -2.3025851      -21243.659                                                  -21243.659
              1      -10624.774       0.3215824      -2.3025851       -2.3025851      -21244.942                                                  -21244.942
              1      -10624.904      0.30915058      -2.3025851       -2.3025851      -21245.204                                                  -21245.204
              1      -10625.338       0.3159371      -2.3025851       -2.3025851       -21246.07                                                   -21246.07
              1      -10625.283      0.31274324      -2.3025851       -2.3025851       -21245.96                                                   -21245.96
              4      -10625.342      0.31424793      -2.3025851       -2.3025851      -21246.079                                                  -21246.079
              1      -10625.297      0.31299598      -2.3025851       -2.3025851      -21245.988                                                  -21245.988
              1      -10625.015      0.30993013      -2.3025851       -2.3025851      -21245.424                                                  -21245.424
              2      -10624.256      0.30580435      -2.3025851       -2.3025851      -21243.908                                                  -21243.908
              2      -10624.793      0.30845348      -2.3025851       -2.3025851       -21244.98                                                   -21244.98
              2      -10624.407      0.32340519      -2.3025851       -2.3025851       -21244.21                                                   -21244.21
              2      -10625.186      0.31851826      -2.3025851       -2.3025851      -21245.766                                                  -21245.766
              2      -10624.199      0.30556257      -2.3025851       -2.3025851      -21243.792                                                  -21243.792
              3      -10625.334      0.31390171      -2.3025851       -2.3025851      -21246.062                                                  -21246.062
              5      -10624.481       0.3230729      -2.3025851       -2.3025851      -21244.357                                                  -21244.357
              1      -10625.349      0.31488533      -2.3025851       -2.3025851      -21246.093                                                  -21246.093
              1      -10625.349      0.31525008      -2.3025851       -2.3025851      -21246.092                                                  -21246.092
              1       -10625.26      0.31760117      -2.3025851       -2.3025851      -21245.915                                                  -21245.915
              3      -10624.252      0.32406917      -2.3025851       -2.3025851      -21243.899                                                  -21243.899
              1      -10624.888      0.32089943      -2.3025851       -2.3025851       -21245.17                                                   -21245.17
              3      -10625.288      0.31714695      -2.3025851       -2.3025851      -21245.972                                                  -21245.972
              1      -10624.473      0.32310885      -2.3025851       -2.3025851      -21244.342                                                  -21244.342
              3      -10624.496      0.32300506      -2.3025851       -2.3025851      -21244.387                                                  -21244.387
              4      -10625.044      0.31015589      -2.3025851       -2.3025851      -21245.482                                                  -21245.482
              2      -10625.133      0.31904823      -2.3025851       -2.3025851       -21245.66                                                   -21245.66
              1      -10625.085      0.31049478      -2.3025851       -2.3025851      -21245.564                                                  -21245.564
              3      -10625.302      0.31309767      -2.3025851       -2.3025851      -21245.999                                                  -21245.999
              1      -10625.326      0.31367409      -2.3025851       -2.3025851      -21246.047                                                  -21246.047
              2      -10625.287      0.31716952      -2.3025851       -2.3025851      -21245.969                                                  -21245.969
              2      -10624.975      0.30963701      -2.3025851       -2.3025851      -21245.345                                                  -21245.345
              3      -10624.975      0.30963716      -2.3025851       -2.3025851      -21245.345                                                  -21245.345
              2      -10623.154      0.30192016      -2.3025851       -2.3025851      -21241.704                                                  -21241.704
              1      -10622.881      0.30111942      -2.3025851       -2.3025851      -21241.157                                                  -21241.157
              2      -10625.316      0.31340366      -2.3025851       -2.3025851      -21246.027                                                  -21246.027
              1      -10625.021      0.31997573      -2.3025851       -2.3025851      -21245.438                                                  -21245.438
              1       -10625.12      0.31916281      -2.3025851       -2.3025851      -21245.635                                                  -21245.635
              1      -10624.345      0.32368034      -2.3025851       -2.3025851      -21244.084                                                  -21244.084
              5      -10624.003      0.30478134      -2.3025851       -2.3025851        -21243.4                                                    -21243.4
              3      -10624.761      0.30826868      -2.3025851       -2.3025851      -21244.917                                                  -21244.917
              1      -10625.349      0.31479076      -2.3025851       -2.3025851      -21246.092                                                  -21246.092
              2      -10625.341      0.31421883      -2.3025851       -2.3025851      -21246.078                                                  -21246.078
              2      -10625.055      0.31025087      -2.3025851       -2.3025851      -21245.506                                                  -21245.506
              3      -10624.617      0.30748189      -2.3025851       -2.3025851      -21244.628                                                  -21244.628
              1      -10624.295      0.32389059      -2.3025851       -2.3025851      -21243.985                                                  -21243.985
              1       -10623.31      0.32732771      -2.3025851       -2.3025851      -21242.016                                                  -21242.016
              1      -10625.339      0.31589161      -2.3025851       -2.3025851      -21246.073                                                  -21246.073
              1      -10625.237      0.31791643      -2.3025851       -2.3025851      -21245.869                                                  -21245.869
              1      -10625.273      0.31740067      -2.3025851       -2.3025851      -21245.942                                                  -21245.942
              4      -10625.347      0.31544987      -2.3025851       -2.3025851      -21246.088                                                  -21246.088
              1      -10625.029      0.31992186      -2.3025851       -2.3025851      -21245.452                                                  -21245.452
              3      -10624.385      0.32350796      -2.3025851       -2.3025851      -21244.164                                                  -21244.164
              3      -10623.143      0.32781784      -2.3025851       -2.3025851      -21241.682                                                  -21241.682
              3      -10623.998       0.3250553      -2.3025851       -2.3025851      -21243.391                                                  -21243.391
              6      -10625.244      0.31216167      -2.3025851       -2.3025851      -21245.883                                                  -21245.883
              1      -10625.305      0.31315118      -2.3025851       -2.3025851      -21246.004                                                  -21246.004
              1      -10624.753      0.32169945      -2.3025851       -2.3025851      -21244.901                                                  -21244.901
              1       -10625.03      0.31990939      -2.3025851       -2.3025851      -21245.455                                                  -21245.455
              1      -10624.695       0.3220159      -2.3025851       -2.3025851      -21244.785                                                  -21244.785
              1      -10624.874      0.32098312      -2.3025851       -2.3025851      -21245.143                                                  -21245.143
              1      -10624.761      0.30826527      -2.3025851       -2.3025851      -21244.916                                                  -21244.916
              2      -10624.612      0.32244325      -2.3025851       -2.3025851      -21244.619                                                  -21244.619
              4      -10625.185      0.31852587      -2.3025851       -2.3025851      -21245.765                                                  -21245.765
              1      -10625.305      0.31316841      -2.3025851       -2.3025851      -21246.006                                                  -21246.006
              2      -10625.318      0.31344874      -2.3025851       -2.3025851       -21246.03                                                   -21246.03
              1      -10624.734      0.30811301      -2.3025851       -2.3025851      -21244.862                                                  -21244.862
              4      -10625.034      0.31008127      -2.3025851       -2.3025851      -21245.463                                                  -21245.463
              1      -10624.522      0.30700766      -2.3025851       -2.3025851      -21244.439                                                  -21244.439
              1      -10624.588      0.30733556      -2.3025851       -2.3025851      -21244.571                                                  -21244.571
              1      -10624.603      0.32248817      -2.3025851       -2.3025851      -21244.602                                                  -21244.602
              2      -10624.695       0.3220168      -2.3025851       -2.3025851      -21244.784                                                  -21244.784
              1      -10622.685      0.32907133      -2.3025851       -2.3025851      -21240.766                                                  -21240.766
              5      -10623.388      0.32709307      -2.3025851       -2.3025851      -21242.171                                                  -21242.171
              2       -10625.22      0.31185697      -2.3025851       -2.3025851      -21245.835                                                  -21245.835
              1      -10625.126      0.31910544      -2.3025851       -2.3025851      -21245.647                                                  -21245.647
              7      -10625.205      0.31830251      -2.3025851       -2.3025851      -21245.806                                                  -21245.806
              3      -10625.293      0.31705761      -2.3025851       -2.3025851      -21245.982                                                  -21245.982
              1      -10624.971      0.30960472      -2.3025851       -2.3025851      -21245.336                                                  -21245.336
              1      -10625.237      0.31206125      -2.3025851       -2.3025851      -21245.868                                                  -21245.868
              1      -10625.297      0.31699353      -2.3025851       -2.3025851      -21245.988                                                  -21245.988
              2      -10625.282      0.31726195      -2.3025851       -2.3025851      -21245.958                                                  -21245.958
              1      -10625.308      0.31321276      -2.3025851       -2.3025851       -21246.01                                                   -21246.01
              1      -10625.097       0.3193702      -2.3025851       -2.3025851      -21245.588                                                  -21245.588
              1      -10625.077      0.31042465      -2.3025851       -2.3025851      -21245.548                                                  -21245.548
              1      -10620.447      0.29532948      -2.3025851       -2.3025851      -21236.289                                                  -21236.289
              1      -10621.494      0.33188777      -2.3025851       -2.3025851      -21238.383                                                  -21238.383
              1      -10624.848      0.32114786      -2.3025851       -2.3025851       -21245.09                                                   -21245.09
              1       -10624.59      0.32255328      -2.3025851       -2.3025851      -21244.575                                                  -21244.575
              1      -10625.348      0.31537379      -2.3025851       -2.3025851       -21246.09                                                   -21246.09
              4      -10625.349      0.31523537      -2.3025851       -2.3025851      -21246.092                                                  -21246.092
              1       -10623.37      0.32714819      -2.3025851       -2.3025851      -21242.135                                                  -21242.135
              1      -10624.824      0.32128557      -2.3025851       -2.3025851      -21245.044                                                  -21245.044
              1      -10624.618      0.32241218      -2.3025851       -2.3025851      -21244.632                                                  -21244.632
              3      -10625.264      0.31755208      -2.3025851       -2.3025851      -21245.922                                                  -21245.922
              1      -10625.342      0.31575437      -2.3025851       -2.3025851      -21246.079                                                  -21246.079
              1       -10625.08       0.3104545      -2.3025851       -2.3025851      -21245.555                                                  -21245.555
              2      -10625.152       0.3111111      -2.3025851       -2.3025851      -21245.699                                                  -21245.699
              3      -10625.342      0.31426112      -2.3025851       -2.3025851      -21246.079                                                  -21246.079
              2      -10625.279       0.3173098      -2.3025851       -2.3025851      -21245.953                                                  -21245.953
              1      -10625.328      0.31373084      -2.3025851       -2.3025851      -21246.051                                                  -21246.051
              2      -10625.144      0.31893874      -2.3025851       -2.3025851      -21245.683                                                  -21245.683
              1      -10625.287      0.31716462      -2.3025851       -2.3025851       -21245.97                                                   -21245.97
              2       -10624.73      0.32182828      -2.3025851       -2.3025851      -21244.854                                                  -21244.854
              1      -10624.634      0.32233284      -2.3025851       -2.3025851      -21244.663                                                  -21244.663
              2      -10625.348      0.31466933      -2.3025851       -2.3025851      -21246.091                                                  -21246.091
              1      -10624.956      0.32044522      -2.3025851       -2.3025851      -21245.307                                                  -21245.307
              1      -10625.338       0.3140498      -2.3025851       -2.3025851       -21246.07                                                   -21246.07
              2      -10625.278      0.31267053      -2.3025851       -2.3025851      -21245.951                                                  -21245.951
              2      -10625.331       0.3138296      -2.3025851       -2.3025851      -21246.058                                                  -21246.058
              1      -10625.008      0.30987799      -2.3025851       -2.3025851       -21245.41                                                   -21245.41
              1      -10625.093      0.31056155      -2.3025851       -2.3025851       -21245.58                                                   -21245.58
              4      -10624.891      0.32088021      -2.3025851       -2.3025851      -21245.176                                                  -21245.176
              1      -10625.315      0.31660763      -2.3025851       -2.3025851      -21246.025                                                  -21246.025
              3      -10625.009      0.30988955      -2.3025851       -2.3025851      -21245.413                                                  -21245.413
              2      -10624.924      0.30927892      -2.3025851       -2.3025851      -21245.242                                                  -21245.242
              1      -10624.793      0.32147166      -2.3025851       -2.3025851      -21244.981                                                  -21244.981
              2      -10625.332      0.31613513      -2.3025851       -2.3025851       -21246.06                                                   -21246.06
              4      -10625.137      0.31900384      -2.3025851       -2.3025851       -21245.67                                                   -21245.67
              1       -10625.13       0.3190691      -2.3025851       -2.3025851      -21245.655                                                  -21245.655
              1      -10624.982      0.30968553      -2.3025851       -2.3025851      -21245.358                                                  -21245.358
              1      -10625.177      0.31861338      -2.3025851       -2.3025851      -21245.749                                                  -21245.749
              3      -10624.752      0.30821851      -2.3025851       -2.3025851        -21244.9                                                    -21244.9
              1      -10624.527       0.3070307      -2.3025851       -2.3025851      -21244.448                                                  -21244.448
              1      -10624.384      0.30636201      -2.3025851       -2.3025851      -21244.163                                                  -21244.163
              1      -10624.818      0.30860515      -2.3025851       -2.3025851      -21245.031                                                  -21245.031
              1      -10622.492      0.30005083      -2.3025851       -2.3025851      -21240.379                                                  -21240.379
              1      -10622.475      0.30000631      -2.3025851       -2.3025851      -21240.346                                                  -21240.346
              2      -10623.221      0.30212323      -2.3025851       -2.3025851      -21241.838                                                  -21241.838
              3      -10625.345      0.31555142      -2.3025851       -2.3025851      -21246.086                                                  -21246.086
              4      -10625.335      0.31605631      -2.3025851       -2.3025851      -21246.064                                                  -21246.064
              1       -10625.15      0.31888494      -2.3025851       -2.3025851      -21245.695                                                  -21245.695
              3      -10624.871      0.30893262      -2.3025851       -2.3025851      -21245.137                                                  -21245.137
              1      -10623.692      0.30365244      -2.3025851       -2.3025851      -21242.779                                                  -21242.779
              1      -10624.508      0.30693778      -2.3025851       -2.3025851       -21244.41                                                   -21244.41
              3      -10625.305      0.31682141      -2.3025851       -2.3025851      -21246.006                                                  -21246.006
              3      -10624.943      0.30941365      -2.3025851       -2.3025851      -21245.281                                                  -21245.281
              2      -10623.959      0.30461629      -2.3025851       -2.3025851      -21243.314                                                  -21243.314
              2      -10624.045      0.30494436      -2.3025851       -2.3025851      -21243.484                                                  -21243.484
              1      -10625.349      0.31517498      -2.3025851       -2.3025851      -21246.093                                                  -21246.093
              4      -10625.275      0.31261153      -2.3025851       -2.3025851      -21245.944                                                  -21245.944
              2      -10625.344      0.31565595      -2.3025851       -2.3025851      -21246.082                                                  -21246.082
              1      -10624.318      0.32379333      -2.3025851       -2.3025851      -21244.031                                                  -21244.031
              1      -10624.676      0.32211661      -2.3025851       -2.3025851      -21244.747                                                  -21244.747
              1      -10622.853      0.32862527      -2.3025851       -2.3025851      -21241.101                                                  -21241.101
              2      -10623.615      0.32638068      -2.3025851       -2.3025851      -21242.624                                                  -21242.624
              1      -10623.179      0.32771528      -2.3025851       -2.3025851      -21241.753                                                  -21241.753
              5      -10624.159      0.32444134      -2.3025851       -2.3025851      -21243.713                                                  -21243.713
              1      -10622.076       0.3305774      -2.3025851       -2.3025851      -21239.547                                                  -21239.547
              2      -10622.651      0.32915923      -2.3025851       -2.3025851      -21240.698                                                  -21240.698
              1      -10623.615      0.32637822      -2.3025851       -2.3025851      -21242.626                                                  -21242.626
              2      -10625.251       0.3122574      -2.3025851       -2.3025851      -21245.897                                                  -21245.897
              1      -10624.547       0.3227627      -2.3025851       -2.3025851      -21244.489                                                  -21244.489
              3      -10625.289      0.31284772      -2.3025851       -2.3025851      -21245.972                                                  -21245.972
              1      -10625.168      0.31127475      -2.3025851       -2.3025851      -21245.731                                                  -21245.731
              1      -10625.322       0.3135635      -2.3025851       -2.3025851      -21246.039                                                  -21246.039
              2      -10624.839      0.30873257      -2.3025851       -2.3025851      -21245.073                                                  -21245.073
              1      -10625.165      0.31124336      -2.3025851       -2.3025851      -21245.725                                                  -21245.725
              4      -10625.107       0.3192792      -2.3025851       -2.3025851      -21245.609                                                  -21245.609
              1      -10625.224      0.31808013      -2.3025851       -2.3025851      -21245.843                                                  -21245.843
              1      -10624.005      0.30478943      -2.3025851       -2.3025851      -21243.404                                                  -21243.404
              2       -10625.31      0.31327455      -2.3025851       -2.3025851      -21246.016                                                  -21246.016
              1      -10625.324       0.3163811      -2.3025851       -2.3025851      -21246.043                                                  -21246.043
              5      -10624.771      0.32159514      -2.3025851       -2.3025851      -21244.938                                                  -21244.938
              1      -10625.112      0.31073828      -2.3025851       -2.3025851       -21245.62                                                   -21245.62
              1      -10624.373      0.32355821      -2.3025851       -2.3025851      -21244.141                                                  -21244.141
              1      -10623.707      0.32607795      -2.3025851       -2.3025851      -21242.808                                                  -21242.808
              2      -10623.515      0.30305478      -2.3025851       -2.3025851      -21242.425                                                  -21242.425
              2      -10625.349      0.31515441      -2.3025851       -2.3025851      -21246.093                                                  -21246.093
              1      -10623.374      0.30260012      -2.3025851       -2.3025851      -21242.143                                                  -21242.143
              1      -10622.336      0.29964216      -2.3025851       -2.3025851      -21240.068                                                  -21240.068
              1      -10622.977      0.30139456      -2.3025851       -2.3025851      -21241.348                                                  -21241.348
              4       -10622.97       0.3013739      -2.3025851       -2.3025851      -21241.334                                                  -21241.334
              1      -10621.361      0.33217398      -2.3025851       -2.3025851      -21238.116                                                  -21238.116
              1      -10623.619      0.32636526      -2.3025851       -2.3025851      -21242.634                                                  -21242.634
              2      -10624.358      0.32362211      -2.3025851       -2.3025851      -21244.111                                                  -21244.111
              1      -10623.906      0.32538919      -2.3025851       -2.3025851      -21243.207                                                  -21243.207
              2      -10624.461      0.32316655      -2.3025851       -2.3025851      -21244.317                                                  -21244.317
              5      -10625.335      0.31394394      -2.3025851       -2.3025851      -21246.064                                                  -21246.064
              2      -10624.942      0.30940728      -2.3025851       -2.3025851       -21245.28                                                   -21245.28
              2      -10625.029      0.31003958      -2.3025851       -2.3025851      -21245.453                                                  -21245.453
              4      -10624.904      0.30914801      -2.3025851       -2.3025851      -21245.203                                                  -21245.203
              1      -10625.291      0.31288835      -2.3025851       -2.3025851      -21245.977                                                  -21245.977
              1      -10625.343      0.31428734      -2.3025851       -2.3025851       -21246.08                                                   -21246.08
              1       -10625.27      0.31254117      -2.3025851       -2.3025851      -21245.935                                                  -21245.935
              2      -10625.317      0.31342747      -2.3025851       -2.3025851      -21246.029                                                  -21246.029
              3      -10624.573      0.32263995      -2.3025851       -2.3025851       -21244.54                                                   -21244.54
              1      -10625.091       0.3105499      -2.3025851       -2.3025851      -21245.577                                                  -21245.577
              1      -10624.953      0.30948473      -2.3025851       -2.3025851      -21245.302                                                  -21245.302
              1      -10624.971      0.30960663      -2.3025851       -2.3025851      -21245.337                                                  -21245.337
              1      -10625.046      0.31978361      -2.3025851       -2.3025851      -21245.487                                                  -21245.487
              1      -10624.608       0.3074369      -2.3025851       -2.3025851      -21244.611                                                  -21244.611
              1      -10625.341      0.31422192      -2.3025851       -2.3025851      -21246.078                                                  -21246.078
              1      -10625.126      0.31085986      -2.3025851       -2.3025851      -21245.646                                                  -21245.646
              2       -10625.23      0.31197779      -2.3025851       -2.3025851      -21245.855                                                  -21245.855
              5       -10624.86      0.30886351      -2.3025851       -2.3025851      -21245.115                                                  -21245.115
              1       -10623.73      0.30378653      -2.3025851       -2.3025851      -21242.855                                                  -21242.855
              5      -10624.996      0.30978755      -2.3025851       -2.3025851      -21245.386                                                  -21245.386
              3      -10625.263      0.31242432      -2.3025851       -2.3025851       -21245.92                                                   -21245.92
              1      -10624.898      0.30910613      -2.3025851       -2.3025851       -21245.19                                                   -21245.19
              3      -10625.231      0.31198616      -2.3025851       -2.3025851      -21245.856                                                  -21245.856
              2      -10625.319        0.316527      -2.3025851       -2.3025851      -21246.032                                                  -21246.032
              4      -10625.348      0.31534072      -2.3025851       -2.3025851       -21246.09                                                   -21246.09
              3      -10624.172      0.32439068      -2.3025851       -2.3025851      -21243.739                                                  -21243.739
              2      -10624.545      0.32277286      -2.3025851       -2.3025851      -21244.485                                                  -21244.485
              1      -10624.738      0.32178228      -2.3025851       -2.3025851      -21244.871                                                  -21244.871
             10      -10625.324      0.31638196      -2.3025851       -2.3025851      -21246.043                                                  -21246.043
              2      -10625.335      0.31605912      -2.3025851       -2.3025851      -21246.064                                                  -21246.064
              1      -10625.349      0.31504229      -2.3025851       -2.3025851      -21246.094                                                  -21246.094
              4      -10624.792      0.32147646      -2.3025851       -2.3025851      -21244.979                                                  -21244.979
              2      -10624.485      0.32305772      -2.3025851       -2.3025851      -21244.364                                                  -21244.364
              4      -10625.096      0.31937955      -2.3025851       -2.3025851      -21245.586                                                  -21245.586
              4      -10625.276      0.31262995      -2.3025851       -2.3025851      -21245.947                                                  -21245.947
              2      -10625.208      0.31826907      -2.3025851       -2.3025851      -21245.811                                                  -21245.811
              3      -10625.297       0.3169844      -2.3025851       -2.3025851      -21245.989                                                  -21245.989
              1      -10625.092      0.31055544      -2.3025851       -2.3025851      -21245.579                                                  -21245.579
              1      -10625.322      0.31643113      -2.3025851       -2.3025851       -21246.04                                                   -21246.04
              2      -10625.272      0.31742468      -2.3025851       -2.3025851      -21245.939                                                  -21245.939
              1      -10624.885      0.32091577      -2.3025851       -2.3025851      -21245.165                                                  -21245.165
              1      -10625.349      0.31520508      -2.3025851       -2.3025851      -21246.092                                                  -21246.092
              1      -10624.942      0.32053975      -2.3025851       -2.3025851       -21245.28                                                   -21245.28
              2      -10625.349       0.3150447      -2.3025851       -2.3025851      -21246.093                                                  -21246.093
              2      -10624.915      0.30922206      -2.3025851       -2.3025851      -21245.225                                                  -21245.225
              1      -10624.908       0.3091728      -2.3025851       -2.3025851       -21245.21                                                   -21245.21
              2      -10625.316      0.31660222      -2.3025851       -2.3025851      -21246.026                                                  -21246.026
              1      -10625.338      0.31593683      -2.3025851       -2.3025851       -21246.07                                                   -21246.07
              1      -10625.245       0.3178077      -2.3025851       -2.3025851      -21245.886                                                  -21245.886
              1      -10624.096      0.32468701      -2.3025851       -2.3025851      -21243.587                                                  -21243.587
              3      -10625.346      0.31548791      -2.3025851       -2.3025851      -21246.087                                                  -21246.087
              1      -10625.328       0.3137174      -2.3025851       -2.3025851       -21246.05                                                   -21246.05
              3      -10625.343      0.31427878      -2.3025851       -2.3025851       -21246.08                                                   -21246.08
              1      -10625.092      0.31941181      -2.3025851       -2.3025851      -21245.578                                                  -21245.578
              4      -10625.137      0.31900963      -2.3025851       -2.3025851      -21245.668                                                  -21245.668
              1       -10623.36      0.30255618      -2.3025851       -2.3025851      -21242.115                                                  -21242.115
              2      -10625.334       0.3139134      -2.3025851       -2.3025851      -21246.063                                                  -21246.063
              1      -10625.205      0.31167252      -2.3025851       -2.3025851      -21245.804                                                  -21245.804
              1      -10625.258       0.3176348      -2.3025851       -2.3025851       -21245.91                                                   -21245.91
              1      -10625.149      0.31889583      -2.3025851       -2.3025851      -21245.692                                                  -21245.692
              4      -10624.846       0.3087735      -2.3025851       -2.3025851      -21245.086                                                  -21245.086
              4      -10625.074      0.31039926      -2.3025851       -2.3025851      -21245.542                                                  -21245.542
              2      -10625.088      0.31052016      -2.3025851       -2.3025851       -21245.57                                                   -21245.57
              1      -10625.067      0.31034258      -2.3025851       -2.3025851      -21245.528                                                  -21245.528
              1      -10623.978      0.32513042      -2.3025851       -2.3025851       -21243.35                                                   -21243.35
              1      -10624.616      0.32242323      -2.3025851       -2.3025851      -21244.627                                                  -21244.627
              2      -10624.952      0.32047273      -2.3025851       -2.3025851      -21245.299                                                  -21245.299
              2      -10625.211      0.31824119      -2.3025851       -2.3025851      -21245.816                                                  -21245.816
              1       -10625.04      0.31983323      -2.3025851       -2.3025851      -21245.475                                                  -21245.475
              1      -10625.015      0.32002489      -2.3025851       -2.3025851      -21245.425                                                  -21245.425
              1      -10623.485      0.32679481      -2.3025851       -2.3025851      -21242.364                                                  -21242.364
              2      -10625.257      0.31764469      -2.3025851       -2.3025851      -21245.909                                                  -21245.909
              5      -10625.003      0.32011305      -2.3025851       -2.3025851      -21245.401                                                  -21245.401
              1      -10624.474      0.30677836      -2.3025851       -2.3025851      -21244.343                                                  -21244.343
              1      -10624.309       0.3060286      -2.3025851       -2.3025851      -21244.012                                                  -21244.012
              6      -10625.022      0.31997093      -2.3025851       -2.3025851      -21245.439                                                  -21245.439
              1       -10625.08      0.31951106      -2.3025851       -2.3025851      -21245.555                                                  -21245.555
              4      -10625.071      0.31958213      -2.3025851       -2.3025851      -21245.538                                                  -21245.538
              3      -10625.326      0.31634585      -2.3025851       -2.3025851      -21246.046                                                  -21246.046
              2      -10625.318      0.31654785      -2.3025851       -2.3025851       -21246.03                                                   -21246.03
              1      -10624.837      0.32121504      -2.3025851       -2.3025851      -21245.068                                                  -21245.068
              2      -10625.341      0.31579834      -2.3025851       -2.3025851      -21246.077                                                  -21246.077
              3      -10624.856      0.32109712      -2.3025851       -2.3025851      -21245.107                                                  -21245.107
              2      -10625.345      0.31555743      -2.3025851       -2.3025851      -21246.085                                                  -21246.085
              1      -10625.284      0.31276834      -2.3025851       -2.3025851      -21245.963                                                  -21245.963
              1      -10625.349      0.31497494      -2.3025851       -2.3025851      -21246.094                                                  -21246.094
              4      -10625.284      0.31722977      -2.3025851       -2.3025851      -21245.962                                                  -21245.962
              1      -10625.332      0.31616077      -2.3025851       -2.3025851      -21246.058                                                  -21246.058
              3      -10623.193      0.32767373      -2.3025851       -2.3025851      -21241.782                                                  -21241.782
              1      -10620.315      0.33426059      -2.3025851       -2.3025851      -21236.026                                                  -21236.026
              2      -10620.036      0.33477979      -2.3025851       -2.3025851      -21235.466                                                  -21235.466
              2       -10623.98      0.32512181      -2.3025851       -2.3025851      -21243.355                                                  -21243.355
              2      -10624.974      0.32032022      -2.3025851       -2.3025851      -21245.343                                                  -21245.343
              1      -10625.158      0.31116646      -2.3025851       -2.3025851       -21245.71                                                   -21245.71
              3      -10624.648      0.30764449      -2.3025851       -2.3025851      -21244.691                                                  -21244.691
              2      -10624.492      0.30686054      -2.3025851       -2.3025851      -21244.378                                                  -21244.378
              1      -10625.341       0.3158204      -2.3025851       -2.3025851      -21246.076                                                  -21246.076
              3      -10625.036      0.31986769      -2.3025851       -2.3025851      -21245.466                                                  -21245.466
              7      -10625.229      0.31801549      -2.3025851       -2.3025851      -21245.854                                                  -21245.854
              1      -10625.344       0.3156601      -2.3025851       -2.3025851      -21246.082                                                  -21246.082
              1      -10625.265      0.31752472      -2.3025851       -2.3025851      -21245.926                                                  -21245.926
              2      -10625.196       0.3184105      -2.3025851       -2.3025851      -21245.786                                                  -21245.786
              2      -10625.024      0.31000255      -2.3025851       -2.3025851      -21245.443                                                  -21245.443
