#        weight    minuslogpost         Omega_m   minuslogprior minuslogprior__0            chi2 chi2__functions_and_classes.SO_x_DESI_Likelihood_w_emulator
              1       28173.872      0.31535509      -3.2798423       -3.2798423       56354.303                                                   56354.303
              1       28168.327      0.31593647      -3.2807576       -3.2807576       56343.215                                                   56343.215
              1       28166.511      0.31612684      -3.2807308       -3.2807308       56339.584                                                   56339.584
              1       28161.473       0.3166503      -3.2798268       -3.2798268       56329.505                                                   56329.505
              3       28154.108      0.31743395      -3.2761972       -3.2761972       56314.768                                                   56314.768
              1       28150.895      0.31777333      -3.2737784       -3.2737784       56308.337                                                   56308.337
              4       28143.884      0.31851081      -3.2667573       -3.2667573       56294.301                                                   56294.301
              5       28127.118      0.32028623      -3.2399404       -3.2399404       56260.717                                                   56260.717
              3       28085.165      0.32476466      -3.1100572       -3.1100572        56176.55                                                    56176.55
              3       28071.531      0.32623192      -3.0481172       -3.0481172       56149.159                                                   56149.159
              2       28060.984       0.3273736      -2.9933027       -2.9933027       56127.954                                                   56127.954
              2       28024.737      0.33132624      -2.7587806       -2.7587806       56054.991                                                   56054.991
              3       28024.216      0.33138369      -2.7548603       -2.7548603       56053.941                                                   56053.941
              1       28023.697      0.33144042      -2.7509739       -2.7509739       56052.895                                                   56052.895
              1       28021.565      0.33167643      -2.7346545       -2.7346545         56048.6                                                     56048.6
              1       28012.085      0.33272021      -2.6595103       -2.6595103        56029.49                                                    56029.49
              3       28005.274      0.33347311       -2.602301        -2.602301       56015.753                                                   56015.753
              1       27985.284      0.33569349      -2.4189145       -2.4189145       55975.407                                                   55975.407
              1       27974.538       0.3368906      -2.3109507       -2.3109507       55953.697                                                   55953.697
              1        27967.97      0.33763024      -2.2410615       -2.2410615       55940.422                                                   55940.422
              1       27959.018      0.33863574      -2.1421513       -2.1421513        55922.32                                                    55922.32
              1       27934.131      0.34145346      -1.8410361       -1.8410361       55871.945                                                   55871.945
              1       27932.872      0.34159776      -1.8246657       -1.8246657       55869.394                                                   55869.394
              2        27911.95      0.34399026      -1.5397565       -1.5397565        55826.98                                                    55826.98
              2       27900.944      0.34525909      -1.3783343       -1.3783343       55804.644                                                   55804.644
              1        27892.98      0.34618123      -1.2565296       -1.2565296       55788.472                                                   55788.472
              8       27893.054      0.34617456      -1.2574244       -1.2574244       55788.622                                                   55788.622
              1       27883.085      0.34733362      -1.0989981       -1.0989981       55768.368                                                   55768.368
              3       27880.932      0.34758652      -1.0636368       -1.0636368       55763.992                                                   55763.992
              3       27872.038      0.34862266     -0.91579377      -0.91579377       55745.908                                                   55745.908
              1       27867.001      0.34921816     -0.82866347      -0.82866347       55735.659                                                   55735.659
              1       27862.619      0.34972978     -0.75254882      -0.75254882       55726.743                                                   55726.743
              1       27854.652      0.35067215     -0.60930488      -0.60930488       55710.524                                                   55710.524
              2       27834.366      0.35308292     -0.22489377      -0.22489377       55669.181                                                   55669.181
              1       27832.514      0.35329793     -0.18935471      -0.18935471       55665.407                                                   55665.407
              1       27823.428      0.35438911   -0.0058251558    -0.0058251558       55646.867                                                   55646.867
              1       27819.815      0.35482426     0.068839922      0.068839922       55639.493                                                   55639.493
              1       27810.089      0.35599796      0.27442589       0.27442589        55619.63                                                    55619.63
              2       27806.119      0.35648098      0.36081095       0.36081095       55611.517                                                   55611.517
              1       27787.931      0.35869643      0.77031176       0.77031176       55574.322                                                   55574.322
              6       27778.648       0.3598351      0.98926854       0.98926854       55555.317                                                   55555.317
              1       27764.144      0.36163004        1.346123         1.346123       55525.596                                                   55525.596
              2       27744.593      0.36407463        1.855168         1.855168       55485.475                                                   55485.475
              1       27740.691      0.36456334       1.9601183        1.9601183       55477.461                                                   55477.461
              1       27701.623      0.36954832       3.0912828        3.0912828       55397.063                                                   55397.063
              2       27679.531      0.37242925       3.7953675        3.7953675       55351.471                                                   55351.471
              2       27658.856      0.37515921       4.4965943        4.4965943       55308.718                                                   55308.718
              3       27647.773      0.37664606       4.8924429        4.8924429       55285.762                                                   55285.762
              2       27638.282      0.37792214       5.2400145        5.2400145       55266.084                                                   55266.084
              2        27629.17      0.37916251        5.584795         5.584795       55247.171                                                   55247.171
              1        27606.16       0.3823276       6.4955687        6.4955687       55199.328                                                   55199.328
              1       27595.516      0.38380821       6.9369062        6.9369062       55177.159                                                   55177.159
              4       27586.655      0.38505378       7.3157313        7.3157313        55158.68                                                    55158.68
              4        27575.73      0.38660732       7.7978845        7.7978845       55135.863                                                   55135.863
              2       27551.431      0.39010257       8.9218811        8.9218811       55085.019                                                   55085.019
              2       27519.696      0.39480089       10.518302        10.518302       55018.355                                                   55018.355
              1       27502.196      0.39745852       11.464768        11.464768       54981.462                                                   54981.462
              1       27498.738      0.39798862       11.657309        11.657309       54974.162                                                   54974.162
              2       27485.266      0.40007489       12.427204        12.427204       54945.677                                                   54945.677
              1       27467.928      0.40280506       13.463941        13.463941       54908.928                                                   54908.928
              1       27452.965      0.40520848       14.404016        14.404016       54877.123                                                   54877.123
              1       27443.094       0.4068172       15.047599        15.047599       54856.093                                                   54856.093
              1       27418.419      0.41092964       16.745092        16.745092       54803.347                                                   54803.347
              1       27386.823      0.41640803       19.123172        19.123172       54735.401                                                   54735.401
              1       27369.171      0.41957572       20.559077        20.559077       54697.224                                                   54697.224
              3       27356.793      0.42185431       21.619533        21.619533       54670.347                                                   54670.347
              1       27322.459      0.42843644       24.812462        24.812462       54595.293                                                   54595.293
              1       27310.379      0.43086049       26.036859        26.036859       54568.685                                                   54568.685
              4       27293.731      0.43429417       27.815924        27.815924        54531.83                                                    54531.83
              5       27292.634      0.43452489       27.937343        27.937343       54529.394                                                   54529.394
              2       27275.515      0.43820209       29.904459        29.904459        54491.22                                                    54491.22
              2       27269.229      0.43959432       30.664911        30.664911       54477.128                                                   54477.128
              1       27262.275      0.44115088        31.52533         31.52533       54461.499                                                   54461.499
              2        27258.06      0.44211085       32.061339        32.061339       54451.997                                                   54451.997
              2       27256.624      0.44244268       32.247571        32.247571       54448.752                                                   54448.752
              1        27253.68      0.44312027       32.629372        32.629372       54442.101                                                   54442.101
              1       27245.062      0.44514192       33.780645        33.780645       54422.562                                                   54422.562
              2       27226.248       0.4497381       36.465632        36.465632       54379.565                                                   54379.565
              2           27224      0.45030568       36.803713        36.803713       54374.393                                                   54374.393
              1       27218.878      0.45161777       37.590741        37.590741       54362.575                                                   54362.575
              2       27209.456      0.45407821       39.087216        39.087216       54340.737                                                   54340.737
              4       27153.234      0.47108608       50.167437        50.167437       54206.133                                                   54206.133
              1       27149.168      0.47252923       51.166786        51.166786       54196.002                                                   54196.002
              9       27110.177      0.48920888       63.388822        63.388822       54093.577                                                   54093.577
              1        27108.45      0.49013576       64.104263        64.104263       54088.691                                                   54088.691
              2       27100.285      0.49490929       67.849306        67.849306       54064.871                                                   54064.871
              1       27090.563      0.50189355       73.511262        73.511262       54034.103                                                   54034.103
              1       27086.738      0.50538781       76.425325        76.425325       54020.625                                                   54020.625
              5       27077.542      0.52136575       90.441658        90.441658       53974.201                                                   53974.201
              1       27077.752      0.52750701       96.130824        96.130824       53963.243                                                   53963.243
              2       27078.097      0.52889238       97.437378        97.437378        53961.32                                                    53961.32
              1       27077.954      0.51927486       88.542938        88.542938       53978.823                                                   53978.823
              1       27077.745       0.5201952       89.376297        89.376297       53976.737                                                   53976.737
              1       27077.539      0.52595472       94.676976        94.676976       53965.724                                                   53965.724
              1       27077.383      0.52424153        93.08487         93.08487       53968.597                                                   53968.597
              1       27078.316      0.52964433       98.150118        98.150118       53960.332                                                   53960.332
              1       27077.457      0.52505779       93.841813        93.841813       53967.231                                                   53967.231
              2       27077.476      0.52573311       94.470297        94.470297       53966.011                                                   53966.011
              1       27077.811      0.51997874       89.179961        89.179961       53977.263                                                   53977.263
              1        27078.15      0.51850621       87.849825        87.849825       53980.599                                                   53980.599
             11        27077.38      0.52429284       93.132363        93.132363       53968.496                                                   53968.496
              2       27077.574      0.52650204       95.188361        95.188361       53964.772                                                   53964.772
              1       27077.348       0.5235024       92.402004        92.402004       53969.893                                                   53969.893
              1       27079.916      0.51424911       84.058585        84.058585       53991.715                                                   53991.715
              1       27080.496      0.51314972       83.092593        83.092593       53994.807                                                   53994.807
              1       27080.239       0.5136087       83.495226        83.495226       53993.488                                                   53993.488
              2       27077.553      0.52144737        90.51617         90.51617       53974.073                                                   53974.073
              1       27077.773      0.52742757       96.056157        96.056157       53963.434                                                   53963.434
              1       27077.403      0.52274257       91.702547        91.702547       53971.401                                                   53971.401
              1       27077.507      0.52160199       90.657412        90.657412       53973.699                                                   53973.699
              1       27077.843      0.51970749       88.934213        88.934213       53977.817                                                   53977.817
              3       27077.719       0.5202811       89.454271        89.454271       53976.529                                                   53976.529
              2       27077.389      0.52299851        91.93786         91.93786       53970.902                                                   53970.902
              3       27077.662      0.52702445       95.677722        95.677722       53963.969                                                   53963.969
              2       27077.693      0.52721512       95.856624        95.856624       53963.672                                                   53963.672
              1       27077.587      0.52658112       95.262359        95.262359        53964.65                                                    53964.65
              3       27077.516       0.5259926       94.712325        94.712325       53965.608                                                   53965.608
              1       27077.522      0.52171953       90.764845        90.764845       53973.514                                                   53973.514
              4       27077.368      0.52393517       92.801536        92.801536       53969.134                                                   53969.134
              1       27077.567      0.52121368       90.302914        90.302914       53974.528                                                   53974.528
             10       27077.539      0.52595399       94.676297        94.676297       53965.725                                                   53965.725
              1       27077.448      0.52543824       94.195625        94.195625       53966.505                                                   53966.505
              2        27077.46      0.52233333       91.326883        91.326883       53972.267                                                   53972.267
              2       27077.494      0.52589914       94.625116        94.625116       53965.738                                                   53965.738
             11       27077.739      0.52018187       89.364204        89.364204       53976.749                                                   53976.749
              5       27077.377      0.52350801       92.407177        92.407177       53969.939                                                   53969.939
             15       27077.373      0.52401253       92.873038        92.873038           53969                                                       53969
              7       27077.381      0.52355088       92.446714        92.446714       53969.869                                                   53969.869
             11        27077.37      0.52375835       92.638192        92.638192       53969.464                                                   53969.464
              6       27078.009      0.51899739       88.292436        88.292436       53979.432                                                   53979.432
              4       27077.456      0.52214536       91.154591        91.154591       53972.603                                                   53972.603
              3       27079.695      0.53296799       101.33058        101.33058       53956.729                                                   53956.729
              2       27079.218      0.51556336       85.220421        85.220421       53987.996                                                   53987.996
              4       27077.374      0.52331675       92.230862        92.230862       53970.287                                                   53970.287
              1       27078.385      0.51773848       87.160158        87.160158        53982.45                                                    53982.45
              2       27077.401      0.52277342       91.730898        91.730898       53971.341                                                   53971.341
              2       27077.401      0.52280133       91.756545        91.756545       53971.289                                                   53971.289
              2       27077.568      0.52625627       94.958561        94.958561       53965.219                                                   53965.219
              2       27077.767      0.52003549       89.231414        89.231414       53977.071                                                   53977.071
              4       27077.387      0.52448323       93.308695        93.308695       53968.156                                                   53968.156
              5       27077.755      0.52753566       96.157752        96.157752       53963.195                                                   53963.195
             29       27077.444      0.52195687       90.981976        90.981976       53972.924                                                   53972.924
              3       27077.542      0.52627216       94.973417        94.973417       53965.137                                                   53965.137
              7       27077.545      0.52134465       90.422401        90.422401       53974.246                                                   53974.246
              1       27077.544       0.5213034       90.384761        90.384761       53974.319                                                   53974.319
              3       27077.808      0.51984343       89.057331        89.057331         53977.5                                                     53977.5
              7         27078.3      0.52959811       98.106236        98.106236       53960.387                                                   53960.387
              1        27077.46      0.52555637       94.305614        94.305614       53966.308                                                   53966.308
              4       27077.376      0.52337675       92.286154        92.286154       53970.179                                                   53970.179
              5       27077.709       0.5203325        89.50095         89.50095       53976.415                                                   53976.415
              1       27077.409       0.5249709       93.761097        93.761097       53967.296                                                   53967.296
              7       27077.554      0.52638063       95.074814        95.074814       53964.958                                                   53964.958
              5       27077.828      0.52774077       96.350688        96.350688       53962.956                                                   53962.956
              3       27078.083      0.52884255       97.390236        97.390236       53961.385                                                   53961.385
              1       27078.014      0.51898438       88.280699        88.280699       53979.466                                                   53979.466
              5       27077.805      0.51987266       89.083814        89.083814       53977.443                                                   53977.443
             14       27078.293      0.51802422       87.416531        87.416531       53981.754                                                   53981.754
              9         27077.4      0.52514924       93.926795        93.926795       53966.946                                                   53966.946
              6       27078.327      0.52974546       98.246173        98.246173       53960.162                                                   53960.162
              3       27077.403      0.52273972       91.699922        91.699922       53971.406                                                   53971.406
             11       27077.711      0.52729097       95.927838        95.927838       53963.566                                                   53963.566
             28       27077.589      0.52100385       90.111626        90.111626       53974.955                                                   53974.955
              2       27077.896      0.52816331       96.748727        96.748727       53962.295                                                   53962.295
              2       27080.454      0.53435127       102.66874        102.66874       53955.571                                                   53955.571
              2       27079.803      0.51441938       84.208678        84.208678       53991.188                                                   53991.188
              1       27079.597      0.51487722       84.612897        84.612897       53989.969                                                   53989.969
              8       27078.064      0.52880112       97.351045        97.351045       53961.425                                                   53961.425
              1       27077.954      0.51927732        88.54516         88.54516       53978.817                                                   53978.817
              1       27078.267      0.51811563       87.498625        87.498625       53981.537                                                   53981.537
              4        27077.85      0.51971787        88.94361         88.94361       53977.813                                                   53977.813
             11       27077.771      0.52002361       89.220641        89.220641       53977.101                                                   53977.101
              2       27077.803      0.51987766       89.088343        89.088343       53977.429                                                   53977.429
              1       27077.509      0.52157567       90.633362        90.633362       53973.752                                                   53973.752
              4       27077.442      0.52198503       91.007751        91.007751       53972.868                                                   53972.868
              1       27077.443      0.52198445       91.007222        91.007222       53972.871                                                   53972.871
              5       27077.392      0.52463246       93.447022        93.447022       53967.891                                                   53967.891
              7       27077.672      0.52707965       95.729499        95.729499       53963.885                                                   53963.885
              7        27077.51       0.5260385       94.755175        94.755175        53965.51                                                    53965.51
              5       27077.438      0.52222212       91.224924        91.224924       53972.426                                                   53972.426
              1        27077.89      0.52811926       96.707187        96.707187       53962.366                                                   53962.366
              4       27077.379      0.52419243       93.039426        93.039426        53968.68                                                    53968.68
              1       27080.577      0.53457027       102.88137        102.88137        53955.39                                                    53955.39
              3       27078.873      0.53117435       99.608124        99.608124        53958.53                                                    53958.53
              1       27078.332        0.529688       98.191589        98.191589       53960.282                                                   53960.282
             11       27077.381      0.52406605       92.922525        92.922525       53968.918                                                   53968.918
              1       27079.007      0.51610479       85.701296        85.701296       53986.611                                                   53986.611
              8       27077.446       0.5219368       90.963599        90.963599       53972.965                                                   53972.965
              2         27077.4      0.52478844       93.591705        93.591705       53967.617                                                   53967.617
              5       27077.887      0.51962974        88.86384         88.86384       53978.046                                                   53978.046
              2       27079.053      0.53160252       100.01801        100.01801       53958.069                                                   53958.069
             22       27077.879      0.51954229       88.784709        88.784709       53978.188                                                   53978.188
              5       27077.476      0.52185621       90.889856        90.889856       53973.172                                                   53973.172
              9        27078.21      0.52921687        97.74464         97.74464       53960.931                                                   53960.931
              9       27077.464        0.522019        91.03885         91.03885       53972.851                                                   53972.851
              3       27077.439      0.52221244       91.216061        91.216061       53972.446                                                   53972.446
              2       27077.476      0.52188634       90.917423        90.917423       53973.117                                                   53973.117
              4       27077.886       0.5196359       88.869407        88.869407       53978.033                                                   53978.033
              3       27078.745      0.53075642       99.208833        99.208833       53959.072                                                   53959.072
              2       27077.445      0.52539874        94.15886         94.15886       53966.572                                                   53966.572
              2       27080.212       0.5137069       83.581499        83.581499        53993.26                                                    53993.26
              3        27077.37      0.52376473        92.64408         92.64408       53969.452                                                   53969.452
              1       27077.914      0.51938408       88.641643        88.641643       53978.544                                                   53978.544
              4       27077.981      0.51913535       88.416941        88.416941       53979.128                                                   53979.128
              4       27077.424      0.52475452       93.560231        93.560231       53967.727                                                   53967.727
              7       27077.517      0.52600639       94.725194        94.725194       53965.584                                                   53965.584
              8       27079.788      0.51446411        84.24813         84.24813       53991.079                                                   53991.079
              2        27082.73      0.53767326       105.91709        105.91709       53953.625                                                   53953.625
              3       27077.776      0.52000149       89.200585        89.200585        53977.15                                                    53977.15
              3       27077.739       0.5201778       89.360506        89.360506       53976.758                                                   53976.758
              1       27077.704      0.52711534       95.762982        95.762982       53963.882                                                   53963.882
              1       27077.832      0.52774899        96.35842         96.35842       53962.947                                                   53962.947
              1       27077.605       0.5265205        95.20564         95.20564       53964.798                                                   53964.798
              1       27077.415      0.52253348       91.510517        91.510517       53971.808                                                   53971.808
              3        27077.46      0.52205787       91.074443        91.074443       53972.771                                                   53972.771
              4       27077.806      0.51985563       89.068384        89.068384       53977.475                                                   53977.475
              1       27077.549      0.52125924       90.344471        90.344471        53974.41                                                    53974.41
              3        27077.59       0.5267526       95.422919        95.422919       53964.334                                                   53964.334
              3       27077.377      0.52329057       92.206744        92.206744        53970.34                                                    53970.34
              4       27078.017      0.51897583       88.272987        88.272987       53979.488                                                   53979.488
              7       27077.948      0.51930143       88.566949        88.566949       53978.761                                                   53978.761
              7       27077.743      0.52021348        89.39289         89.39289       53976.699                                                   53976.699
              2       27078.033      0.52867711         97.2338          97.2338       53961.598                                                   53961.598
              1       27077.394      0.52286836       91.818165        91.818165       53971.153                                                   53971.153
              4       27078.238      0.51820699       87.580714        87.580714       53981.314                                                   53981.314
              1       27077.389      0.52304612       91.981668        91.981668       53970.816                                                   53970.816
             14       27077.885      0.52808836       96.678064        96.678064       53962.414                                                   53962.414
              1       27078.887      0.53125026       99.680729        99.680729       53958.413                                                   53958.413
              2       27077.587      0.52672914       95.400943        95.400943       53964.372                                                   53964.372
              2       27080.412      0.51329889        83.22335         83.22335       53994.378                                                   53994.378
              5       27077.748      0.52027902        89.45238         89.45238       53976.592                                                   53976.592
              6       27078.695      0.51694555         86.4506          86.4506        53984.49                                                    53984.49
              6       27077.457      0.52213551       91.145564        91.145564       53972.623                                                   53972.623
              9        27077.45      0.52209966       91.112723        91.112723       53972.674                                                   53972.674
              5       27077.494      0.52590118       94.627022        94.627022       53965.734                                                   53965.734
              2       27077.575      0.52108294       90.183704        90.183704       53974.783                                                   53974.783
             17       27077.421       0.5229523       91.895358        91.895358       53971.052                                                   53971.052
              2       27078.184       0.5183785       87.734915        87.734915       53980.898                                                   53980.898
              1       27077.643      0.52086724       89.987206        89.987206       53975.311                                                   53975.311
              4        27077.38      0.52430347       93.142202        93.142202       53968.476                                                   53968.476
             14       27078.279      0.51807665       87.463618        87.463618        53981.63                                                    53981.63
             11       27077.436      0.52526625       94.035593        94.035593       53966.802                                                   53966.802
              7       27077.469      0.52536205       94.124717        94.124717       53966.689                                                   53966.689
              6       27078.069      0.52882197       97.370768        97.370768       53961.397                                                   53961.397
              2        27078.16      0.52913821       97.670114        97.670114       53960.981                                                   53960.981
              1       27077.356      0.52360938       92.500687        92.500687       53969.711                                                   53969.711
             29       27077.438      0.52222201       91.224829        91.224829       53972.426                                                   53972.426
              3        27078.13      0.51856841       87.905814        87.905814       53980.448                                                   53980.448
              2       27078.745      0.53085653       99.304404        99.304404       53958.881                                                   53958.881
              3       27078.969      0.51618923       85.776407        85.776407       53986.384                                                   53986.384
              2       27077.413      0.52254944       91.525168        91.525168       53971.776                                                   53971.776
              2       27077.402      0.52481339       93.614858        93.614858       53967.574                                                   53967.574
              4       27077.594      0.52677419       95.443141        95.443141       53964.302                                                   53964.302
             25       27077.656      0.52060287       89.746639        89.746639       53975.819                                                   53975.819
             11       27077.558      0.52640026       95.093163        95.093163        53964.93                                                    53964.93
              2       27077.369      0.52367004       92.556666        92.556666       53969.625                                                   53969.625
              5       27078.394      0.51771796       87.141759        87.141759       53982.504                                                   53982.504
              1       27079.062      0.51604336       85.646671        85.646671        53986.83                                                    53986.83
              7       27078.314      0.51796067       87.359483        87.359483       53981.909                                                   53981.909
              9       27078.097      0.51869626       88.020956        88.020956       53980.153                                                   53980.153
              2       27077.809      0.51983834        89.05272         89.05272       53977.513                                                   53977.513
              5        27077.84      0.52787358       96.475709        96.475709       53962.728                                                   53962.728
              5       27077.374      0.52398087       92.843772        92.843772        53969.06                                                    53969.06
             10       27077.495      0.52587153       94.599361        94.599361        53965.79                                                    53965.79
              3       27077.388       0.5230168       91.954692        91.954692       53970.867                                                   53970.867
              3       27077.492      0.52585451       94.583487        94.583487       53965.817                                                   53965.817
              2       27077.988      0.51910979       88.393868        88.393868       53979.188                                                   53979.188
              8       27077.474       0.5218769       90.908785        90.908785       53973.131                                                   53973.131
              5       27078.315      0.51795614        87.35542         87.35542       53981.919                                                   53981.919
              7       27078.331      0.51791307       87.316759        87.316759       53982.029                                                   53982.029
             10       27077.408      0.52491876       93.712677        93.712677        53967.39                                                    53967.39
              2       27077.416      0.52248542       91.466406        91.466406       53971.899                                                   53971.899
              3       27077.887      0.51962666       88.861052        88.861052       53978.053                                                   53978.053
              4       27077.669      0.52706121       95.712198        95.712198       53963.914                                                   53963.914
             16       27077.505      0.52168542       90.733657        90.733657       53973.542                                                   53973.542
              8        27078.21      0.52929887        97.82236         97.82236       53960.776                                                   53960.776
              1       27078.501      0.51740236       86.859036        86.859036       53983.285                                                   53983.285
              3       27077.379      0.52418225       93.030008        93.030008       53968.698                                                   53968.698
              4       27077.443      0.52266127       91.627859        91.627859        53971.63                                                    53971.63
              3       27080.753      0.51272461       82.720503        82.720503       53996.065                                                   53996.065
              3        27078.72      0.51684532       86.361103        86.361103       53984.717                                                   53984.717
              6       27077.394      0.52470447       93.513798        93.513798       53967.761                                                   53967.761
              9       27078.796      0.53097631       99.418823        99.418823       53958.754                                                   53958.754
              2       27078.668      0.53064595       99.103416        99.103416       53959.129                                                   53959.129
              3       27078.505       0.5301101       98.592869        98.592869       53959.824                                                   53959.824
              4       27078.501      0.53019159       98.670425        98.670425       53959.662                                                   53959.662
              5       27077.357      0.52360642       92.497958        92.497958       53969.719                                                   53969.719
              2       27078.618      0.53044143       98.908407        98.908407        53959.42                                                    53959.42
              4       27079.127      0.53175824       100.16727        100.16727        53957.92                                                    53957.92
             19        27077.52      0.52147663       90.542887        90.542887       53973.954                                                   53973.954
             28       27077.368      0.52389717       92.766417        92.766417       53969.203                                                   53969.203
             11       27077.659      0.52682829        95.49383         95.49383        53964.33                                                    53964.33
              3       27077.592       0.5267574       95.427412        95.427412       53964.328                                                   53964.328
             13        27077.37      0.52388103       92.751503        92.751503       53969.238                                                   53969.238
              1       27077.547      0.52630702       95.005995        95.005995       53965.082                                                   53965.082
             17       27077.567      0.52623662       94.940208        94.940208       53965.253                                                   53965.253
              3       27077.448      0.52542547       94.183742        94.183742       53966.528                                                   53966.528
              9       27077.457      0.52504365       93.828669        93.828669       53967.256                                                   53967.256
              2       27077.464      0.52558008       94.327701        94.327701       53966.273                                                   53966.273
              3       27078.886      0.53120716       99.639499        99.639499       53958.493                                                   53958.493
              2       27081.763      0.51117906       81.374486        81.374486       54000.777                                                   54000.777
              2       27077.401      0.52515443       93.931628        93.931628       53966.938                                                   53966.938
              1       27079.361      0.51530985       84.995718        84.995718        53988.73                                                    53988.73
              6       27079.993      0.53347251       101.81766        101.81766        53956.35                                                    53956.35
              2       27080.455      0.53435383       102.67122        102.67122       53955.568                                                   53955.568
              7       27077.345      0.52363173       92.521312        92.521312       53969.648                                                   53969.648
              2       27077.697      0.52053703        89.68678         89.68678       53976.021                                                   53976.021
             14       27077.707      0.52726814         95.9064          95.9064       53963.601                                                   53963.601
              7       27078.108      0.51864509       87.974861        87.974861       53980.267                                                   53980.267
              1       27077.594      0.52677616       95.444988        95.444988       53964.298                                                   53964.298
              8       27078.136      0.52905719        97.59338         97.59338       53961.085                                                   53961.085
              2        27077.37      0.52395666       92.821394        92.821394       53969.097                                                   53969.097
              6       27078.317      0.52964813       98.153731        98.153731       53960.326                                                   53960.326
              1       27078.547      0.53028473       98.759115        98.759115       53959.576                                                   53959.576
              4       27077.396      0.52312363       92.053011        92.053011       53970.687                                                   53970.687
              5       27077.727      0.52738308       96.014357        96.014357       53963.426                                                   53963.426
              8       27077.373      0.52350179       92.401437        92.401437       53969.942                                                   53969.942
              3       27077.978      0.52847189       97.039905        97.039905       53961.876                                                   53961.876
             11       27077.771      0.52002551       89.222364        89.222364       53977.096                                                   53977.096
              6       27077.985      0.52835542       96.929956        96.929956       53962.109                                                   53962.109
              6       27078.202      0.52927452       97.799283        97.799283       53960.806                                                   53960.806
              1       27077.455      0.52503075        93.81669         93.81669       53967.276                                                   53967.276
              3       27078.004      0.51901368       88.307132        88.307132       53979.394                                                   53979.394
              2       27078.227       0.5293236       97.845805        97.845805       53960.762                                                   53960.762
             13       27077.399      0.52279643       91.752038        91.752038       53971.295                                                   53971.295
              7       27077.415      0.52249864       91.478544        91.478544       53971.873                                                   53971.873
              2       27077.849      0.51971848       88.944164        88.944164        53977.81                                                    53977.81
              1       27077.546      0.52128614       90.369005        90.369005       53974.354                                                   53974.354
              3       27077.695      0.52055913       89.706872        89.706872       53975.975                                                   53975.975
              1       27077.427       0.5223754       91.365468        91.365468       53972.124                                                   53972.124
              1       27077.856      0.52797617       96.572335        96.572335       53962.567                                                   53962.567
              1       27078.094      0.51870142       88.025597        88.025597       53980.137                                                   53980.137
              6       27078.029      0.51903036       88.322186        88.322186       53979.414                                                   53979.414
              2       27078.324       0.5297323       98.233669        98.233669        53960.18                                                    53960.18
              1        27078.74      0.51676242       86.287122        86.287122       53984.905                                                   53984.905
             16       27077.976      0.52846364       97.032119        97.032119       53961.887                                                   53961.887
              3       27077.715       0.5273095       95.945243        95.945243       53963.539                                                   53963.539
              1        27078.15      0.52910349       97.637229        97.637229       53961.025                                                   53961.025
              7       27077.434      0.52523431       94.005891        94.005891       53966.856                                                   53966.856
              2       27078.304      0.51799044       87.386208        87.386208       53981.836                                                   53981.836
              3       27077.657      0.52700528       95.659741        95.659741       53963.994                                                   53963.994
              4       27077.495      0.52562719       94.371591        94.371591       53966.248                                                   53966.248
              4       27081.633      0.51136508       81.535929        81.535929       54000.194                                                   54000.194
             10       27078.208      0.51833441       87.695263        87.695263       53981.026                                                   53981.026
              4        27078.21      0.51832653       87.688174        87.688174       53981.044                                                   53981.044
              4       27077.495      0.52588222       94.609339        94.609339       53965.772                                                   53965.772
              7       27078.167      0.52916257       97.693194        97.693194       53960.947                                                   53960.947
              1       27078.315      0.52954758       98.058275        98.058275       53960.514                                                   53960.514
              6        27077.81      0.52778705       96.394247        96.394247       53962.832                                                   53962.832
              5       27077.429      0.52207512       91.090244        91.090244       53972.678                                                   53972.678
              3       27077.596       0.5209744       90.084802        90.084802       53975.022                                                   53975.022
              3       27077.805      0.51985966       89.072035        89.072035       53977.467                                                   53977.467
             10       27077.825        0.527713       96.324557        96.324557           53963                                                       53963
              1       27078.026        0.519046       88.336299        88.336299       53979.379                                                   53979.379
              4       27077.814      0.51981695       89.033346        89.033346       53977.562                                                   53977.562
              4       27077.403      0.52487317       93.670346        93.670346       53967.466                                                   53967.466
             11        27077.38      0.52420679       93.052716        93.052716       53968.655                                                   53968.655
              1       27077.423      0.52500316       93.791058        93.791058       53967.263                                                   53967.263
              4       27077.428      0.52208231       91.096832        91.096832       53972.663                                                   53972.663
              4       27078.009      0.52860178       97.162603        97.162603       53961.693                                                   53961.693
             11        27077.42      0.52243354       91.418808        91.418808       53972.003                                                   53972.003
              1       27078.189      0.51835598       87.714663        87.714663        53980.95                                                    53980.95
              3       27077.853      0.52793096       96.529748        96.529748       53962.647                                                   53962.647
              3        27077.77      0.52746123       96.087795        96.087795       53963.364                                                   53963.364
              3       27078.289      0.51803643       87.427501        87.427501       53981.723                                                   53981.723
              1       27078.014      0.51898096       88.277609        88.277609       53979.473                                                   53979.473
              2       27078.846      0.51649535       86.048976        86.048976       53985.595                                                   53985.595
              8       27077.817      0.52782521       96.430162        96.430162       53962.773                                                   53962.773
              2       27078.975      0.51617669       85.765251        85.765251       53986.419                                                   53986.419
              4       27079.288      0.53213825         100.532          100.532       53957.511                                                   53957.511
              1       27079.252      0.53205657       100.45355        100.45355       53957.598                                                   53957.598
              3       27078.729      0.51678684       86.308908        86.308908        53984.84                                                    53984.84
              2       27077.426      0.52240068       91.388661        91.388661       53972.074                                                   53972.074
              8       27077.726      0.52737778       96.009382        96.009382       53963.434                                                   53963.434
              2       27077.605      0.52091077       90.026845        90.026845       53975.156                                                   53975.156
              2       27078.042      0.52871579       97.270361        97.270361       53961.542                                                   53961.542
              2       27080.652      0.53462732        102.9368         102.9368       53955.431                                                   53955.431
              3       27081.216      0.51199566       82.084341        82.084341       53998.263                                                   53998.263
              7       27082.619      0.51000228       80.356757        80.356757       54004.524                                                   54004.524
              1       27077.657      0.52046741         89.6235          89.6235       53976.067                                                   53976.067
              1       27077.997       0.5285599       97.123038        97.123038       53961.747                                                   53961.747
              3       27078.612      0.53050117       98.965349        98.965349       53959.292                                                   53959.292
              3         27078.1      0.51868683       88.012458        88.012458       53980.175                                                   53980.175
              1       27078.723      0.53071594       99.170199        99.170199       53959.106                                                   53959.106
              1       27077.634      0.52074519       89.876104        89.876104       53975.515                                                   53975.515
              5       27077.381       0.5243761       93.209451        93.209451       53968.343                                                   53968.343
              4       27077.345      0.52364232       92.531086        92.531086       53969.628                                                   53969.628
              2       27078.145      0.51852336        87.86526         87.86526        53980.56                                                    53980.56
              2       27078.388      0.52981786       98.314961        98.314961       53960.146                                                   53960.146
              5       27077.392       0.5246212        93.43658         93.43658        53967.91                                                    53967.91
              2       27077.463      0.52203522       91.053707        91.053707       53972.819                                                   53972.819
              4       27077.422      0.52294306       91.886854        91.886854        53971.07                                                    53971.07
              4        27078.48      0.51754942       86.990723        86.990723       53982.979                                                   53982.979
              3       27077.969      0.51916866       88.447018        88.447018       53979.044                                                   53979.044
              1       27078.047      0.52863877       97.197557        97.197557         53961.7                                                     53961.7
              5       27077.459      0.52212247       91.133614        91.133614       53972.651                                                   53972.651
              1       27077.762       0.5200545       89.248654        89.248654       53977.027                                                   53977.027
              1       27078.134      0.52896015        97.50151         97.50151       53961.264                                                   53961.264
             11       27077.398      0.52383353       92.707621        92.707621       53969.382                                                   53969.382
              7       27077.588      0.52673637        95.40772         95.40772        53964.36                                                    53964.36
              5       27077.428      0.52237581       91.365845        91.365845       53972.124                                                   53972.124
              2       27079.312      0.53218728        100.5791         100.5791       53957.466                                                   53957.466
              2       27077.576      0.52665515       95.331663        95.331663       53964.488                                                   53964.488
              1       27077.404      0.52268868       91.653035        91.653035       53971.502                                                   53971.502
              1       27077.804      0.51987498       89.085921        89.085921       53977.436                                                   53977.436
              1       27077.563      0.52621451       94.919549        94.919549       53965.286                                                   53965.286
              2       27077.451      0.52209452       91.108013        91.108013       53972.686                                                   53972.686
              1       27077.884      0.52808492       96.674814        96.674814       53962.419                                                   53962.419
              3       27078.285      0.51805842       87.447246        87.447246       53981.675                                                   53981.675
              7       27078.143      0.51853107       87.872201        87.872201       53980.542                                                   53980.542
              4       27077.797      0.51991044       89.118055        89.118055       53977.357                                                   53977.357
              2       27078.842      0.51650543       86.057958        86.057958       53985.569                                                   53985.569
              1       27077.373      0.52335497       92.266088        92.266088       53970.213                                                   53970.213
              6       27078.114      0.52898807       97.527941        97.527941       53961.172                                                   53961.172
              2       27077.434      0.52227511       91.273507        91.273507       53972.322                                                   53972.322
              1       27079.439      0.51519649       84.895328        84.895328       53989.087                                                   53989.087
              3       27077.895      0.51948145       88.729681        88.729681        53978.33                                                    53978.33
              3       27077.656      0.52694439       95.602642        95.602642       53964.107                                                   53964.107
              3       27077.892      0.51948786       88.735478        88.735478       53978.313                                                   53978.313
              1       27077.474      0.52190351       90.933131        90.933131       53973.081                                                   53973.081
              4       27077.847       0.5279532       96.550693        96.550693       53962.592                                                   53962.592
              9       27077.558      0.52639407       95.087376        95.087376       53964.941                                                   53964.941
              1       27077.407      0.52491857       93.712497        93.712497        53967.39                                                    53967.39
              4       27077.457       0.5223658       91.356663        91.356663       53972.201                                                   53972.201
              2       27077.495      0.52589097       94.617497        94.617497       53965.755                                                   53965.755
              2       27077.436      0.52526455       94.034018        94.034018       53966.803                                                   53966.803
              1       27077.397      0.52452223       93.344835        93.344835       53968.105                                                   53968.105
              2       27077.406      0.52519555       93.969848        93.969848       53966.872                                                   53966.872
              1       27077.396      0.52310667       92.037396        92.037396       53970.718                                                   53970.718
              1       27077.492      0.52585625       94.585115        94.585115       53965.814                                                   53965.814
              3       27077.512      0.52155969       90.618758        90.618758       53973.786                                                   53973.786
              2       27078.308      0.51797954       87.376426        87.376426       53981.864                                                   53981.864
              1       27077.389      0.52303063       91.967412        91.967412       53970.843                                                   53970.843
              3       27077.399      0.52456339       93.382984        93.382984       53968.032                                                   53968.032
              3       27077.482      0.52179694       90.835635        90.835635       53973.292                                                   53973.292
              4       27078.837      0.53101612       99.456857        99.456857        53958.76                                                    53958.76
              1       27079.049      0.53159355       100.00941        100.00941       53958.079                                                   53958.079
              2       27077.374        0.523452       92.355526        92.355526       53970.037                                                   53970.037
              2       27078.278      0.51808013       87.466739        87.466739       53981.622                                                   53981.622
              3       27078.848      0.51649123       86.045311        86.045311       53985.605                                                   53985.605
              4       27077.807      0.52777578       96.383638        96.383638       53962.848                                                   53962.848
              2        27077.47      0.52536505       94.127512        94.127512       53966.684                                                   53966.684
              3       27077.877      0.51955684        88.79787         88.79787       53978.157                                                   53978.157
              1       27078.369      0.51781952       87.232831        87.232831       53982.273                                                   53982.273
              2       27077.743      0.52020759        89.38754         89.38754       53976.712                                                   53976.712
              4       27078.545      0.53027751       98.752237        98.752237       53959.585                                                   53959.585
              1       27078.428      0.52997376        98.46317         98.46317        53959.93                                                    53959.93
              1       27079.754      0.53308941       101.44771        101.44771       53956.613                                                   53956.613
              1       27078.101      0.51868278       88.008814        88.008814       53980.185                                                   53980.185
              3       27078.482      0.51746574       86.915772        86.915772       53983.133                                                   53983.133
              3       27077.515      0.52153809       90.599027        90.599027       53973.831                                                   53973.831
              1       27077.769      0.52002796       89.224587        89.224587       53977.088                                                   53977.088
              1       27077.985      0.51911651       88.399934        88.399934        53979.17                                                    53979.17
              1       27077.896      0.52825464       96.834865        96.834865       53962.122                                                   53962.122
              1       27077.391      0.52460267       93.419398        93.419398       53967.942                                                   53967.942
              2       27077.446      0.52196767        90.99186         90.99186       53972.909                                                   53972.909
              3       27078.293      0.52956889       98.078505        98.078505       53960.429                                                   53960.429
              2       27077.562      0.52641965         95.1113          95.1113       53964.902                                                   53964.902
              2       27077.446      0.52540322       94.163033        94.163033       53966.565                                                   53966.565
              3       27077.373      0.52398197       92.844785        92.844785       53969.057                                                   53969.057
              1        27077.97      0.52840191        96.97384         96.97384       53961.993                                                   53961.993
              4       27077.512      0.52597201       94.693113        94.693113       53965.637                                                   53965.637
              6       27077.727      0.52738544       96.016579        96.016579       53963.422                                                   53963.422
              1       27077.407       0.5249209       93.714661        93.714661       53967.386                                                   53967.386
              3       27077.659      0.52682677       95.492409        95.492409       53964.332                                                   53964.332
              2       27077.882       0.5281922        96.77597         96.77597       53962.211                                                   53962.211
              1       27077.388      0.52299306       91.932851        91.932851       53970.911                                                   53970.911
              2       27077.386      0.52447391       93.300062        93.300062       53968.173                                                   53968.173
              2       27078.707      0.51687755       86.389877        86.389877       53984.634                                                   53984.634
              3       27077.634       0.5207554       89.885394        89.885394       53975.498                                                   53975.498
              1       27077.369      0.52394974          92.815           92.815       53969.107                                                   53969.107
              2       27079.099       0.5159121        85.53001         85.53001       53987.137                                                   53987.137
              1       27078.854      0.51647747       86.033047        86.033047       53985.642                                                   53985.642
              1       27080.378      0.51340747       83.318584        83.318584       53994.118                                                   53994.118
              3       27080.573      0.51304205       82.998275        82.998275       53995.149                                                   53995.149
              1       27078.764      0.51669824       86.229865        86.229865       53985.068                                                   53985.068
              3       27077.548      0.52132834       90.407518        90.407518        53974.28                                                    53974.28
              1       27077.796      0.51991401       89.121283        89.121283       53977.349                                                   53977.349
              1       27078.505      0.53011207       98.594737        98.594737       53959.821                                                   53959.821
              2       27079.907      0.53337884       101.72714        101.72714        53956.36                                                    53956.36
              1        27080.59      0.51299825       82.959922        82.959922        53995.26                                                    53995.26
              1       27080.213      0.51370445       83.579345        83.579345       53993.268                                                   53993.268
              1       27078.481      0.51747016       86.919733        86.919733       53983.122                                                   53983.122
              1       27079.445      0.51513564       84.841467        84.841467       53989.206                                                   53989.206
              1       27077.695      0.52722925       95.869892        95.869892       53963.651                                                   53963.651
              2       27078.247      0.52941801       97.935335        97.935335       53960.622                                                   53960.622
              2       27077.388      0.52300472       91.943574        91.943574       53970.889                                                   53970.889
              1       27077.387      0.52448806        93.31317         93.31317       53968.147                                                   53968.147
              2       27077.373      0.52346409       92.366676        92.366676       53970.012                                                   53970.012
              2       27077.822      0.51978841       89.007495        89.007495       53977.629                                                   53977.629
              1       27077.746      0.52014223       89.328229        89.328229       53976.835                                                   53976.835
              1       27078.176      0.51840643       87.760042        87.760042       53980.831                                                   53980.831
              1       27077.843      0.51975054       88.973194        88.973194       53977.739                                                   53977.739
              1       27077.478      0.52182231       90.858839        90.858839       53973.238                                                   53973.238
              1       27079.254      0.53206059        100.4574         100.4574       53957.592                                                   53957.592
              1       27078.835      0.53101249       99.453388        99.453388       53958.763                                                   53958.763
              2       27079.113      0.53173149       100.14162        100.14162       53957.942                                                   53957.942
              2       27077.387       0.5244747        93.30079         93.30079       53968.173                                                   53968.173
              2       27077.848      0.51968538       88.914201        88.914201       53977.868                                                   53977.868
              2       27077.401      0.52278214       91.738903        91.738903       53971.324                                                   53971.324
              1       27077.373      0.52402159       92.881415        92.881415       53968.983                                                   53968.983
              3       27077.467      0.52531848       94.084177        94.084177       53966.766                                                   53966.766
              2       27077.755      0.52753097        96.15335         96.15335       53963.202                                                   53963.202
              1       27078.544      0.51721514       86.691532        86.691532       53983.705                                                   53983.705
              1       27078.613      0.51709999       86.588578        86.588578       53984.048                                                   53984.048
              1       27077.415      0.52444099       93.269557        93.269557       53968.292                                                   53968.292
              1       27077.397      0.52308465       92.017128        92.017128        53970.76                                                    53970.76
              2       27077.401      0.52516972       93.945842        93.945842        53966.91                                                    53966.91
              1       27077.405      0.52413642       92.987606        92.987606       53968.834                                                   53968.834
              1        27077.52      0.52611318       94.824893        94.824893       53965.391                                                   53965.391
              2       27077.844      0.52789018       96.491337        96.491337       53962.705                                                   53962.705
              3       27077.422      0.52499267       93.781315        93.781315       53967.282                                                   53967.282
              1       27077.638       0.5268864       95.548289        95.548289        53964.18                                                    53964.18
              1       27077.776      0.52762137       96.238358        96.238358       53963.075                                                   53963.075
              1       27078.013      0.51898696       88.283027        88.283027        53979.46                                                    53979.46
              1       27077.441       0.5221981       91.202914        91.202914       53972.477                                                   53972.477
              1       27077.386       0.5231508       92.078016        92.078016       53970.617                                                   53970.617
              1         27077.4      0.52514407        93.92199         93.92199       53966.955                                                   53966.955
              2       27077.383      0.52423244       93.076458        93.076458       53968.614                                                   53968.614
              1        27077.89      0.52812026        96.70813         96.70813       53962.364                                                   53962.364
              2       27077.511      0.52604018       94.756735        94.756735       53965.509                                                   53965.509
              1       27078.937      0.53132563       99.752848        99.752848       53958.369                                                   53958.369
              2        27077.89      0.52810645       96.695111        96.695111       53962.389                                                   53962.389
              1       27077.369      0.52371779       92.600747        92.600747       53969.536                                                   53969.536
              1       27077.458      0.52554915       94.298894        94.298894       53966.318                                                   53966.318
              1       27077.967       0.5191724       88.450398        88.450398       53979.034                                                   53979.034
              4        27079.22       0.5155663       85.223029        85.223029       53987.993                                                   53987.993
              1       27077.463      0.52560319        94.34923         94.34923       53966.228                                                   53966.228
              1       27077.448      0.52506331       93.846943        93.846943       53967.202                                                   53967.202
              1       27077.405      0.52485525        93.65371         93.65371       53967.502                                                   53967.502
              1       27077.393      0.52289405       91.841783        91.841783       53971.103                                                   53971.103
              1       27077.466      0.52552902       94.280149        94.280149       53966.372                                                   53966.372
              1       27077.451      0.52209306       91.106678        91.106678        53972.69                                                    53972.69
              2        27077.38      0.52432759       93.164531        93.164531       53968.431                                                   53968.431
              1       27077.401      0.52517517       93.950906        93.950906         53966.9                                                     53966.9
              3        27077.48      0.52577486       94.509212        94.509212       53965.942                                                   53965.942
              1       27077.539      0.52595124       94.673729        94.673729        53965.73                                                    53965.73
              2       27077.412      0.52498481       93.774011        93.774011       53967.277                                                   53967.277
              4       27077.395      0.52285003        91.80131         91.80131       53971.188                                                   53971.188
              1         27077.4       0.5228236       91.777017        91.777017       53971.245                                                   53971.245
              3       27077.464      0.52560454       94.350485        94.350485       53966.227                                                   53966.227
              1       27077.409      0.52494652       93.738452        93.738452        53967.34                                                    53967.34
              1       27079.089      0.53162564       100.04016        100.04016       53958.097                                                   53958.097
              4       27077.424      0.52473513        93.54224         93.54224       53967.763                                                   53967.763
              1       27077.662      0.52044242       89.600793        89.600793       53976.122                                                   53976.122
              3       27078.567      0.51715378       86.636667        86.636667        53983.86                                                    53983.86
              3       27079.656      0.51471492       84.469502        84.469502       53990.372                                                   53990.372
              1       27077.949      0.51936055        88.62037         88.62037       53978.657                                                   53978.657
              1       27079.006       0.5161072       85.703439        85.703439       53986.605                                                   53986.605
              2       27078.134      0.51855275       87.891715        87.891715       53980.485                                                   53980.485
              1       27077.517      0.52150807       90.571603        90.571603        53973.89                                                    53973.89
              1       27077.954      0.51926537       88.534366        88.534366        53978.84                                                    53978.84
              1       27077.652      0.52068919       89.825156        89.825156       53975.655                                                   53975.655
              1        27081.24      0.53560592       103.88981        103.88981       53954.701                                                   53954.701
              1       27079.833      0.53316368       101.51938        101.51938       53956.628                                                   53956.628
              1       27077.394      0.52288918       91.837308        91.837308       53971.113                                                   53971.113
              1       27077.728       0.5273897       96.020578        96.020578       53963.414                                                   53963.414
              1       27080.383      0.51340119       83.313078        83.313078        53994.14                                                    53994.14
              2       27077.651      0.52062516       89.766914        89.766914       53975.769                                                   53975.769
              2       27077.552       0.5214394        90.50889         90.50889       53974.086                                                   53974.086
              1       27078.107       0.5289685       97.509415        97.509415       53961.196                                                   53961.196
