#        weight    minuslogpost         Omega_c         Omega_b   minuslogprior minuslogprior__0            chi2 chi2__functions_and_classes.SO_x_DESI_Likelihood
              3      -1612.7565      0.33578466     0.064769194       -2.864704        -2.864704      -3219.7837                                       -3219.7837
              2      -1897.2568      0.33537814     0.064254936       -2.864704        -2.864704      -3788.7841                                       -3788.7841
              1      -2958.5603      0.33470533     0.062374752       -2.864704        -2.864704      -5911.3913                                       -5911.3913
              3      -3429.8604      0.33627801     0.061678684       -2.864704        -2.864704      -6853.9914                                       -6853.9914
              1      -5260.8405      0.33517619     0.057766415       -2.864704        -2.864704      -10515.952                                       -10515.952
              3      -5269.9726      0.33709624     0.057883144       -2.864704        -2.864704      -10534.216                                       -10534.216
              4      -5396.4982      0.33665458     0.057530763       -2.864704        -2.864704      -10787.267                                       -10787.267
              2      -5741.2848      0.33585078     0.056537078       -2.864704        -2.864704       -11476.84                                        -11476.84
              2      -6009.4494      0.33548822     0.055689491       -2.864704        -2.864704      -12013.169                                       -12013.169
              1      -6312.3984      0.33229212     0.054447076       -2.864704        -2.864704      -12619.067                                       -12619.067
              5      -6448.9726      0.33255431     0.053881848       -2.864704        -2.864704      -12892.216                                       -12892.216
              1      -6675.2655      0.33214548     0.052626271       -2.864704        -2.864704      -13344.802                                       -13344.802
              1      -6718.8634      0.33204205     0.052295255       -2.864704        -2.864704      -13431.997                                       -13431.997
              4      -6753.4872      0.33326413     0.051913408       -2.864704        -2.864704      -13501.245                                       -13501.245
              1      -6788.9593      0.33311478     0.051420411       -2.864704        -2.864704      -13572.189                                       -13572.189
              7      -6824.1132       0.3315834       0.0502475       -2.864704        -2.864704      -13642.497                                       -13642.497
              1      -6825.4576      0.33158365     0.050308363       -2.864704        -2.864704      -13645.186                                       -13645.186
              2      -6838.3426      0.33065262     0.050704002       -2.864704        -2.864704      -13670.956                                       -13670.956
              7       -6839.365      0.32938524     0.051058273       -2.864704        -2.864704          -13673                                           -13673
              5      -6852.3009      0.32902115     0.050834376       -2.864704        -2.864704      -13698.872                                       -13698.872
             10      -6855.8509      0.32917744     0.050653827       -2.864704        -2.864704      -13705.972                                       -13705.972
             16      -6869.6409       0.3281721     0.050063512       -2.864704        -2.864704      -13733.552                                       -13733.552
              4      -6899.7437       0.3246951     0.050628348       -2.864704        -2.864704      -13793.758                                       -13793.758
              6      -6910.5517      0.32454107     0.049579092       -2.864704        -2.864704      -13815.374                                       -13815.374
              7      -6922.9273      0.32267296     0.049175352       -2.864704        -2.864704      -13840.125                                       -13840.125
             16      -6947.5138      0.32206847     0.049753462       -2.864704        -2.864704      -13889.298                                       -13889.298
              4      -6951.3077      0.32104207     0.049227312       -2.864704        -2.864704      -13896.886                                       -13896.886
             15      -6960.0634      0.32103028     0.049644397       -2.864704        -2.864704      -13914.397                                       -13914.397
              3      -6974.1562      0.31950798     0.049234519       -2.864704        -2.864704      -13942.583                                       -13942.583
              4      -6977.9416      0.31952541     0.049644706       -2.864704        -2.864704      -13950.154                                       -13950.154
              1      -6994.0094      0.31819894     0.049455462       -2.864704        -2.864704      -13982.289                                       -13982.289
              1      -6993.1273      0.31522626     0.050113746       -2.864704        -2.864704      -13980.525                                       -13980.525
              2      -7030.7842      0.31498877     0.049041293       -2.864704        -2.864704      -14055.839                                       -14055.839
              3      -7053.5794      0.31157629     0.049485217       -2.864704        -2.864704      -14101.429                                       -14101.429
             13      -7082.8288        0.310163     0.048501486       -2.864704        -2.864704      -14159.928                                       -14159.928
              5      -7093.8781      0.30872097     0.049014127       -2.864704        -2.864704      -14182.027                                       -14182.027
              6      -7094.7002      0.30922376     0.048523262       -2.864704        -2.864704      -14183.671                                       -14183.671
              7      -7110.5393       0.3077237     0.048382916       -2.864704        -2.864704      -14215.349                                       -14215.349
              6      -7126.6741      0.30617686      0.04825045       -2.864704        -2.864704      -14247.619                                       -14247.619
              1      -7129.9078      0.30585657     0.048218076       -2.864704        -2.864704      -14254.086                                       -14254.086
              4      -7139.7429      0.30437927     0.047863326       -2.864704        -2.864704      -14273.756                                       -14273.756
              2       -7162.381      0.30244376     0.048275188       -2.864704        -2.864704      -14319.033                                       -14319.033
              2      -7170.2562      0.30097963     0.048342385       -2.864704        -2.864704      -14334.783                                       -14334.783
              5      -7172.0689      0.30143004     0.047734223       -2.864704        -2.864704      -14338.408                                       -14338.408
              4      -7179.5314      0.29795772     0.048392677       -2.864704        -2.864704      -14353.333                                       -14353.333
              1      -7182.5942       0.2985354     0.048319747       -2.864704        -2.864704      -14359.459                                       -14359.459
             12      -7203.1013      0.29827313     0.047604908       -2.864704        -2.864704      -14400.473                                       -14400.473
              6      -7203.0097      0.29827483     0.047593481       -2.864704        -2.864704       -14400.29                                        -14400.29
              4      -7202.2174      0.29827671     0.047520862       -2.864704        -2.864704      -14398.705                                       -14398.705
              2      -7201.3293      0.29836055     0.047518531       -2.864704        -2.864704      -14396.929                                       -14396.929
              6      -7213.3099      0.29614332     0.047058085       -2.864704        -2.864704       -14420.89                                        -14420.89
              7      -7215.3904       0.2960732     0.047090435       -2.864704        -2.864704      -14425.051                                       -14425.051
              1      -7223.1215      0.29596423     0.047427282       -2.864704        -2.864704      -14440.514                                       -14440.514
             22      -7222.7561       0.2959945      0.04740272       -2.864704        -2.864704      -14439.783                                       -14439.783
              5      -7225.8569      0.29460639     0.047749164       -2.864704        -2.864704      -14445.984                                       -14445.984
              9      -7226.3733      0.29426419     0.046833246       -2.864704        -2.864704      -14447.017                                       -14447.017
              1      -7238.5676       0.2940022     0.047382525       -2.864704        -2.864704      -14471.406                                       -14471.406
              6      -7243.3875      0.29325988     0.047028467       -2.864704        -2.864704      -14481.046                                       -14481.046
              8      -7246.8767       0.2930077     0.047177496       -2.864704        -2.864704      -14488.024                                       -14488.024
             13      -7252.5314      0.29223976     0.047170307       -2.864704        -2.864704      -14499.333                                       -14499.333
              8      -7260.6847      0.29115311     0.047031798       -2.864704        -2.864704       -14515.64                                        -14515.64
              8      -7268.9783      0.28984084     0.046745679       -2.864704        -2.864704      -14532.227                                       -14532.227
             19      -7268.6394      0.28984807     0.046727433       -2.864704        -2.864704      -14531.549                                       -14531.549
              6      -7275.6793      0.28897562     0.046748181       -2.864704        -2.864704      -14545.629                                       -14545.629
              1      -7275.6749      0.28888098     0.046671118       -2.864704        -2.864704       -14545.62                                        -14545.62
              8       -7277.997      0.28864991     0.046786904       -2.864704        -2.864704      -14550.265                                       -14550.265
              6      -7281.2175      0.28814754     0.046694353       -2.864704        -2.864704      -14556.706                                       -14556.706
              2      -7283.3756      0.28741249      0.04643563       -2.864704        -2.864704      -14561.022                                       -14561.022
              7      -7283.1337      0.28774949     0.046806582       -2.864704        -2.864704      -14560.538                                       -14560.538
              4      -7285.8689      0.28642864     0.046224091       -2.864704        -2.864704      -14566.008                                       -14566.008
              1      -7302.1066      0.28394877     0.046598952       -2.864704        -2.864704      -14598.484                                       -14598.484
              9       -7300.204      0.28416807     0.046062656       -2.864704        -2.864704      -14594.679                                       -14594.679
              1       -7304.901      0.28357502     0.046065598       -2.864704        -2.864704      -14604.073                                       -14604.073
              7      -7307.5981      0.28359565     0.046274498       -2.864704        -2.864704      -14609.467                                       -14609.467
              9      -7306.7221      0.28361113     0.046426501       -2.864704        -2.864704      -14607.715                                       -14607.715
             11      -7305.6423      0.28347805     0.046510406       -2.864704        -2.864704      -14605.555                                       -14605.555
              6      -7310.2295      0.28234987     0.045923908       -2.864704        -2.864704       -14614.73                                        -14614.73
              4      -7310.2135      0.28241935     0.045942108       -2.864704        -2.864704      -14614.698                                       -14614.698
              5      -7309.4828      0.28236772     0.045902495       -2.864704        -2.864704      -14613.236                                       -14613.236
              1       -7312.126      0.28220558     0.046377086       -2.864704        -2.864704      -14618.523                                       -14618.523
              5      -7315.4789      0.28182557      0.04624726       -2.864704        -2.864704      -14625.228                                       -14625.228
              4      -7315.3409      0.28191666     0.046230358       -2.864704        -2.864704      -14624.952                                       -14624.952
              1      -7332.7571      0.27361272     0.045747795       -2.864704        -2.864704      -14659.785                                       -14659.785
              7      -7342.0343      0.27213145     0.045365858       -2.864704        -2.864704      -14678.339                                       -14678.339
             11      -7344.3117      0.27067299     0.045029073       -2.864704        -2.864704      -14682.894                                       -14682.894
             14      -7344.2361      0.26898542     0.044919655       -2.864704        -2.864704      -14682.743                                       -14682.743
              1       -7343.829      0.26871909     0.044946997       -2.864704        -2.864704      -14681.929                                       -14681.929
              3       -7344.162      0.26933653     0.044998684       -2.864704        -2.864704      -14682.595                                       -14682.595
              6      -7343.4532      0.26995919     0.045130734       -2.864704        -2.864704      -14681.177                                       -14681.177
              4      -7343.3956      0.27139091      0.04524215       -2.864704        -2.864704      -14681.062                                       -14681.062
              9      -7342.8203      0.26942276     0.044778401       -2.864704        -2.864704      -14679.911                                       -14679.911
             10      -7343.9032      0.27121391     0.045049899       -2.864704        -2.864704      -14682.077                                       -14682.077
             44      -7343.9015       0.2712349     0.045053184       -2.864704        -2.864704      -14682.074                                       -14682.074
              1       -7343.885      0.26837529     0.044848318       -2.864704        -2.864704      -14682.041                                       -14682.041
             10       -7343.871      0.26835482     0.044840928       -2.864704        -2.864704      -14682.013                                       -14682.013
              1       -7344.215      0.26902298     0.044874945       -2.864704        -2.864704      -14682.701                                       -14682.701
             10      -7344.4164       0.2697314     0.044943644       -2.864704        -2.864704      -14683.103                                       -14683.103
             10      -7344.4013      0.27025504     0.045059667       -2.864704        -2.864704      -14683.073                                       -14683.073
              2      -7344.2723      0.27094526     0.045107695       -2.864704        -2.864704      -14682.815                                       -14682.815
              1      -7342.4515      0.26763072      0.04465822       -2.864704        -2.864704      -14679.174                                       -14679.174
              5      -7341.1554      0.26836839     0.044626323       -2.864704        -2.864704      -14676.581                                       -14676.581
              1      -7342.4442      0.26932402     0.044751705       -2.864704        -2.864704      -14679.159                                       -14679.159
             11      -7343.4149      0.26890111     0.044776688       -2.864704        -2.864704        -14681.1                                         -14681.1
              7      -7344.0856      0.27074099     0.045141426       -2.864704        -2.864704      -14682.442                                       -14682.442
             27      -7344.4654      0.26990401     0.044972769       -2.864704        -2.864704      -14683.201                                       -14683.201
              3      -7343.1603      0.27062993     0.044913615       -2.864704        -2.864704      -14680.591                                       -14680.591
              1      -7343.0849      0.26790246     0.044880726       -2.864704        -2.864704       -14680.44                                        -14680.44
              1      -7344.0098      0.26942648     0.045028497       -2.864704        -2.864704       -14682.29                                        -14682.29
             21      -7342.6942      0.26936956     0.045111655       -2.864704        -2.864704      -14679.659                                       -14679.659
              3      -7344.0789       0.2703456     0.044951792       -2.864704        -2.864704      -14682.428                                       -14682.428
              1      -7344.4472      0.27003179     0.044977111       -2.864704        -2.864704      -14683.165                                       -14683.165
              2       -7341.757      0.26661473     0.044635623       -2.864704        -2.864704      -14677.785                                       -14677.785
              5      -7343.0374      0.26750127     0.044777419       -2.864704        -2.864704      -14680.345                                       -14680.345
             11      -7343.0733      0.26753419     0.044781479       -2.864704        -2.864704      -14680.417                                       -14680.417
              3      -7344.2631      0.26919351     0.044958782       -2.864704        -2.864704      -14682.797                                       -14682.797
              1      -7344.0902      0.26893144     0.044848259       -2.864704        -2.864704      -14682.451                                       -14682.451
              1      -7342.4626      0.27012729       0.0448248       -2.864704        -2.864704      -14679.196                                       -14679.196
              1      -7342.7568      0.27258258     0.045179528       -2.864704        -2.864704      -14679.784                                       -14679.784
              2      -7342.4872      0.27224875     0.045091223       -2.864704        -2.864704      -14679.245                                       -14679.245
              1      -7342.2299      0.27056734     0.045250884       -2.864704        -2.864704       -14678.73                                        -14678.73
              1      -7342.7867      0.26826545     0.044965531       -2.864704        -2.864704      -14679.844                                       -14679.844
              1      -7343.8016      0.26859209     0.044928201       -2.864704        -2.864704      -14681.874                                       -14681.874
              1      -7343.7222      0.27051475     0.045161041       -2.864704        -2.864704      -14681.715                                       -14681.715
             13      -7343.7375      0.27046602     0.045155942       -2.864704        -2.864704      -14681.746                                       -14681.746
              3      -7343.7078       0.2713724     0.045052502       -2.864704        -2.864704      -14681.686                                       -14681.686
              1      -7344.0746      0.27134178     0.045114118       -2.864704        -2.864704       -14682.42                                        -14682.42
             13      -7344.2732      0.26905685     0.044894796       -2.864704        -2.864704      -14682.817                                       -14682.817
              9      -7344.3216      0.26918096     0.044906022       -2.864704        -2.864704      -14682.914                                       -14682.914
              1      -7343.6503      0.26885277     0.044793043       -2.864704        -2.864704      -14681.571                                       -14681.571
             10      -7344.1401      0.26952574      0.04488271       -2.864704        -2.864704      -14682.551                                       -14682.551
              2      -7343.8859       0.2683874      0.04485743       -2.864704        -2.864704      -14682.042                                       -14682.042
             12      -7343.8347      0.27081377     0.045172743       -2.864704        -2.864704       -14681.94                                        -14681.94
             27      -7343.7274      0.27160496     0.045212569       -2.864704        -2.864704      -14681.725                                       -14681.725
              1      -7343.6294      0.26811499     0.044847063       -2.864704        -2.864704      -14681.529                                       -14681.529
              2      -7342.6008      0.27266095     0.045178916       -2.864704        -2.864704      -14679.472                                       -14679.472
              2      -7344.4108      0.27026194     0.044992896       -2.864704        -2.864704      -14683.092                                       -14683.092
             20      -7344.2556      0.26920198      0.04496203       -2.864704        -2.864704      -14682.782                                       -14682.782
              7       -7344.253      0.26919488      0.04496136       -2.864704        -2.864704      -14682.777                                       -14682.777
              1      -7342.8904      0.26757693      0.04470067       -2.864704        -2.864704      -14680.051                                       -14680.051
              1      -7344.0204      0.27050492      0.04513352       -2.864704        -2.864704      -14682.311                                       -14682.311
             10      -7343.8184      0.27030686     0.045136031       -2.864704        -2.864704      -14681.907                                       -14681.907
              4       -7344.096      0.27120336     0.045150906       -2.864704        -2.864704      -14682.463                                       -14682.463
              2      -7344.2347      0.26987456     0.044922251       -2.864704        -2.864704       -14682.74                                        -14682.74
              4      -7343.5834      0.27200899     0.045177424       -2.864704        -2.864704      -14681.437                                       -14681.437
              1      -7341.0993      0.27332114     0.045452186       -2.864704        -2.864704      -14676.469                                       -14676.469
             19      -7342.5419      0.27277621     0.045335004       -2.864704        -2.864704      -14679.354                                       -14679.354
              1      -7344.1321      0.27123819      0.04513529       -2.864704        -2.864704      -14682.535                                       -14682.535
              1      -7344.2583      0.26986154     0.045049171       -2.864704        -2.864704      -14682.787                                       -14682.787
              3      -7343.1591      0.26881263     0.044753709       -2.864704        -2.864704      -14680.589                                       -14680.589
             15      -7344.3026      0.26989671     0.045046323       -2.864704        -2.864704      -14682.876                                       -14682.876
              9      -7343.6647      0.26810092     0.044817653       -2.864704        -2.864704        -14681.6                                         -14681.6
              4      -7341.5783      0.27156012     0.045355171       -2.864704        -2.864704      -14677.427                                       -14677.427
              7      -7343.1665      0.27131271     0.045255203       -2.864704        -2.864704      -14680.604                                       -14680.604
              1      -7342.9608      0.27195182     0.045298232       -2.864704        -2.864704      -14680.192                                       -14680.192
              8       -7342.932      0.27190158     0.045067557       -2.864704        -2.864704      -14680.135                                       -14680.135
              1      -7342.9573       0.2720327     0.045091164       -2.864704        -2.864704      -14680.185                                       -14680.185
              5      -7340.7636      0.26760474      0.04497327       -2.864704        -2.864704      -14675.798                                       -14675.798
             15      -7343.1917      0.26772175     0.044823718       -2.864704        -2.864704      -14680.654                                       -14680.654
              3      -7343.8121      0.26885786     0.044809031       -2.864704        -2.864704      -14681.895                                       -14681.895
              4      -7344.3355       0.2692205     0.044909601       -2.864704        -2.864704      -14682.942                                       -14682.942
              8       -7343.926      0.26862852     0.044819806       -2.864704        -2.864704      -14682.123                                       -14682.123
             12      -7342.1644      0.26812886     0.044657874       -2.864704        -2.864704      -14678.599                                       -14678.599
              3      -7342.6205      0.27216461     0.045330185       -2.864704        -2.864704      -14679.512                                       -14679.512
             15      -7343.8157      0.27150005     0.045089315       -2.864704        -2.864704      -14681.902                                       -14681.902
              3      -7339.7371      0.27432867     0.045303621       -2.864704        -2.864704      -14673.745                                       -14673.745
              5      -7341.4663      0.26944989     0.044720992       -2.864704        -2.864704      -14677.203                                       -14677.203
              2      -7340.8938      0.27351435     0.045210752       -2.864704        -2.864704      -14676.058                                       -14676.058
              8       -7344.146      0.27117841     0.045137462       -2.864704        -2.864704      -14682.563                                       -14682.563
              3      -7343.7723      0.27173878     0.045138705       -2.864704        -2.864704      -14681.815                                       -14681.815
              4      -7343.3206      0.27160713     0.045052451       -2.864704        -2.864704      -14680.912                                       -14680.912
              3        -7344.21      0.27102145     0.045070535       -2.864704        -2.864704      -14682.691                                       -14682.691
              3      -7344.4595       0.2701562     0.045034497       -2.864704        -2.864704       -14683.19                                        -14683.19
              9      -7344.4583      0.27017766     0.045036391       -2.864704        -2.864704      -14683.187                                       -14683.187
              5      -7344.2539      0.27100718     0.045085999       -2.864704        -2.864704      -14682.778                                       -14682.778
              7      -7343.8782       0.2684805     0.044815582       -2.864704        -2.864704      -14682.027                                       -14682.027
              1      -7343.7402      0.26829519     0.044797493       -2.864704        -2.864704      -14681.751                                       -14681.751
              6      -7343.7188      0.26832698     0.044791325       -2.864704        -2.864704      -14681.708                                       -14681.708
              1      -7343.8033      0.27174301     0.045152878       -2.864704        -2.864704      -14681.877                                       -14681.877
              3      -7343.3639      0.27205668     0.045139805       -2.864704        -2.864704      -14680.998                                       -14680.998
             21      -7344.2803      0.26911824     0.044892196       -2.864704        -2.864704      -14682.831                                       -14682.831
              8      -7344.4292      0.26960378     0.044981321       -2.864704        -2.864704      -14683.129                                       -14683.129
              1      -7343.8637      0.27165601     0.045142135       -2.864704        -2.864704      -14681.998                                       -14681.998
              8      -7343.2384      0.27235725     0.045249389       -2.864704        -2.864704      -14680.747                                       -14680.747
             15      -7344.2421      0.27086099     0.045120167       -2.864704        -2.864704      -14682.755                                       -14682.755
              3      -7343.6838      0.26813918     0.044836259       -2.864704        -2.864704      -14681.638                                       -14681.638
              9      -7344.3374      0.26959204     0.045004811       -2.864704        -2.864704      -14682.945                                       -14682.945
              8      -7343.8587      0.26860138     0.044808928       -2.864704        -2.864704      -14681.988                                       -14681.988
              1      -7343.2168      0.26804703      0.04472885       -2.864704        -2.864704      -14680.704                                       -14680.704
