#        weight    minuslogpost         Omega_c         Omega_b   minuslogprior minuslogprior__0            chi2 chi2__functions_and_classes.SO_x_DESI_Likelihood
              1       5205.7274      0.34764355     0.077810245       -2.864704        -2.864704       10417.184                                        10417.184
              3       4718.2692      0.34948115      0.07715384       -2.864704        -2.864704       9442.2677                                        9442.2677
              1       4395.2736      0.34872065     0.076434196       -2.864704        -2.864704       8796.2765                                        8796.2765
              1       3880.9736      0.34950196     0.075608531       -2.864704        -2.864704       7767.6767                                        7767.6767
              3       3486.0617      0.35113691     0.075131631       -2.864704        -2.864704       6977.8529                                        6977.8529
              4       1870.2773      0.35114798     0.072331526       -2.864704        -2.864704       3746.2839                                        3746.2839
              4       1288.0928      0.35060523     0.071279137       -2.864704        -2.864704       2581.9151                                        2581.9151
              2      -63.094639       0.3494951     0.068883467       -2.864704        -2.864704      -120.45987                                       -120.45987
              4      -655.14395      0.34912397      0.06784469       -2.864704        -2.864704      -1304.5585                                       -1304.5585
              1      -902.81829      0.34728237     0.067221678       -2.864704        -2.864704      -1799.9072                                       -1799.9072
              1      -1248.2186      0.34720836     0.066627604       -2.864704        -2.864704      -2490.7077                                       -2490.7077
              1        -1318.95      0.34772872      0.06656278       -2.864704        -2.864704      -2632.1705                                       -2632.1705
              1      -2337.7392      0.34657646     0.064662872       -2.864704        -2.864704      -4669.7491                                       -4669.7491
              2      -2402.9255      0.34674193     0.064562516       -2.864704        -2.864704      -4800.1215                                       -4800.1215
              2      -2567.8002      0.34668629     0.064259467       -2.864704        -2.864704      -5129.8711                                       -5129.8711
              1      -3203.5841      0.34440355     0.062866142       -2.864704        -2.864704      -6401.4389                                       -6401.4389
              5      -3441.9137      0.34447651     0.062418534       -2.864704        -2.864704       -6878.098                                        -6878.098
              4       -4424.029      0.34442219     0.060406634       -2.864704        -2.864704      -8842.3287                                       -8842.3287
              2      -4848.6282      0.34427404     0.059429603       -2.864704        -2.864704       -9691.527                                        -9691.527
              3      -4919.8231      0.34395892     0.059236627       -2.864704        -2.864704      -9833.9168                                       -9833.9168
              1      -5183.0284      0.34018475     0.058321427       -2.864704        -2.864704      -10360.327                                       -10360.327
              2      -6194.8094      0.34092347     0.055275055       -2.864704        -2.864704      -12383.889                                       -12383.889
              1      -6626.9454      0.34021853     0.052863908       -2.864704        -2.864704      -13248.161                                       -13248.161
              1      -6656.8389      0.33945486     0.052606371       -2.864704        -2.864704      -13307.948                                       -13307.948
              3      -6717.6318      0.33996462     0.051094782       -2.864704        -2.864704      -13429.534                                       -13429.534
              2       -6722.159      0.33897353     0.050653844       -2.864704        -2.864704      -13438.589                                       -13438.589
              4      -6722.8483      0.33892051     0.050649443       -2.864704        -2.864704      -13439.967                                       -13439.967
              1      -6729.3009      0.33901175     0.050948021       -2.864704        -2.864704      -13452.872                                       -13452.872
              5      -6745.5083      0.33768329     0.051353955       -2.864704        -2.864704      -13485.287                                       -13485.287
              6      -6755.4855       0.3371275     0.051120946       -2.864704        -2.864704      -13505.242                                       -13505.242
              3       -6760.334      0.33482184     0.050001818       -2.864704        -2.864704      -13514.938                                       -13514.938
              2      -6761.0773      0.33491206     0.050040304       -2.864704        -2.864704      -13516.425                                       -13516.425
              1      -6777.9243      0.33458309     0.050263072       -2.864704        -2.864704      -13550.119                                       -13550.119
              1      -6777.4679      0.33464913     0.050278272       -2.864704        -2.864704      -13549.206                                       -13549.206
              6      -6786.5567      0.33444894     0.051148132       -2.864704        -2.864704      -13567.384                                       -13567.384
             12       -6787.012      0.33435964     0.051167862       -2.864704        -2.864704      -13568.295                                       -13568.295
              2      -6787.1529      0.33394208     0.051294119       -2.864704        -2.864704      -13568.576                                       -13568.576
              6      -6805.9687      0.33255734     0.050146917       -2.864704        -2.864704      -13606.208                                       -13606.208
              2      -6818.0275       0.3320691     0.050927296       -2.864704        -2.864704      -13630.326                                       -13630.326
              4      -6844.5071      0.33016446     0.050240107       -2.864704        -2.864704      -13683.285                                       -13683.285
             10      -6844.3044      0.33027676     0.050346388       -2.864704        -2.864704      -13682.879                                       -13682.879
              1      -6848.5371      0.32998433     0.050411925       -2.864704        -2.864704      -13691.345                                       -13691.345
              4       -6855.435      0.32931351     0.050594571       -2.864704        -2.864704      -13705.141                                       -13705.141
              3      -6857.3593      0.32917556      0.05057244       -2.864704        -2.864704      -13708.989                                       -13708.989
             11      -6860.8797       0.3274251     0.050954579       -2.864704        -2.864704       -13716.03                                        -13716.03
              3      -6869.4684      0.32627951     0.050954203       -2.864704        -2.864704      -13733.207                                       -13733.207
              2       -6881.031      0.32677933     0.050633395       -2.864704        -2.864704      -13756.333                                       -13756.333
              2      -6902.0007      0.32574434     0.050147578       -2.864704        -2.864704      -13798.272                                       -13798.272
              1      -6912.4859      0.32491312     0.050039202       -2.864704        -2.864704      -13819.242                                       -13819.242
              1      -6929.4946      0.32208609     0.050448285       -2.864704        -2.864704       -13853.26                                        -13853.26
              4      -6933.2518      0.32207547     0.050374894       -2.864704        -2.864704      -13860.774                                       -13860.774
              8      -6977.6935      0.31947058     0.049726029       -2.864704        -2.864704      -13949.658                                       -13949.658
              1      -6989.4715      0.31856293     0.049551483       -2.864704        -2.864704      -13973.214                                       -13973.214
              6       -6992.441      0.31811432      0.04918859       -2.864704        -2.864704      -13979.153                                       -13979.153
              4      -6994.4769      0.31788307     0.049137355       -2.864704        -2.864704      -13983.224                                       -13983.224
              1      -6998.7053      0.31780163     0.049411293       -2.864704        -2.864704      -13991.681                                       -13991.681
              1      -7006.2459      0.31708057     0.049196943       -2.864704        -2.864704      -14006.762                                       -14006.762
              5      -7029.8888      0.31498313     0.048970529       -2.864704        -2.864704      -14054.048                                       -14054.048
             13      -7034.0931      0.31422294     0.048721942       -2.864704        -2.864704      -14062.457                                       -14062.457
              2      -7040.4315       0.3141183     0.048940774       -2.864704        -2.864704      -14075.134                                       -14075.134
              5      -7049.5765      0.31336637     0.048937273       -2.864704        -2.864704      -14093.424                                       -14093.424
              4      -7083.4096       0.3099866     0.049025231       -2.864704        -2.864704       -14161.09                                        -14161.09
              3       -7088.502      0.30893135     0.048155412       -2.864704        -2.864704      -14171.275                                       -14171.275
              1      -7089.8551       0.3086777     0.049122952       -2.864704        -2.864704      -14173.981                                       -14173.981
              6      -7119.7096      0.30678447     0.048626617       -2.864704        -2.864704       -14233.69                                        -14233.69
              6      -7119.7524      0.30636304      0.04876557       -2.864704        -2.864704      -14233.775                                       -14233.775
              7      -7129.4401      0.30572381     0.048101421       -2.864704        -2.864704      -14253.151                                       -14253.151
              5      -7131.1187      0.30567226     0.048156042       -2.864704        -2.864704      -14256.508                                       -14256.508
              5      -7134.8789      0.30455822     0.047796274       -2.864704        -2.864704      -14264.028                                       -14264.028
              1      -7142.6781       0.3046288      0.04835825       -2.864704        -2.864704      -14279.627                                       -14279.627
              2        -7149.62      0.30284878     0.048581803       -2.864704        -2.864704      -14293.511                                       -14293.511
             11      -7164.8264      0.30242462     0.048088372       -2.864704        -2.864704      -14323.923                                       -14323.923
              7      -7180.7787      0.30051271     0.048092052       -2.864704        -2.864704      -14355.828                                       -14355.828
             10      -7184.7956      0.30030457     0.047906548       -2.864704        -2.864704      -14363.862                                       -14363.862
              5       -7185.835       0.2994853      0.04815585       -2.864704        -2.864704      -14365.941                                       -14365.941
              1       -7185.757      0.29916853     0.048202788       -2.864704        -2.864704      -14365.785                                       -14365.785
             13      -7187.9101      0.29916065     0.048149587       -2.864704        -2.864704      -14370.091                                       -14370.091
             24      -7188.0475      0.29920514     0.048138976       -2.864704        -2.864704      -14370.366                                       -14370.366
             11      -7188.4831      0.29888986     0.047283222       -2.864704        -2.864704      -14371.237                                       -14371.237
             14         -7188.8      0.29956447     0.047539163       -2.864704        -2.864704      -14371.871                                       -14371.871
              4      -7190.4426      0.29948665     0.047575745       -2.864704        -2.864704      -14375.156                                       -14375.156
              3      -7194.8978      0.29803097     0.048119351       -2.864704        -2.864704      -14384.066                                       -14384.066
              3      -7208.5843       0.2973909     0.047813907       -2.864704        -2.864704      -14411.439                                       -14411.439
              1      -7210.9016      0.29619383     0.047942853       -2.864704        -2.864704      -14416.074                                       -14416.074
              6      -7210.0033      0.29611164     0.047969801       -2.864704        -2.864704      -14414.277                                       -14414.277
              3      -7212.6321      0.29630446     0.047888576       -2.864704        -2.864704      -14419.535                                       -14419.535
              5       -7222.738      0.29480064     0.046897276       -2.864704        -2.864704      -14439.747                                       -14439.747
              8      -7228.1997      0.29527583     0.047509851       -2.864704        -2.864704       -14450.67                                        -14450.67
              2      -7227.9775      0.29530236     0.047277776       -2.864704        -2.864704      -14450.226                                       -14450.226
             12      -7229.3949      0.29521086     0.047380823       -2.864704        -2.864704       -14453.06                                        -14453.06
              3      -7235.0829      0.29447751     0.047245765       -2.864704        -2.864704      -14464.436                                       -14464.436
             10      -7238.4057       0.2938925     0.047444558       -2.864704        -2.864704      -14471.082                                       -14471.082
              7      -7242.4099      0.29329102     0.047424698       -2.864704        -2.864704       -14479.09                                        -14479.09
             11      -7249.2764      0.29268229     0.047108937       -2.864704        -2.864704      -14492.823                                       -14492.823
              3      -7266.0256      0.29034715     0.047026654       -2.864704        -2.864704      -14526.322                                       -14526.322
              3      -7272.2033      0.28861377     0.046427929       -2.864704        -2.864704      -14538.677                                       -14538.677
              6       -7276.391      0.28883964     0.046877377       -2.864704        -2.864704      -14547.053                                       -14547.053
              3      -7288.0832      0.28669626     0.046801236       -2.864704        -2.864704      -14570.437                                       -14570.437
              3      -7293.6793      0.28522268        0.046136       -2.864704        -2.864704      -14581.629                                       -14581.629
              2      -7302.8517      0.28324584     0.046620019       -2.864704        -2.864704      -14599.974                                       -14599.974
              4      -7314.6223      0.28072428     0.046373707       -2.864704        -2.864704      -14623.515                                       -14623.515
              9      -7326.7164      0.27901362     0.045733031       -2.864704        -2.864704      -14647.703                                       -14647.703
              3      -7325.7704      0.27940365     0.045992494       -2.864704        -2.864704      -14645.811                                       -14645.811
             11       -7326.937      0.27744677     0.046044504       -2.864704        -2.864704      -14648.145                                       -14648.145
              2      -7332.1012      0.27558104     0.045214972       -2.864704        -2.864704      -14658.473                                       -14658.473
              7      -7331.7462      0.27456326     0.045054939       -2.864704        -2.864704      -14657.763                                       -14657.763
              5       -7334.516      0.27303086     0.044916586       -2.864704        -2.864704      -14663.303                                       -14663.303
              1      -7340.4666      0.27197041     0.045426893       -2.864704        -2.864704      -14675.204                                       -14675.204
              4      -7343.4075       0.2718108     0.045095217       -2.864704        -2.864704      -14681.086                                       -14681.086
              8      -7343.9475      0.27120633     0.045054658       -2.864704        -2.864704      -14682.166                                       -14682.166
             12      -7343.9611      0.27153673     0.045155719       -2.864704        -2.864704      -14682.193                                       -14682.193
             25       -7343.356      0.27200681     0.045127602       -2.864704        -2.864704      -14680.983                                       -14680.983
             10      -7343.4111      0.27204643     0.045144915       -2.864704        -2.864704      -14681.093                                       -14681.093
              2      -7343.8064      0.27155474     0.045099105       -2.864704        -2.864704      -14681.883                                       -14681.883
              9      -7341.3514      0.27107229     0.045328909       -2.864704        -2.864704      -14676.973                                       -14676.973
              3      -7340.7816       0.2714643     0.044903126       -2.864704        -2.864704      -14675.834                                       -14675.834
             12       -7344.477      0.26982746     0.044989883       -2.864704        -2.864704      -14683.225                                       -14683.225
             14      -7344.4485      0.26989672     0.045014859       -2.864704        -2.864704      -14683.168                                       -14683.168
              6        -7344.32      0.26924146     0.044952103       -2.864704        -2.864704      -14682.911                                       -14682.911
              3      -7343.9261      0.26897601     0.044976326       -2.864704        -2.864704      -14682.123                                       -14682.123
              8      -7343.7417      0.27011378     0.045124956       -2.864704        -2.864704      -14681.754                                       -14681.754
              2      -7340.4523      0.27114025     0.044853829       -2.864704        -2.864704      -14675.175                                       -14675.175
              1      -7340.0308      0.27360956     0.045517954       -2.864704        -2.864704      -14674.332                                       -14674.332
              1      -7341.4673      0.27359993     0.045406932       -2.864704        -2.864704      -14677.205                                       -14677.205
              8      -7341.1909      0.27390017     0.045380883       -2.864704        -2.864704      -14676.652                                       -14676.652
              2      -7342.6082       0.2723206     0.045334565       -2.864704        -2.864704      -14679.487                                       -14679.487
              8      -7341.1734       0.2722146      0.04541257       -2.864704        -2.864704      -14676.617                                       -14676.617
              3      -7344.0855       0.2712428     0.045151843       -2.864704        -2.864704      -14682.442                                       -14682.442
             20      -7344.0823      0.27117088     0.045070991       -2.864704        -2.864704      -14682.435                                       -14682.435
             12       -7344.421      0.27034301     0.045007022       -2.864704        -2.864704      -14683.113                                       -14683.113
             10      -7344.4732       0.2699438     0.044980038       -2.864704        -2.864704      -14683.217                                       -14683.217
             11       -7344.473      0.26992656     0.044978545       -2.864704        -2.864704      -14683.217                                       -14683.217
              2      -7344.1814      0.26983132     0.044911731       -2.864704        -2.864704      -14682.633                                       -14682.633
              4      -7344.2286       0.2698277     0.044917352       -2.864704        -2.864704      -14682.728                                       -14682.728
             12      -7344.4315      0.26950847     0.044954524       -2.864704        -2.864704      -14683.134                                       -14683.134
             17      -7343.1971      0.26957287     0.044811715       -2.864704        -2.864704      -14680.665                                       -14680.665
              2      -7343.4581      0.26911701     0.044793538       -2.864704        -2.864704      -14681.187                                       -14681.187
              5      -7344.3023      0.26959182     0.045011236       -2.864704        -2.864704      -14682.875                                       -14682.875
             36      -7344.4678      0.26971597     0.044974216       -2.864704        -2.864704      -14683.206                                       -14683.206
              1      -7343.7825      0.26854198     0.044921473       -2.864704        -2.864704      -14681.836                                       -14681.836
             22      -7344.1896      0.26886211     0.044898329       -2.864704        -2.864704       -14682.65                                        -14682.65
             10      -7344.2219      0.26898289      0.04492503       -2.864704        -2.864704      -14682.714                                       -14682.714
              3       -7343.242       0.2721937     0.045153694       -2.864704        -2.864704      -14680.755                                       -14680.755
             13      -7341.5278       0.2726427     0.045095294       -2.864704        -2.864704      -14677.326                                       -14677.326
              2      -7342.3445      0.27265163     0.045358716       -2.864704        -2.864704       -14678.96                                        -14678.96
             32      -7342.8129      0.27269636     0.045297796       -2.864704        -2.864704      -14679.896                                       -14679.896
              5      -7342.6292       0.2725692     0.045161899       -2.864704        -2.864704      -14679.529                                       -14679.529
              2      -7342.3761       0.2725892     0.045142549       -2.864704        -2.864704      -14679.023                                       -14679.023
             10       -7343.048      0.27220905     0.045132199       -2.864704        -2.864704      -14680.367                                       -14680.367
             18      -7343.9508      0.27030544     0.045124381       -2.864704        -2.864704      -14682.172                                       -14682.172
             35      -7344.2135      0.27110643     0.045111307       -2.864704        -2.864704      -14682.698                                       -14682.698
             21      -7344.2155       0.2711026      0.04510206       -2.864704        -2.864704      -14682.702                                       -14682.702
             12      -7343.3738      0.27001703     0.045141425       -2.864704        -2.864704      -14681.018                                       -14681.018
             22      -7343.8524      0.27016548     0.045120806       -2.864704        -2.864704      -14681.975                                       -14681.975
              5      -7344.0188      0.26991588     0.045082149       -2.864704        -2.864704      -14682.308                                       -14682.308
             16      -7343.4742      0.26828248     0.044911378       -2.864704        -2.864704      -14681.219                                       -14681.219
              3      -7343.4147      0.26823261     0.044750873       -2.864704        -2.864704        -14681.1                                         -14681.1
             10      -7343.6875      0.26852302     0.044930261       -2.864704        -2.864704      -14681.645                                       -14681.645
              2      -7344.2274      0.27047061     0.044984858       -2.864704        -2.864704      -14682.725                                       -14682.725
              1       -7344.204      0.27047437     0.044982034       -2.864704        -2.864704      -14682.679                                       -14682.679
              2      -7341.4929      0.27019285      0.04479074       -2.864704        -2.864704      -14677.256                                       -14677.256
             15      -7342.8533      0.26903823     0.045064869       -2.864704        -2.864704      -14679.977                                       -14679.977
              1      -7340.1677      0.26987974     0.045263847       -2.864704        -2.864704      -14674.606                                       -14674.606
              4      -7341.4515       0.2725825       0.0450817       -2.864704        -2.864704      -14677.174                                       -14677.174
              3      -7341.4649      0.27115217     0.044892457       -2.864704        -2.864704        -14677.2                                         -14677.2
              1      -7342.5332       0.2711846     0.044944372       -2.864704        -2.864704      -14679.337                                       -14679.337
              3      -7341.7066      0.27077249     0.044859372       -2.864704        -2.864704      -14677.684                                       -14677.684
              5      -7341.3566      0.27208966     0.045005713       -2.864704        -2.864704      -14676.984                                       -14676.984
             10      -7343.4005      0.27220016     0.045192024       -2.864704        -2.864704      -14681.072                                       -14681.072
             12      -7343.0441      0.27206002     0.045103595       -2.864704        -2.864704      -14680.359                                       -14680.359
              3      -7343.1841      0.27078007     0.044932446       -2.864704        -2.864704      -14680.639                                       -14680.639
              3      -7342.5666      0.26880154     0.044718662       -2.864704        -2.864704      -14679.404                                       -14679.404
              7      -7343.5042      0.26918578      0.04480154       -2.864704        -2.864704      -14681.279                                       -14681.279
              9      -7343.2829      0.27012623     0.044867651       -2.864704        -2.864704      -14680.836                                       -14680.836
              1      -7343.3704      0.27191014     0.045109741       -2.864704        -2.864704      -14681.011                                       -14681.011
             27      -7344.1226      0.26954062     0.045030026       -2.864704        -2.864704      -14682.516                                       -14682.516
