#        weight    minuslogpost         Omega_c         Omega_b   minuslogprior minuslogprior__0            chi2 chi2__functions_and_classes.SO_x_DESI_Likelihood
              1      -509.08748      0.25596432     0.034061801       -2.864704        -2.864704      -1012.4456                                       -1012.4456
              1      -719.02555      0.25445055     0.034108543       -2.864704        -2.864704      -1432.3217                                       -1432.3217
              1      -2510.1492      0.25547888     0.035491457       -2.864704        -2.864704      -5014.5691                                       -5014.5691
              1      -3386.2209      0.25456394     0.036171805       -2.864704        -2.864704      -6766.7123                                       -6766.7123
              1      -5679.3567      0.25448893     0.038698808       -2.864704        -2.864704      -11352.984                                       -11352.984
              1      -5690.1985      0.25410293     0.038687351       -2.864704        -2.864704      -11374.668                                       -11374.668
              4      -5993.9146      0.25319986     0.039087204       -2.864704        -2.864704        -11982.1                                         -11982.1
              3      -6176.3706      0.25304666     0.039383083       -2.864704        -2.864704      -12347.012                                       -12347.012
              1      -6601.0314      0.25430316     0.040308663       -2.864704        -2.864704      -13196.333                                       -13196.333
              1      -6995.2665      0.25524282     0.041459263       -2.864704        -2.864704      -13984.804                                       -13984.804
              2       -7080.254       0.2548699     0.041763811       -2.864704        -2.864704      -14154.779                                       -14154.779
              2      -7204.1719      0.25502991     0.042417665       -2.864704        -2.864704      -14402.614                                       -14402.614
              3      -7206.0613      0.25464403     0.042416292       -2.864704        -2.864704      -14406.393                                       -14406.393
              4      -7214.8956      0.25385324      0.04245763       -2.864704        -2.864704      -14424.062                                       -14424.062
              5      -7218.4618      0.25359974     0.042480618       -2.864704        -2.864704      -14431.194                                       -14431.194
             17      -7278.0914      0.25428355     0.043270539       -2.864704        -2.864704      -14550.453                                       -14550.453
              3       -7285.468      0.25580439     0.043983078       -2.864704        -2.864704      -14565.207                                       -14565.207
              4      -7285.6108      0.25588787     0.043272218       -2.864704        -2.864704      -14565.492                                       -14565.492
              3      -7299.7972      0.25707111     0.043541757       -2.864704        -2.864704      -14593.865                                       -14593.865
              1      -7306.4437      0.25825365     0.043618602       -2.864704        -2.864704      -14607.158                                       -14607.158
              2      -7308.2407      0.25822669     0.044033393       -2.864704        -2.864704      -14610.752                                       -14610.752
              1      -7308.2298      0.25819395     0.044020835       -2.864704        -2.864704       -14610.73                                        -14610.73
             10      -7308.1965      0.25819028     0.044021013       -2.864704        -2.864704      -14610.664                                       -14610.664
              3      -7321.4193      0.26051469     0.044222158       -2.864704        -2.864704      -14637.109                                       -14637.109
              4      -7323.1383      0.26093818     0.044278676       -2.864704        -2.864704      -14640.547                                       -14640.547
              3      -7323.4967      0.26093029     0.044254898       -2.864704        -2.864704      -14641.264                                       -14641.264
              3      -7327.9418      0.26183053     0.044300745       -2.864704        -2.864704      -14650.154                                       -14650.154
              2        -7328.38      0.26220583     0.044088321       -2.864704        -2.864704      -14651.031                                       -14651.031
              6      -7340.7186      0.26600298     0.044582268       -2.864704        -2.864704      -14675.708                                       -14675.708
              2      -7340.5636      0.26615826     0.044537122       -2.864704        -2.864704      -14675.398                                       -14675.398
              5      -7341.5653      0.26683289       0.0447971       -2.864704        -2.864704      -14677.401                                       -14677.401
             10      -7342.1534      0.26722598     0.044831409       -2.864704        -2.864704      -14678.577                                       -14678.577
              1      -7342.6182      0.26723582     0.044689355       -2.864704        -2.864704      -14679.507                                       -14679.507
              6      -7343.7962      0.26929287     0.044831864       -2.864704        -2.864704      -14681.863                                       -14681.863
             45      -7344.0959      0.26869842     0.044864096       -2.864704        -2.864704      -14682.462                                       -14682.462
             20      -7343.8285       0.2696366     0.044860572       -2.864704        -2.864704      -14681.928                                       -14681.928
             29      -7344.3409      0.27033997     0.045078507       -2.864704        -2.864704      -14682.952                                       -14682.952
              2      -7342.8078       0.2689499      0.04474171       -2.864704        -2.864704      -14679.886                                       -14679.886
              5      -7340.9567      0.26974281     0.045223642       -2.864704        -2.864704      -14676.184                                       -14676.184
              4      -7343.8397      0.26970683      0.04486742       -2.864704        -2.864704       -14681.95                                        -14681.95
              9       -7344.093      0.27004049     0.044921178       -2.864704        -2.864704      -14682.457                                       -14682.457
              6      -7344.2459      0.26993417     0.044929127       -2.864704        -2.864704      -14682.762                                       -14682.762
              3      -7342.4466      0.27087407     0.045265893       -2.864704        -2.864704      -14679.164                                       -14679.164
             14      -7343.8947      0.27153113     0.045183546       -2.864704        -2.864704       -14682.06                                        -14682.06
             19      -7344.0607      0.26920812     0.044853589       -2.864704        -2.864704      -14682.392                                       -14682.392
             16      -7344.1988      0.27107493     0.045127039       -2.864704        -2.864704      -14682.668                                       -14682.668
             18       -7344.118      0.27107444     0.045148007       -2.864704        -2.864704      -14682.507                                       -14682.507
              4      -7344.0257       0.2714367     0.045130053       -2.864704        -2.864704      -14682.322                                       -14682.322
              4      -7342.9905      0.27184885     0.045063681       -2.864704        -2.864704      -14680.252                                       -14680.252
              4      -7342.9525      0.27191661     0.045071542       -2.864704        -2.864704      -14680.176                                       -14680.176
             10      -7343.6351      0.27174145     0.045224467       -2.864704        -2.864704      -14681.541                                       -14681.541
              9      -7343.8235      0.27173313     0.045167601       -2.864704        -2.864704      -14681.918                                       -14681.918
              5      -7343.8216      0.27173383     0.045172091       -2.864704        -2.864704      -14681.914                                       -14681.914
              8      -7343.1335      0.27108577     0.044966238       -2.864704        -2.864704      -14680.538                                       -14680.538
             23      -7343.6648      0.27167012     0.045221173       -2.864704        -2.864704        -14681.6                                         -14681.6
             14      -7344.0592      0.26999157     0.044912951       -2.864704        -2.864704      -14682.389                                       -14682.389
             29       -7342.153      0.26975448     0.044775774       -2.864704        -2.864704      -14678.577                                       -14678.577
              6      -7343.2496      0.26982624     0.045129948       -2.864704        -2.864704       -14680.77                                        -14680.77
             30      -7343.8053      0.26853476     0.044916783       -2.864704        -2.864704      -14681.881                                       -14681.881
              4      -7340.2114      0.26945254     0.044677579       -2.864704        -2.864704      -14674.693                                       -14674.693
              3      -7340.5579      0.26730146     0.044543555       -2.864704        -2.864704      -14675.386                                       -14675.386
              1      -7337.9639      0.26731301     0.044453018       -2.864704        -2.864704      -14670.198                                       -14670.198
              7      -7342.5775      0.27114691     0.044942072       -2.864704        -2.864704      -14679.426                                       -14679.426
              6      -7343.8627       0.2704272     0.045142456       -2.864704        -2.864704      -14681.996                                       -14681.996
             15      -7344.0579      0.27088069     0.045017969       -2.864704        -2.864704      -14682.386                                       -14682.386
              2      -7343.6781      0.27072219     0.045179998       -2.864704        -2.864704      -14681.627                                       -14681.627
              3      -7344.1579       0.2704494     0.045113966       -2.864704        -2.864704      -14682.586                                       -14682.586
              5      -7344.3993      0.27015484     0.044977202       -2.864704        -2.864704      -14683.069                                       -14683.069
              1      -7344.4797      0.26990528     0.044999612       -2.864704        -2.864704       -14683.23                                        -14683.23
              6      -7343.9902      0.26990333     0.044898018       -2.864704        -2.864704      -14682.251                                       -14682.251
              6      -7342.8631      0.27272143     0.045269373       -2.864704        -2.864704      -14679.997                                       -14679.997
             13      -7344.2316      0.27100855     0.045119781       -2.864704        -2.864704      -14682.734                                       -14682.734
             22      -7343.6359      0.26822821     0.044780852       -2.864704        -2.864704      -14681.542                                       -14681.542
              7      -7343.3767      0.26864396     0.044979004       -2.864704        -2.864704      -14681.024                                       -14681.024
              7      -7343.1236      0.26765957     0.044818067       -2.864704        -2.864704      -14680.518                                       -14680.518
              2      -7343.3335      0.26848588     0.044958847       -2.864704        -2.864704      -14680.938                                       -14680.938
              8      -7344.0819      0.26889264      0.04484649       -2.864704        -2.864704      -14682.434                                       -14682.434
             17      -7344.2482      0.26903207     0.044928164       -2.864704        -2.864704      -14682.767                                       -14682.767
             10      -7344.0789      0.26947211      0.04487184       -2.864704        -2.864704      -14682.428                                       -14682.428
              7      -7344.4128      0.26989527     0.044954802       -2.864704        -2.864704      -14683.096                                       -14683.096
              2       -7344.246      0.26953174     0.044897327       -2.864704        -2.864704      -14682.763                                       -14682.763
              8      -7343.7019      0.26954807     0.044843279       -2.864704        -2.864704      -14681.674                                       -14681.674
              7      -7343.0529      0.27147136     0.045012234       -2.864704        -2.864704      -14680.376                                       -14680.376
              6      -7343.3827      0.26933108     0.044803775       -2.864704        -2.864704      -14681.036                                       -14681.036
              2      -7341.7213      0.26676225      0.04476529       -2.864704        -2.864704      -14677.713                                       -14677.713
              1      -7342.3797      0.26698494     0.044725845       -2.864704        -2.864704       -14679.03                                        -14679.03
              6      -7343.2353      0.26769906     0.044804817       -2.864704        -2.864704      -14680.741                                       -14680.741
              2      -7343.3471      0.26791228     0.044848837       -2.864704        -2.864704      -14680.965                                       -14680.965
              3      -7344.0995      0.26891968      0.04494212       -2.864704        -2.864704       -14682.47                                        -14682.47
              2      -7344.3514      0.27076095     0.045083683       -2.864704        -2.864704      -14682.973                                       -14682.973
              1      -7343.7739       0.2687584     0.044801163       -2.864704        -2.864704      -14681.818                                       -14681.818
              3      -7343.5521      0.26934325     0.044816307       -2.864704        -2.864704      -14681.375                                       -14681.375
              2      -7343.5169      0.26796831     0.044782273       -2.864704        -2.864704      -14681.304                                       -14681.304
              2      -7343.8992      0.27093256     0.045006851       -2.864704        -2.864704      -14682.069                                       -14682.069
              8      -7343.0528      0.27229989     0.045152001       -2.864704        -2.864704      -14680.376                                       -14680.376
              2      -7344.3211      0.26974945      0.04492466       -2.864704        -2.864704      -14682.913                                       -14682.913
              1      -7344.2219      0.26977574     0.044912089       -2.864704        -2.864704      -14682.714                                       -14682.714
              2      -7342.5913      0.27287574     0.045237038       -2.864704        -2.864704      -14679.453                                       -14679.453
              4      -7344.3096      0.26929309     0.044965279       -2.864704        -2.864704       -14682.89                                        -14682.89
              4      -7344.2846      0.26929005     0.044970772       -2.864704        -2.864704       -14682.84                                        -14682.84
              4      -7344.3291      0.26941547     0.044981046       -2.864704        -2.864704      -14682.929                                       -14682.929
              3      -7344.3801      0.26935416     0.044952334       -2.864704        -2.864704      -14683.031                                       -14683.031
             10      -7344.2211      0.26926878     0.044979736       -2.864704        -2.864704      -14682.713                                       -14682.713
              1      -7344.3367      0.26962768     0.044918834       -2.864704        -2.864704      -14682.944                                       -14682.944
              2      -7344.3321      0.27067731      0.04503523       -2.864704        -2.864704      -14682.935                                       -14682.935
              1      -7340.7682      0.26729751     0.044552769       -2.864704        -2.864704      -14675.807                                       -14675.807
              1      -7340.5194      0.26732579      0.04454292       -2.864704        -2.864704      -14675.309                                       -14675.309
              1      -7342.6667      0.27127639     0.044963099       -2.864704        -2.864704      -14679.604                                       -14679.604
              4      -7343.4549      0.26788593     0.044782336       -2.864704        -2.864704       -14681.18                                        -14681.18
              3      -7344.4093      0.27057633     0.045062873       -2.864704        -2.864704      -14683.089                                       -14683.089
              6      -7343.5362      0.27190287     0.045235142       -2.864704        -2.864704      -14681.343                                       -14681.343
             11      -7344.3082      0.27020798     0.045074353       -2.864704        -2.864704      -14682.887                                       -14682.887
              5      -7343.9332      0.26976285     0.045074362       -2.864704        -2.864704      -14682.137                                       -14682.137
              2       -7344.247      0.26945224     0.045001922       -2.864704        -2.864704      -14682.765                                       -14682.765
              8      -7343.6859      0.26836762     0.044900808       -2.864704        -2.864704      -14681.642                                       -14681.642
              1      -7343.9474      0.26854147      0.04482836       -2.864704        -2.864704      -14682.165                                       -14682.165
              4      -7343.9629      0.26855878      0.04483119       -2.864704        -2.864704      -14682.196                                       -14682.196
              1      -7342.4528      0.26951894     0.044768393       -2.864704        -2.864704      -14679.176                                       -14679.176
              1      -7342.9088       0.2711931     0.044966075       -2.864704        -2.864704      -14680.088                                       -14680.088
              8      -7344.0303      0.27105954     0.045041947       -2.864704        -2.864704      -14682.331                                       -14682.331
              3      -7344.3426      0.27064004     0.045031555       -2.864704        -2.864704      -14682.956                                       -14682.956
              6      -7344.4363      0.26964498     0.044946499       -2.864704        -2.864704      -14683.143                                       -14683.143
              1      -7344.3973      0.26957818     0.044930233       -2.864704        -2.864704      -14683.065                                       -14683.065
              3      -7342.8151        0.269898     0.044819916       -2.864704        -2.864704      -14679.901                                       -14679.901
              1      -7342.8049      0.27155302     0.045007529       -2.864704        -2.864704       -14679.88                                        -14679.88
              2        -7342.04      0.27207197      0.04503677       -2.864704        -2.864704      -14678.351                                       -14678.351
              4      -7343.1209      0.27128545     0.044991483       -2.864704        -2.864704      -14680.512                                       -14680.512
              1      -7342.8532      0.27161685     0.045019465       -2.864704        -2.864704      -14679.977                                       -14679.977
              4      -7343.4244      0.27216735     0.045185856       -2.864704        -2.864704      -14681.119                                       -14681.119
              3      -7342.8984       0.2726939     0.045259827       -2.864704        -2.864704      -14680.067                                       -14680.067
              3      -7343.5711       0.2716087     0.045077208       -2.864704        -2.864704      -14681.413                                       -14681.413
              1       -7343.911         0.27089     0.045002207       -2.864704        -2.864704      -14682.093                                       -14682.093
              3        -7341.56      0.26668621     0.044598594       -2.864704        -2.864704      -14677.391                                       -14677.391
              1      -7343.1089      0.27035986     0.044881365       -2.864704        -2.864704      -14680.488                                       -14680.488
              5      -7344.2786       0.2698556     0.044926672       -2.864704        -2.864704      -14682.828                                       -14682.828
              5       -7344.461      0.27032637     0.045036302       -2.864704        -2.864704      -14683.193                                       -14683.193
              2      -7343.7769      0.26868774     0.044799355       -2.864704        -2.864704      -14681.824                                       -14681.824
              1      -7343.4908      0.27203311     0.045156787       -2.864704        -2.864704      -14681.252                                       -14681.252
              1      -7343.2062      0.27167905     0.045269596       -2.864704        -2.864704      -14680.683                                       -14680.683
              3      -7343.4483       0.2693606     0.044810398       -2.864704        -2.864704      -14681.167                                       -14681.167
              3      -7344.4254      0.27022009     0.044991883       -2.864704        -2.864704      -14683.121                                       -14683.121
              3      -7342.9291      0.26740317     0.044764028       -2.864704        -2.864704      -14680.129                                       -14680.129
              4      -7343.4951      0.26823566     0.044760189       -2.864704        -2.864704      -14681.261                                       -14681.261
              3      -7342.8438      0.26892302     0.044741861       -2.864704        -2.864704      -14679.958                                       -14679.958
              2      -7344.0296       0.2705065     0.045132675       -2.864704        -2.864704       -14682.33                                        -14682.33
              1      -7342.4924      0.26751521     0.044660835       -2.864704        -2.864704      -14679.255                                       -14679.255
              3      -7342.5617       0.2689281     0.044727191       -2.864704        -2.864704      -14679.394                                       -14679.394
              1      -7343.9315      0.27007167     0.044908701       -2.864704        -2.864704      -14682.134                                       -14682.134
              1      -7343.9746       0.2699925     0.044904914       -2.864704        -2.864704       -14682.22                                        -14682.22
              6      -7344.0036      0.26855834     0.044847322       -2.864704        -2.864704      -14682.278                                       -14682.278
              1      -7344.4836      0.27010463     0.045009507       -2.864704        -2.864704      -14683.238                                       -14683.238
              1      -7344.4596      0.27006602     0.045027699       -2.864704        -2.864704       -14683.19                                        -14683.19
              5      -7341.1654      0.27204726     0.045403585       -2.864704        -2.864704      -14676.601                                       -14676.601
              5      -7342.4683      0.27257799     0.045148298       -2.864704        -2.864704      -14679.207                                       -14679.207
              5      -7343.0987      0.27094539     0.044946903       -2.864704        -2.864704      -14680.468                                       -14680.468
              3      -7342.7787      0.27101364     0.044936637       -2.864704        -2.864704      -14679.828                                       -14679.828
              4      -7342.6194      0.26924461     0.044753832       -2.864704        -2.864704      -14679.509                                       -14679.509
              3      -7342.5894      0.26916478     0.044746131       -2.864704        -2.864704      -14679.449                                       -14679.449
              4      -7343.9576      0.26977009     0.044883132       -2.864704        -2.864704      -14682.186                                       -14682.186
              1      -7343.8869      0.26925953     0.044837888       -2.864704        -2.864704      -14682.044                                       -14682.044
              2      -7344.1596      0.27060718     0.044993059       -2.864704        -2.864704       -14682.59                                        -14682.59
              4      -7344.3817      0.27040814      0.04500504       -2.864704        -2.864704      -14683.034                                       -14683.034
              2      -7344.3343      0.27042001     0.044996137       -2.864704        -2.864704      -14682.939                                       -14682.939
              1      -7344.3862      0.26985229     0.044945131       -2.864704        -2.864704      -14683.043                                       -14683.043
              3      -7344.2015      0.26978698     0.044910422       -2.864704        -2.864704      -14682.674                                       -14682.674
              2      -7344.0075      0.26885447     0.044833574       -2.864704        -2.864704      -14682.286                                       -14682.286
              1      -7344.3992      0.27028162     0.044992394       -2.864704        -2.864704      -14683.069                                       -14683.069
              1      -7344.1145      0.26992061     0.045072818       -2.864704        -2.864704        -14682.5                                         -14682.5
              1      -7344.2805      0.26919707     0.044955043       -2.864704        -2.864704      -14682.832                                       -14682.832
              1      -7344.1426      0.27076804     0.045013125       -2.864704        -2.864704      -14682.556                                       -14682.556
              1      -7343.6772      0.27189709      0.04519956       -2.864704        -2.864704      -14681.625                                       -14681.625
              3      -7344.0015      0.27097428     0.045163409       -2.864704        -2.864704      -14682.274                                       -14682.274
              1        -7343.47       0.2711002      0.04522089       -2.864704        -2.864704      -14681.211                                       -14681.211
              4      -7343.3432      0.26916783     0.045050988       -2.864704        -2.864704      -14680.957                                       -14680.957
              1      -7343.2849       0.2682037     0.044737262       -2.864704        -2.864704       -14680.84                                        -14680.84
              2      -7343.7059      0.26817615     0.044804287       -2.864704        -2.864704      -14681.682                                       -14681.682
              1      -7343.3777      0.26786721      0.04475977       -2.864704        -2.864704      -14681.026                                       -14681.026
              1      -7343.4703      0.26866921     0.044768821       -2.864704        -2.864704      -14681.211                                       -14681.211
              1      -7343.3593      0.27167268     0.045066431       -2.864704        -2.864704      -14680.989                                       -14680.989
              3      -7343.8567      0.27166992     0.045176559       -2.864704        -2.864704      -14681.984                                       -14681.984
              3      -7344.1219      0.26890478     0.044934678       -2.864704        -2.864704      -14682.514                                       -14682.514
              2      -7343.9178       0.2684418     0.044867069       -2.864704        -2.864704      -14682.106                                       -14682.106
              1      -7343.9906      0.26854239     0.044844335       -2.864704        -2.864704      -14682.252                                       -14682.252
              4      -7344.2768      0.26906291     0.044895992       -2.864704        -2.864704      -14682.824                                       -14682.824
              2      -7344.3413      0.27001279     0.044951018       -2.864704        -2.864704      -14682.953                                       -14682.953
              1      -7344.0339      0.27141644     0.045124257       -2.864704        -2.864704      -14682.338                                       -14682.338
              1      -7343.9949      0.27086395     0.045159027       -2.864704        -2.864704       -14682.26                                        -14682.26
              1      -7344.4345      0.26964567     0.044986124       -2.864704        -2.864704       -14683.14                                        -14683.14
              2      -7342.9377       0.2714247     0.044998313       -2.864704        -2.864704      -14680.146                                       -14680.146
              2      -7343.4063      0.27215259     0.045174271       -2.864704        -2.864704      -14681.083                                       -14681.083
              7      -7344.4766      0.26983515     0.044976439       -2.864704        -2.864704      -14683.224                                       -14683.224
              5      -7344.2485      0.27038516     0.045096966       -2.864704        -2.864704      -14682.768                                       -14682.768
              2       -7344.256      0.27063731     0.045111066       -2.864704        -2.864704      -14682.783                                       -14682.783
              1      -7343.9835      0.27028221     0.045119364       -2.864704        -2.864704      -14682.238                                       -14682.238
              2      -7342.2374      0.27305745     0.045355298       -2.864704        -2.864704      -14678.745                                       -14678.745
              1      -7344.1945      0.27109627     0.045126723       -2.864704        -2.864704       -14682.66                                        -14682.66
              6      -7344.0931      0.27128721     0.045102611       -2.864704        -2.864704      -14682.457                                       -14682.457
              3      -7343.5912      0.27028076     0.044903318       -2.864704        -2.864704      -14681.453                                       -14681.453
              3      -7343.9008      0.26888582     0.044820076       -2.864704        -2.864704      -14682.072                                       -14682.072
              3      -7342.8212      0.26927892     0.044766897       -2.864704        -2.864704      -14679.913                                       -14679.913
              1      -7344.2265      0.27102863      0.04507834       -2.864704        -2.864704      -14682.724                                       -14682.724
              1      -7344.2371      0.26942644     0.044999962       -2.864704        -2.864704      -14682.745                                       -14682.745
              3      -7344.1575      0.26938558     0.045005968       -2.864704        -2.864704      -14682.586                                       -14682.586
              2       -7343.595      0.26816951     0.044870768       -2.864704        -2.864704      -14681.461                                       -14681.461
              2      -7344.2111      0.27108091     0.045120952       -2.864704        -2.864704      -14682.693                                       -14682.693
              2       -7344.219      0.27107129     0.045088457       -2.864704        -2.864704      -14682.709                                       -14682.709
              1      -7342.7289      0.26972062     0.045147572       -2.864704        -2.864704      -14679.728                                       -14679.728
              1      -7343.1256      0.26807057     0.044908209       -2.864704        -2.864704      -14680.522                                       -14680.522
              1      -7344.2439      0.26998181     0.044933309       -2.864704        -2.864704      -14682.758                                       -14682.758
              1      -7344.2494      0.26999861     0.045064442       -2.864704        -2.864704      -14682.769                                       -14682.769
              2      -7343.6737      0.26837934     0.044904982       -2.864704        -2.864704      -14681.618                                       -14681.618
              1      -7343.6994      0.26839684      0.04490484       -2.864704        -2.864704      -14681.669                                       -14681.669
              1       -7343.332       0.2678601     0.044750562       -2.864704        -2.864704      -14680.935                                       -14680.935
              1      -7341.7314      0.27282337     0.045137684       -2.864704        -2.864704      -14677.733                                       -14677.733
              3      -7341.1707      0.27211888     0.045001476       -2.864704        -2.864704      -14676.612                                       -14676.612
              1      -7340.6022      0.27411937     0.045333732       -2.864704        -2.864704      -14675.475                                       -14675.475
              2      -7341.2653       0.2732449     0.045183698       -2.864704        -2.864704      -14676.801                                       -14676.801
              3      -7342.6411      0.27195281     0.045054917       -2.864704        -2.864704      -14679.553                                       -14679.553
              1      -7344.2079      0.27030862     0.044962757       -2.864704        -2.864704      -14682.686                                       -14682.686
              1      -7343.8415       0.2710205     0.045013088       -2.864704        -2.864704      -14681.954                                       -14681.954
              2      -7343.1748      0.27213643     0.045279607       -2.864704        -2.864704       -14680.62                                        -14680.62
              1      -7343.3898      0.26942626     0.045078288       -2.864704        -2.864704       -14681.05                                        -14681.05
              3      -7344.1341       0.2695839     0.045033853       -2.864704        -2.864704      -14682.539                                       -14682.539
              1      -7344.4066      0.27029025     0.045060572       -2.864704        -2.864704      -14683.084                                       -14683.084
              1      -7344.4003      0.27061174     0.045065769       -2.864704        -2.864704      -14683.071                                       -14683.071
              1      -7344.3473       0.2707574     0.045087146       -2.864704        -2.864704      -14682.965                                       -14682.965
              3      -7343.4399      0.26786174     0.044787131       -2.864704        -2.864704       -14681.15                                        -14681.15
              1      -7344.4324      0.26956918     0.044944119       -2.864704        -2.864704      -14683.135                                       -14683.135
              1      -7344.4623      0.27018244     0.045034731       -2.864704        -2.864704      -14683.195                                       -14683.195
              7      -7343.1632      0.26874829     0.045009104       -2.864704        -2.864704      -14680.597                                       -14680.597
              6      -7344.1667      0.27108061     0.045071623       -2.864704        -2.864704      -14682.604                                       -14682.604
              1      -7344.3539       0.2700848     0.045056203       -2.864704        -2.864704      -14682.978                                       -14682.978
              1      -7343.3619       0.2679773     0.044747744       -2.864704        -2.864704      -14680.994                                       -14680.994
              4         -7343.4      0.26801443     0.044865591       -2.864704        -2.864704      -14681.071                                       -14681.071
              1      -7344.0126      0.26882535     0.044834038       -2.864704        -2.864704      -14682.296                                       -14682.296
              1      -7344.4742      0.27007485      0.04499357       -2.864704        -2.864704      -14683.219                                       -14683.219
              4      -7344.3097      0.26938785     0.044981073       -2.864704        -2.864704       -14682.89                                        -14682.89
              1      -7344.2809      0.26921114      0.04495765       -2.864704        -2.864704      -14682.832                                       -14682.832
              1       -7344.441      0.26956964     0.044950882       -2.864704        -2.864704      -14683.153                                       -14683.153
              1      -7343.2492      0.27227103     0.045175615       -2.864704        -2.864704      -14680.769                                       -14680.769
              1      -7341.8254      0.27291408     0.045400289       -2.864704        -2.864704      -14677.921                                       -14677.921
              1      -7341.6967      0.27276427     0.045407215       -2.864704        -2.864704      -14677.664                                       -14677.664
              1      -7343.1048      0.27166811     0.045277202       -2.864704        -2.864704       -14680.48                                        -14680.48
              1      -7342.9697      0.27158457     0.045283099       -2.864704        -2.864704       -14680.21                                        -14680.21
              1      -7343.0768      0.27146898     0.045269913       -2.864704        -2.864704      -14680.424                                       -14680.424
              5      -7342.9423      0.27171069     0.045290869       -2.864704        -2.864704      -14680.155                                       -14680.155
              1      -7342.9206      0.27100227     0.045250504       -2.864704        -2.864704      -14680.112                                       -14680.112
              1      -7343.0313      0.27058153     0.045211918       -2.864704        -2.864704      -14680.333                                       -14680.333
              3      -7344.1565      0.27064529     0.045126798       -2.864704        -2.864704      -14682.584                                       -14682.584
              2      -7344.2047      0.27077083     0.045125583       -2.864704        -2.864704       -14682.68                                        -14682.68
              2      -7343.8245      0.27165792     0.045190861       -2.864704        -2.864704       -14681.92                                        -14681.92
              1      -7343.5528      0.27205875     0.045202164       -2.864704        -2.864704      -14681.376                                       -14681.376
              1      -7342.3856      0.27296288     0.045342358       -2.864704        -2.864704      -14679.042                                       -14679.042
              1      -7342.3307      0.27248847     0.045358611       -2.864704        -2.864704      -14678.932                                       -14678.932
              1       -7343.887      0.26839587     0.044861365       -2.864704        -2.864704      -14682.045                                       -14682.045
              1      -7343.7599      0.26969778     0.044860188       -2.864704        -2.864704       -14681.79                                        -14681.79
              4      -7343.9645      0.27011673     0.044916164       -2.864704        -2.864704        -14682.2                                         -14682.2
              1      -7344.0155      0.26926349     0.044851347       -2.864704        -2.864704      -14682.302                                       -14682.302
              1      -7344.2613      0.26978617      0.04491833       -2.864704        -2.864704      -14682.793                                       -14682.793
              1      -7344.3811      0.26935245     0.044924139       -2.864704        -2.864704      -14683.033                                       -14683.033
              2      -7344.2482      0.26905816     0.044934836       -2.864704        -2.864704      -14682.767                                       -14682.767
              3      -7343.6923      0.27137187     0.045213785       -2.864704        -2.864704      -14681.655                                       -14681.655
              4      -7344.1306      0.27122465     0.045138281       -2.864704        -2.864704      -14682.532                                       -14682.532
              2      -7344.3181      0.27086209     0.045076053       -2.864704        -2.864704      -14682.907                                       -14682.907
              1      -7344.2644       0.2709931     0.045088766       -2.864704        -2.864704      -14682.799                                       -14682.799
              1      -7344.2441      0.27040368     0.044978965       -2.864704        -2.864704      -14682.759                                       -14682.759
              7      -7344.1667      0.27054201     0.044985557       -2.864704        -2.864704      -14682.604                                       -14682.604
              3      -7343.2406      0.26772411     0.044748125       -2.864704        -2.864704      -14680.752                                       -14680.752
              1      -7342.6335      0.26872208     0.044716961       -2.864704        -2.864704      -14679.538                                       -14679.538
              1      -7341.9379      0.27107481      0.04490321       -2.864704        -2.864704      -14678.146                                       -14678.146
              2      -7343.2726      0.27126635     0.044999328       -2.864704        -2.864704      -14680.816                                       -14680.816
              1      -7343.1344       0.2714567     0.045015808       -2.864704        -2.864704      -14680.539                                       -14680.539
              3      -7344.0252      0.26977821     0.044890228       -2.864704        -2.864704      -14682.321                                       -14682.321
              2      -7344.2911      0.26998768     0.044940537       -2.864704        -2.864704      -14682.853                                       -14682.853
              4       -7344.348      0.27043617     0.045001125       -2.864704        -2.864704      -14682.967                                       -14682.967
              1       -7344.432      0.27026036     0.045051211       -2.864704        -2.864704      -14683.135                                       -14683.135
              4      -7344.4818         0.26987     0.044984658       -2.864704        -2.864704      -14683.234                                       -14683.234
              2      -7344.2943      0.27089858      0.04507176       -2.864704        -2.864704      -14682.859                                       -14682.859
              1      -7343.8225      0.26979782     0.045087501       -2.864704        -2.864704      -14681.916                                       -14681.916
