#        weight    minuslogpost         Omega_m   minuslogprior minuslogprior__0            chi2 chi2__functions_and_classes.SO_x_DESI_Likelihood
              1      -16839.182      0.32319077      -2.3025851       -2.3025851      -33673.759                                       -33673.759
              3      -16882.203      0.31491204      -2.3025851       -2.3025851        -33759.8                                         -33759.8
              2      -16874.257      0.31160204      -2.3025851       -2.3025851      -33743.909                                       -33743.909
              1      -16879.466      0.31698381      -2.3025851       -2.3025851      -33754.326                                       -33754.326
              1      -16882.152       0.3152403      -2.3025851       -2.3025851      -33759.699                                       -33759.699
              6      -16880.696       0.3134863      -2.3025851       -2.3025851      -33756.786                                       -33756.786
              2      -16880.106      0.31672981      -2.3025851       -2.3025851      -33755.607                                       -33755.607
              8       -16882.04      0.31447316      -2.3025851       -2.3025851      -33759.475                                       -33759.475
              3      -16882.176      0.31476038      -2.3025851       -2.3025851      -33759.747                                       -33759.747
              5        -16882.2      0.31504407      -2.3025851       -2.3025851      -33759.794                                       -33759.794
              5      -16882.199      0.31487437      -2.3025851       -2.3025851      -33759.793                                       -33759.793
             11      -16881.958      0.31436416      -2.3025851       -2.3025851      -33759.311                                       -33759.311
              5      -16882.158      0.31522346      -2.3025851       -2.3025851      -33759.711                                       -33759.711
             19      -16881.938      0.31433978      -2.3025851       -2.3025851       -33759.27                                        -33759.27
              2      -16882.133      0.31528558      -2.3025851       -2.3025851      -33759.662                                       -33759.662
             20      -16881.846      0.31424054      -2.3025851       -2.3025851      -33759.086                                       -33759.086
              2      -16881.468       0.3139289      -2.3025851       -2.3025851       -33758.33                                        -33758.33
             11      -16881.331       0.3160999      -2.3025851       -2.3025851      -33758.056                                       -33758.056
             25      -16882.113      0.31459902      -2.3025851       -2.3025851      -33759.622                                       -33759.622
             12      -16881.715      0.31581272      -2.3025851       -2.3025851      -33758.825                                       -33758.825
              5      -16881.048      0.31366938      -2.3025851       -2.3025851      -33757.492                                       -33757.492
              5      -16881.886      0.31428249      -2.3025851       -2.3025851      -33759.167                                       -33759.167
              2      -16880.238      0.31667292      -2.3025851       -2.3025851      -33755.871                                       -33755.871
              6      -16880.897      0.31358786      -2.3025851       -2.3025851      -33757.189                                       -33757.189
             16      -16881.768      0.31416682      -2.3025851       -2.3025851      -33758.932                                       -33758.932
              3      -16881.143      0.31621677      -2.3025851       -2.3025851      -33757.681                                       -33757.681
              5       -16881.15      0.31372729      -2.3025851       -2.3025851      -33757.695                                       -33757.695
              1      -16882.022      0.31444783      -2.3025851       -2.3025851       -33759.44                                        -33759.44
              3      -16882.174      0.31475143      -2.3025851       -2.3025851      -33759.742                                       -33759.742
              4      -16882.004      0.31442204      -2.3025851       -2.3025851      -33759.402                                       -33759.402
              2      -16881.958      0.31436427      -2.3025851       -2.3025851      -33759.312                                       -33759.312
              3      -16881.234      0.31616178      -2.3025851       -2.3025851      -33757.862                                       -33757.862
             13      -16880.561        0.316525      -2.3025851       -2.3025851      -33756.518                                       -33756.518
              6       -16880.49      0.31338938      -2.3025851       -2.3025851      -33756.374                                       -33756.374
              1      -16880.035       0.3131945      -2.3025851       -2.3025851      -33755.464                                       -33755.464
              1      -16881.801      0.31573388      -2.3025851       -2.3025851      -33758.998                                       -33758.998
              3       -16882.16      0.31470917      -2.3025851       -2.3025851      -33759.715                                       -33759.715
              1      -16882.169      0.31519199      -2.3025851       -2.3025851      -33759.732                                       -33759.732
              4       -16881.46      0.31601176      -2.3025851       -2.3025851      -33758.316                                       -33758.316
              4      -16882.059      0.31450226      -2.3025851       -2.3025851      -33759.513                                       -33759.513
              1      -16882.088      0.31537661      -2.3025851       -2.3025851      -33759.571                                       -33759.571
              1      -16882.189      0.31481623      -2.3025851       -2.3025851      -33759.774                                       -33759.774
              3      -16881.958      0.31436362      -2.3025851       -2.3025851       -33759.31                                        -33759.31
              1      -16882.159      0.31470467      -2.3025851       -2.3025851      -33759.712                                       -33759.712
              3      -16882.116      0.31532377      -2.3025851       -2.3025851      -33759.626                                       -33759.626
              2      -16881.211      0.31376312      -2.3025851       -2.3025851      -33757.816                                       -33757.816
              1      -16881.895      0.31429182      -2.3025851       -2.3025851      -33759.185                                       -33759.185
              1      -16881.937      0.31433949      -2.3025851       -2.3025851       -33759.27                                        -33759.27
              2      -16881.009      0.31364745      -2.3025851       -2.3025851      -33757.412                                       -33757.412
              1      -16880.761      0.31351862      -2.3025851       -2.3025851      -33756.918                                       -33756.918
              1      -16880.298      0.31330442      -2.3025851       -2.3025851      -33755.991                                       -33755.991
              1      -16880.501      0.31339451      -2.3025851       -2.3025851      -33756.397                                       -33756.397
              2      -16880.129      0.31323297      -2.3025851       -2.3025851      -33755.653                                       -33755.653
              3       -16881.29      0.31381179      -2.3025851       -2.3025851      -33757.975                                       -33757.975
              1      -16882.202      0.31490422      -2.3025851       -2.3025851      -33759.799                                       -33759.799
              1      -16882.048      0.31448515      -2.3025851       -2.3025851       -33759.49                                        -33759.49
              1      -16881.385      0.31387283      -2.3025851       -2.3025851      -33758.165                                       -33758.165
              1      -16882.052      0.31449108      -2.3025851       -2.3025851      -33759.498                                       -33759.498
              1      -16881.963      0.31555918      -2.3025851       -2.3025851      -33759.321                                       -33759.321
              1      -16882.182      0.31514267      -2.3025851       -2.3025851      -33759.759                                       -33759.759
              1      -16882.193       0.3150941      -2.3025851       -2.3025851       -33759.78                                        -33759.78
              1      -16881.705      0.31582135      -2.3025851       -2.3025851      -33758.805                                       -33758.805
              4      -16880.921      0.31360039      -2.3025851       -2.3025851      -33757.237                                       -33757.237
              1      -16881.363      0.31607889      -2.3025851       -2.3025851       -33758.12                                        -33758.12
              3      -16881.899      0.31563333      -2.3025851       -2.3025851      -33759.193                                       -33759.193
              3      -16881.877      0.31565702      -2.3025851       -2.3025851       -33759.15                                        -33759.15
              2      -16881.385        0.316064      -2.3025851       -2.3025851      -33758.164                                       -33758.164
              2      -16882.086      0.31538053      -2.3025851       -2.3025851      -33759.566                                       -33759.566
              1      -16880.479      0.31656389      -2.3025851       -2.3025851      -33756.353                                       -33756.353
              1      -16880.702      0.31645626      -2.3025851       -2.3025851      -33756.799                                       -33756.799
              1      -16877.529       0.3176106      -2.3025851       -2.3025851      -33750.453                                       -33750.453
              1      -16878.248       0.3173961      -2.3025851       -2.3025851      -33751.892                                       -33751.892
              2       -16882.13      0.31529395      -2.3025851       -2.3025851      -33759.654                                       -33759.654
              3      -16881.901      0.31429847      -2.3025851       -2.3025851      -33759.197                                       -33759.197
              2      -16882.017       0.3144403      -2.3025851       -2.3025851      -33759.429                                       -33759.429
              1      -16881.971      0.31554944      -2.3025851       -2.3025851      -33759.336                                       -33759.336
              1      -16881.274      0.31613637      -2.3025851       -2.3025851      -33757.943                                       -33757.943
              2      -16880.348      0.31662398      -2.3025851       -2.3025851      -33756.091                                       -33756.091
              1      -16880.269       0.3166593      -2.3025851       -2.3025851      -33755.933                                       -33755.933
              1      -16881.641      0.31587513      -2.3025851       -2.3025851      -33758.677                                       -33758.677
              1        -16882.2      0.31488484      -2.3025851       -2.3025851      -33759.795                                       -33759.795
              4      -16881.591      0.31591482      -2.3025851       -2.3025851      -33758.577                                       -33758.577
              1      -16881.892      0.31564183      -2.3025851       -2.3025851      -33759.178                                       -33759.178
              1      -16882.203      0.31491802      -2.3025851       -2.3025851      -33759.801                                       -33759.801
              1      -16881.777      0.31575658      -2.3025851       -2.3025851       -33758.95                                        -33758.95
              1      -16882.187      0.31512022      -2.3025851       -2.3025851       -33759.77                                        -33759.77
              1      -16881.629      0.31588456      -2.3025851       -2.3025851      -33758.653                                       -33758.653
              2      -16881.785      0.31574967      -2.3025851       -2.3025851      -33758.964                                       -33758.964
              2      -16882.046      0.31544524      -2.3025851       -2.3025851      -33759.487                                       -33759.487
              1      -16881.812      0.31420751      -2.3025851       -2.3025851      -33759.019                                       -33759.019
              3       -16882.01      0.31549699      -2.3025851       -2.3025851      -33759.416                                       -33759.416
              5      -16881.474      0.31600207      -2.3025851       -2.3025851      -33758.343                                       -33758.343
              1      -16881.806      0.31572906      -2.3025851       -2.3025851      -33759.008                                       -33759.008
              1      -16882.038      0.31447018      -2.3025851       -2.3025851      -33759.471                                       -33759.471
              2      -16881.687       0.3140962      -2.3025851       -2.3025851      -33758.769                                       -33758.769
              1      -16882.202      0.31502504      -2.3025851       -2.3025851      -33759.798                                       -33759.798
              1      -16881.293      0.31381346      -2.3025851       -2.3025851       -33757.98                                        -33757.98
              1      -16880.479      0.31338454      -2.3025851       -2.3025851      -33756.353                                       -33756.353
              1      -16880.154      0.31324329      -2.3025851       -2.3025851      -33755.702                                       -33755.702
              3      -16882.165      0.31520284      -2.3025851       -2.3025851      -33759.725                                       -33759.725
              2      -16882.046      0.31448214      -2.3025851       -2.3025851      -33759.487                                       -33759.487
              1      -16882.043      0.31447718      -2.3025851       -2.3025851       -33759.48                                        -33759.48
              3      -16882.204      0.31497477      -2.3025851       -2.3025851      -33759.803                                       -33759.803
              3      -16882.194      0.31508399      -2.3025851       -2.3025851      -33759.783                                       -33759.783
              2      -16882.202      0.31490802      -2.3025851       -2.3025851      -33759.799                                       -33759.799
              1      -16882.167      0.31473014      -2.3025851       -2.3025851      -33759.729                                       -33759.729
              2      -16881.795      0.31419129      -2.3025851       -2.3025851      -33758.985                                       -33758.985
              2      -16880.622      0.31345106      -2.3025851       -2.3025851       -33756.64                                        -33756.64
              2      -16882.191      0.31510015      -2.3025851       -2.3025851      -33759.778                                       -33759.778
              1      -16880.997      0.31364083      -2.3025851       -2.3025851      -33757.388                                       -33757.388
              1      -16881.085      0.31369016      -2.3025851       -2.3025851      -33757.566                                       -33757.566
              3      -16882.118      0.31531952      -2.3025851       -2.3025851       -33759.63                                        -33759.63
              1      -16881.382      0.31606605      -2.3025851       -2.3025851      -33758.158                                       -33758.158
              1      -16881.523      0.31596676      -2.3025851       -2.3025851       -33758.44                                        -33758.44
              3      -16881.523      0.31596681      -2.3025851       -2.3025851       -33758.44                                        -33758.44
              1      -16882.194      0.31484091      -2.3025851       -2.3025851      -33759.783                                       -33759.783
              1        -16882.1      0.31457348      -2.3025851       -2.3025851      -33759.595                                       -33759.595
              1      -16882.184      0.31478951      -2.3025851       -2.3025851      -33759.762                                       -33759.762
              1      -16882.185        0.315129      -2.3025851       -2.3025851      -33759.766                                       -33759.766
              3      -16882.197      0.31506336      -2.3025851       -2.3025851       -33759.79                                        -33759.79
              2      -16882.106      0.31458479      -2.3025851       -2.3025851      -33759.607                                       -33759.607
              1      -16882.141      0.31466005      -2.3025851       -2.3025851      -33759.678                                       -33759.678
              2      -16881.534      0.31595824      -2.3025851       -2.3025851      -33758.463                                       -33758.463
              1      -16882.193      0.31483596      -2.3025851       -2.3025851      -33759.781                                       -33759.781
              2      -16881.622      0.31589019      -2.3025851       -2.3025851      -33758.639                                       -33758.639
              2      -16882.099      0.31535668      -2.3025851       -2.3025851      -33759.592                                       -33759.592
              5        -16882.2      0.31488615      -2.3025851       -2.3025851      -33759.795                                       -33759.795
              1      -16882.169      0.31473522      -2.3025851       -2.3025851      -33759.732                                       -33759.732
              2      -16881.753      0.31415341      -2.3025851       -2.3025851      -33758.902                                       -33758.902
              1      -16881.464      0.31392643      -2.3025851       -2.3025851      -33758.323                                       -33758.323
              1      -16882.122      0.31461746      -2.3025851       -2.3025851       -33759.64                                        -33759.64
              1      -16882.189      0.31481347      -2.3025851       -2.3025851      -33759.773                                       -33759.773
              1      -16882.199      0.31487264      -2.3025851       -2.3025851      -33759.792                                       -33759.792
              3      -16881.367      0.31386072      -2.3025851       -2.3025851      -33758.128                                       -33758.128
              1      -16882.139      0.31527278      -2.3025851       -2.3025851      -33759.673                                       -33759.673
              1      -16881.291      0.31612587      -2.3025851       -2.3025851      -33757.976                                       -33757.976
              2      -16881.627      0.31404722      -2.3025851       -2.3025851      -33758.649                                       -33758.649
              1      -16881.512      0.31396044      -2.3025851       -2.3025851      -33758.419                                       -33758.419
              1      -16881.574      0.31592828      -2.3025851       -2.3025851      -33758.542                                       -33758.542
              1      -16882.045      0.31544744      -2.3025851       -2.3025851      -33759.484                                       -33759.484
              3      -16881.574      0.31400618      -2.3025851       -2.3025851      -33758.543                                       -33758.543
              1      -16881.644      0.31406081      -2.3025851       -2.3025851      -33758.683                                       -33758.683
              1      -16881.835      0.31423016      -2.3025851       -2.3025851      -33759.065                                       -33759.065
              3       -16882.16      0.31521748      -2.3025851       -2.3025851      -33759.715                                       -33759.715
              2      -16882.192      0.31509673      -2.3025851       -2.3025851      -33759.779                                       -33759.779
              1      -16882.201       0.3148975      -2.3025851       -2.3025851      -33759.798                                       -33759.798
              1      -16882.178      0.31515864      -2.3025851       -2.3025851      -33759.751                                       -33759.751
              1      -16879.873       0.3168262      -2.3025851       -2.3025851      -33755.141                                       -33755.141
              1      -16881.292      0.31612479      -2.3025851       -2.3025851      -33757.979                                       -33757.979
              1      -16881.737      0.31579327      -2.3025851       -2.3025851      -33758.869                                       -33758.869
              1      -16882.142      0.31526614      -2.3025851       -2.3025851      -33759.678                                       -33759.678
              2      -16881.948      0.31557792      -2.3025851       -2.3025851       -33759.29                                        -33759.29
              2      -16881.757      0.31577543      -2.3025851       -2.3025851      -33758.909                                       -33758.909
              1       -16881.97      0.31555076      -2.3025851       -2.3025851      -33759.334                                       -33759.334
              2      -16881.137      0.31622019      -2.3025851       -2.3025851      -33757.669                                       -33757.669
              1      -16881.686      0.31409505      -2.3025851       -2.3025851      -33758.767                                       -33758.767
              1      -16881.838      0.31423329      -2.3025851       -2.3025851      -33759.072                                       -33759.072
              3      -16882.201      0.31503192      -2.3025851       -2.3025851      -33759.797                                       -33759.797
              3      -16882.142       0.3146623      -2.3025851       -2.3025851       -33759.68                                        -33759.68
              1      -16882.052      0.31543605      -2.3025851       -2.3025851      -33759.499                                       -33759.499
              1      -16881.693      0.31583151      -2.3025851       -2.3025851      -33758.781                                       -33758.781
              1      -16881.622      0.31589026      -2.3025851       -2.3025851      -33758.639                                       -33758.639
              1        -16881.5      0.31598302      -2.3025851       -2.3025851      -33758.396                                       -33758.396
              2      -16882.048      0.31544211      -2.3025851       -2.3025851      -33759.491                                       -33759.491
              1      -16881.719      0.31580943      -2.3025851       -2.3025851      -33758.832                                       -33758.832
              1      -16881.866      0.31426161      -2.3025851       -2.3025851      -33759.127                                       -33759.127
              2      -16882.099      0.31535706      -2.3025851       -2.3025851      -33759.592                                       -33759.592
              1      -16881.956      0.31556788      -2.3025851       -2.3025851      -33759.306                                       -33759.306
              1       -16880.74      0.31643705      -2.3025851       -2.3025851      -33756.875                                       -33756.875
              1      -16881.961      0.31556096      -2.3025851       -2.3025851      -33759.318                                       -33759.318
              4       -16879.57      0.31301568      -2.3025851       -2.3025851      -33754.534                                       -33754.534
              2      -16881.605      0.31403014      -2.3025851       -2.3025851      -33758.606                                       -33758.606
              1      -16882.145      0.31525672      -2.3025851       -2.3025851      -33759.686                                       -33759.686
              3      -16882.194      0.31484365      -2.3025851       -2.3025851      -33759.784                                       -33759.784
              3      -16881.704       0.3141101      -2.3025851       -2.3025851      -33758.802                                       -33758.802
              1      -16881.893      0.31428972      -2.3025851       -2.3025851      -33759.181                                       -33759.181
              5      -16881.742      0.31578865      -2.3025851       -2.3025851      -33758.879                                       -33758.879
              2      -16882.203      0.31492304      -2.3025851       -2.3025851      -33759.801                                       -33759.801
              1       -16881.68      0.31409054      -2.3025851       -2.3025851      -33758.756                                       -33758.756
              2      -16881.683      0.31409227      -2.3025851       -2.3025851       -33758.76                                        -33758.76
              2      -16882.119      0.31531753      -2.3025851       -2.3025851      -33759.632                                       -33759.632
              1       -16880.49      0.31655864      -2.3025851       -2.3025851      -33756.376                                       -33756.376
              1      -16882.177      0.31476486      -2.3025851       -2.3025851       -33759.75                                        -33759.75
              1      -16882.085      0.31454608      -2.3025851       -2.3025851      -33759.565                                       -33759.565
              5      -16882.144      0.31466559      -2.3025851       -2.3025851      -33759.682                                       -33759.682
              1       -16881.68      0.31409018      -2.3025851       -2.3025851      -33758.755                                       -33758.755
              1      -16880.952       0.3136167      -2.3025851       -2.3025851      -33757.298                                       -33757.298
              2      -16881.158      0.31373169      -2.3025851       -2.3025851       -33757.71                                        -33757.71
              2      -16880.022      0.31318913      -2.3025851       -2.3025851      -33755.438                                       -33755.438
              2      -16880.799      0.31353751      -2.3025851       -2.3025851      -33756.993                                       -33756.993
              1      -16882.006      0.31550372      -2.3025851       -2.3025851      -33759.406                                       -33759.406
              6      -16882.204      0.31498887      -2.3025851       -2.3025851      -33759.802                                       -33759.802
              1      -16882.099      0.31535559      -2.3025851       -2.3025851      -33759.594                                       -33759.594
              1      -16882.138      0.31465212      -2.3025851       -2.3025851      -33759.671                                       -33759.671
              1      -16882.147      0.31467256      -2.3025851       -2.3025851      -33759.688                                       -33759.688
              1       -16882.13      0.31529414      -2.3025851       -2.3025851      -33759.654                                       -33759.654
              1      -16882.116      0.31460336      -2.3025851       -2.3025851      -33759.626                                       -33759.626
              1      -16882.204      0.31497505      -2.3025851       -2.3025851      -33759.803                                       -33759.803
              2      -16882.024      0.31547833      -2.3025851       -2.3025851      -33759.442                                       -33759.442
              2      -16882.204      0.31497389      -2.3025851       -2.3025851      -33759.803                                       -33759.803
              3      -16881.701      0.31582446      -2.3025851       -2.3025851      -33758.798                                       -33758.798
              1      -16882.071      0.31540544      -2.3025851       -2.3025851      -33759.537                                       -33759.537
              3      -16882.202      0.31490937      -2.3025851       -2.3025851        -33759.8                                         -33759.8
              1      -16881.838      0.31569751      -2.3025851       -2.3025851      -33759.072                                       -33759.072
              3      -16881.852      0.31568379      -2.3025851       -2.3025851      -33759.098                                       -33759.098
              1      -16881.546      0.31398518      -2.3025851       -2.3025851      -33758.487                                       -33758.487
              1       -16879.49      0.31298654      -2.3025851       -2.3025851      -33754.374                                       -33754.374
              1      -16882.147       0.3152519      -2.3025851       -2.3025851       -33759.69                                        -33759.69
