#        weight    minuslogpost         Omega_m   minuslogprior minuslogprior__0            chi2 chi2__functions_and_classes.SO_x_DESI_Likelihood
              4      -16880.122      0.31323025      -2.3025851       -2.3025851      -33755.639                                       -33755.639
              5       -16880.43      0.31336252      -2.3025851       -2.3025851      -33756.255                                       -33756.255
              3      -16881.745      0.31578624      -2.3025851       -2.3025851      -33758.885                                       -33758.885
             14      -16882.085      0.31454598      -2.3025851       -2.3025851      -33759.565                                       -33759.565
             14      -16881.497      0.31394943      -2.3025851       -2.3025851      -33758.388                                       -33758.388
              4      -16882.131      0.31463656      -2.3025851       -2.3025851      -33759.658                                       -33759.658
              4      -16879.248      0.31290111      -2.3025851       -2.3025851       -33753.89                                        -33753.89
             13      -16879.601      0.31302719      -2.3025851       -2.3025851      -33754.597                                       -33754.597
              1      -16879.333      0.31703247      -2.3025851       -2.3025851      -33754.062                                       -33754.062
              1      -16880.414      0.31659401      -2.3025851       -2.3025851      -33756.223                                       -33756.223
              1      -16881.362      0.31607906      -2.3025851       -2.3025851      -33758.119                                       -33758.119
              4      -16881.549      0.31398736      -2.3025851       -2.3025851      -33758.493                                       -33758.493
              2      -16881.733      0.31413493      -2.3025851       -2.3025851       -33758.86                                        -33758.86
              2      -16881.781      0.31417863      -2.3025851       -2.3025851      -33758.957                                       -33758.957
             11      -16880.786      0.31353092      -2.3025851       -2.3025851      -33756.967                                       -33756.967
              1      -16881.655      0.31586335      -2.3025851       -2.3025851      -33758.705                                       -33758.705
              2      -16882.064      0.31451104      -2.3025851       -2.3025851      -33759.523                                       -33759.523
              7      -16882.082      0.31453996      -2.3025851       -2.3025851      -33759.558                                       -33759.558
              8      -16881.667      0.31407952      -2.3025851       -2.3025851      -33758.729                                       -33758.729
              5      -16877.994      0.31747388      -2.3025851       -2.3025851      -33751.384                                       -33751.384
             12      -16877.427      0.31763969      -2.3025851       -2.3025851      -33750.249                                       -33750.249
              1      -16878.053      0.31252391      -2.3025851       -2.3025851        -33751.5                                         -33751.5
              4      -16879.177      0.31287665      -2.3025851       -2.3025851      -33753.748                                       -33753.748
              1      -16880.344      0.31662609      -2.3025851       -2.3025851      -33756.082                                       -33756.082
             13       -16881.07      0.31625925      -2.3025851       -2.3025851      -33757.536                                       -33757.536
              1      -16882.147      0.31467243      -2.3025851       -2.3025851      -33759.688                                       -33759.688
             12      -16881.983      0.31553349      -2.3025851       -2.3025851      -33759.361                                       -33759.361
              6      -16882.168      0.31519434      -2.3025851       -2.3025851       -33759.73                                        -33759.73
              1       -16882.13      0.31463451      -2.3025851       -2.3025851      -33759.656                                       -33759.656
              1      -16881.415       0.3138931      -2.3025851       -2.3025851      -33758.226                                       -33758.226
             24      -16881.382      0.31606562      -2.3025851       -2.3025851      -33758.159                                       -33758.159
             11      -16882.159      0.31522005      -2.3025851       -2.3025851      -33759.713                                       -33759.713
              7      -16882.164      0.31520741      -2.3025851       -2.3025851      -33759.722                                       -33759.722
              2      -16882.085      0.31538158      -2.3025851       -2.3025851      -33759.565                                       -33759.565
              1      -16882.054      0.31543274      -2.3025851       -2.3025851      -33759.503                                       -33759.503
              5      -16881.774      0.31417193      -2.3025851       -2.3025851      -33758.943                                       -33758.943
              4      -16882.204      0.31493624      -2.3025851       -2.3025851      -33759.802                                       -33759.802
             10      -16882.203      0.31500953      -2.3025851       -2.3025851        -33759.8                                         -33759.8
              7      -16881.996      0.31551671      -2.3025851       -2.3025851      -33759.387                                       -33759.387
             23      -16882.175      0.31475567      -2.3025851       -2.3025851      -33759.745                                       -33759.745
              3       -16881.71      0.31411518      -2.3025851       -2.3025851      -33758.814                                       -33758.814
              1      -16881.687      0.31409597      -2.3025851       -2.3025851      -33758.769                                       -33758.769
              1      -16881.848      0.31424253      -2.3025851       -2.3025851       -33759.09                                        -33759.09
              5      -16882.168      0.31473415      -2.3025851       -2.3025851      -33759.732                                       -33759.732
              1      -16882.165      0.31520228      -2.3025851       -2.3025851      -33759.725                                       -33759.725
              1      -16881.276      0.31613486      -2.3025851       -2.3025851      -33757.948                                       -33757.948
              6      -16881.813      0.31572272      -2.3025851       -2.3025851      -33759.021                                       -33759.021
              2      -16882.203      0.31492785      -2.3025851       -2.3025851      -33759.802                                       -33759.802
              1       -16881.44      0.31390976      -2.3025851       -2.3025851      -33758.275                                       -33758.275
              1      -16882.196      0.31485618      -2.3025851       -2.3025851      -33759.788                                       -33759.788
              1      -16882.104      0.31534661      -2.3025851       -2.3025851      -33759.603                                       -33759.603
              1      -16882.161      0.31471009      -2.3025851       -2.3025851      -33759.716                                       -33759.716
              3      -16882.204      0.31493616      -2.3025851       -2.3025851      -33759.802                                       -33759.802
              1      -16881.023      0.31365528      -2.3025851       -2.3025851      -33757.441                                       -33757.441
              3      -16881.973      0.31438177      -2.3025851       -2.3025851       -33759.34                                        -33759.34
              3      -16882.157       0.3152269      -2.3025851       -2.3025851      -33759.708                                       -33759.708
              1      -16881.957      0.31436299      -2.3025851       -2.3025851      -33759.309                                       -33759.309
              4      -16882.057      0.31449905      -2.3025851       -2.3025851      -33759.508                                       -33759.508
              2      -16882.098        0.315358      -2.3025851       -2.3025851      -33759.591                                       -33759.591
              3      -16880.563      0.31652408      -2.3025851       -2.3025851      -33756.522                                       -33756.522
              1      -16881.695      0.31583006      -2.3025851       -2.3025851      -33758.785                                       -33758.785
              1      -16882.061      0.31450645      -2.3025851       -2.3025851      -33759.518                                       -33759.518
              1       -16881.78      0.31417742      -2.3025851       -2.3025851      -33758.955                                       -33758.955
              4      -16881.927      0.31560235      -2.3025851       -2.3025851      -33759.248                                       -33759.248
              1      -16881.682      0.31584132      -2.3025851       -2.3025851      -33758.758                                       -33758.758
              1      -16882.088      0.31455203      -2.3025851       -2.3025851      -33759.572                                       -33759.572
              1      -16881.885      0.31564882      -2.3025851       -2.3025851      -33759.165                                       -33759.165
              1      -16881.266      0.31614148      -2.3025851       -2.3025851      -33757.927                                       -33757.927
              1      -16882.073      0.31452552      -2.3025851       -2.3025851      -33759.541                                       -33759.541
              2      -16881.828      0.31422292      -2.3025851       -2.3025851       -33759.05                                        -33759.05
              2      -16881.001      0.31364323      -2.3025851       -2.3025851      -33757.397                                       -33757.397
              1      -16882.198      0.31505507      -2.3025851       -2.3025851      -33759.792                                       -33759.792
              1      -16881.113       0.3162346      -2.3025851       -2.3025851       -33757.62                                        -33757.62
              1      -16881.826      0.31422132      -2.3025851       -2.3025851      -33759.047                                       -33759.047
              1      -16881.868       0.3142632      -2.3025851       -2.3025851       -33759.13                                        -33759.13
              2      -16881.793      0.31418991      -2.3025851       -2.3025851      -33758.982                                       -33758.982
              1      -16881.422      0.31603865      -2.3025851       -2.3025851      -33758.239                                       -33758.239
              2      -16881.477      0.31599982      -2.3025851       -2.3025851      -33758.349                                       -33758.349
              2       -16882.01      0.31443109      -2.3025851       -2.3025851      -33759.415                                       -33759.415
              1      -16881.774      0.31417222      -2.3025851       -2.3025851      -33758.943                                       -33758.943
              3      -16881.876      0.31427216      -2.3025851       -2.3025851      -33759.148                                       -33759.148
              5      -16882.149        0.314678      -2.3025851       -2.3025851      -33759.692                                       -33759.692
              2      -16882.204      0.31493819      -2.3025851       -2.3025851      -33759.803                                       -33759.803
              2      -16881.853      0.31568244      -2.3025851       -2.3025851      -33759.101                                       -33759.101
              1      -16882.164      0.31520568      -2.3025851       -2.3025851      -33759.723                                       -33759.723
              1      -16882.106       0.3145841      -2.3025851       -2.3025851      -33759.607                                       -33759.607
              1      -16881.839      0.31423371      -2.3025851       -2.3025851      -33759.072                                       -33759.072
              1       -16882.11      0.31459312      -2.3025851       -2.3025851      -33759.616                                       -33759.616
              2      -16882.204      0.31497285      -2.3025851       -2.3025851      -33759.803                                       -33759.803
              3      -16881.152      0.31621116      -2.3025851       -2.3025851        -33757.7                                         -33757.7
              1      -16882.123       0.3146184      -2.3025851       -2.3025851      -33759.641                                       -33759.641
              1      -16882.186      0.31479902      -2.3025851       -2.3025851      -33759.766                                       -33759.766
              2      -16882.066      0.31451391      -2.3025851       -2.3025851      -33759.527                                       -33759.527
              2       -16880.39      0.31334447      -2.3025851       -2.3025851      -33756.174                                       -33756.174
              1      -16880.646      0.31346247      -2.3025851       -2.3025851      -33756.687                                       -33756.687
              1      -16881.132      0.31371695      -2.3025851       -2.3025851      -33757.659                                       -33757.659
              1      -16882.171      0.31474138      -2.3025851       -2.3025851      -33759.736                                       -33759.736
              3      -16882.144       0.3146659      -2.3025851       -2.3025851      -33759.683                                       -33759.683
              1      -16882.029       0.3144568      -2.3025851       -2.3025851      -33759.452                                       -33759.452
              2      -16882.201      0.31488894      -2.3025851       -2.3025851      -33759.796                                       -33759.796
              1      -16882.191      0.31510021      -2.3025851       -2.3025851      -33759.778                                       -33759.778
              1      -16881.957      0.31436288      -2.3025851       -2.3025851      -33759.309                                       -33759.309
              1      -16881.662      0.31585746      -2.3025851       -2.3025851       -33758.72                                        -33758.72
              1      -16882.008      0.31549986      -2.3025851       -2.3025851      -33759.412                                       -33759.412
              2      -16882.122      0.31531114      -2.3025851       -2.3025851      -33759.638                                       -33759.638
              1       -16882.16      0.31521858      -2.3025851       -2.3025851      -33759.714                                       -33759.714
              1      -16882.114      0.31459975      -2.3025851       -2.3025851      -33759.622                                       -33759.622
              1      -16881.801      0.31573466      -2.3025851       -2.3025851      -33758.996                                       -33758.996
              1      -16881.684      0.31583921      -2.3025851       -2.3025851      -33758.763                                       -33758.763
              6      -16882.177      0.31476457      -2.3025851       -2.3025851      -33759.749                                       -33759.749
              2      -16881.868      0.31426318      -2.3025851       -2.3025851       -33759.13                                        -33759.13
              1      -16881.605      0.31402989      -2.3025851       -2.3025851      -33758.605                                       -33758.605
              2      -16882.147       0.3146747      -2.3025851       -2.3025851       -33759.69                                        -33759.69
              1      -16882.043      0.31545021      -2.3025851       -2.3025851      -33759.481                                       -33759.481
              2      -16882.202      0.31490929      -2.3025851       -2.3025851        -33759.8                                         -33759.8
              1      -16882.011      0.31443204      -2.3025851       -2.3025851      -33759.417                                       -33759.417
              3      -16881.872      0.31426793      -2.3025851       -2.3025851       -33759.14                                        -33759.14
              1      -16881.838      0.31423341      -2.3025851       -2.3025851      -33759.072                                       -33759.072
              1      -16882.201      0.31503613      -2.3025851       -2.3025851      -33759.796                                       -33759.796
              1      -16882.157      0.31470135      -2.3025851       -2.3025851       -33759.71                                        -33759.71
              1      -16881.708      0.31411387      -2.3025851       -2.3025851      -33758.811                                       -33758.811
              1      -16881.945      0.31558147      -2.3025851       -2.3025851      -33759.284                                       -33759.284
              4      -16882.203      0.31491378      -2.3025851       -2.3025851        -33759.8                                         -33759.8
              2      -16882.055      0.31449679      -2.3025851       -2.3025851      -33759.506                                       -33759.506
              2      -16882.174      0.31517474      -2.3025851       -2.3025851      -33759.742                                       -33759.742
              2       -16882.08      0.31453788      -2.3025851       -2.3025851      -33759.556                                       -33759.556
              2       -16882.11      0.31459224      -2.3025851       -2.3025851      -33759.615                                       -33759.615
              1      -16882.148      0.31467639      -2.3025851       -2.3025851      -33759.691                                       -33759.691
              1      -16880.963      0.31631965      -2.3025851       -2.3025851       -33757.32                                        -33757.32
              1      -16882.169      0.31473595      -2.3025851       -2.3025851      -33759.733                                       -33759.733
              1      -16882.005       0.3155046      -2.3025851       -2.3025851      -33759.405                                       -33759.405
              1      -16881.814      0.31572208      -2.3025851       -2.3025851      -33759.022                                       -33759.022
              1      -16882.203      0.31491412      -2.3025851       -2.3025851        -33759.8                                         -33759.8
              1      -16882.179      0.31515652      -2.3025851       -2.3025851      -33759.752                                       -33759.752
              2      -16882.204       0.3149702      -2.3025851       -2.3025851      -33759.803                                       -33759.803
              2      -16882.191      0.31510333      -2.3025851       -2.3025851      -33759.777                                       -33759.777
              1      -16882.188      0.31480673      -2.3025851       -2.3025851       -33759.77                                        -33759.77
              1      -16882.192      0.31482877      -2.3025851       -2.3025851      -33759.779                                       -33759.779
              2      -16882.102      0.31457704      -2.3025851       -2.3025851      -33759.599                                       -33759.599
              3      -16881.911      0.31430938      -2.3025851       -2.3025851      -33759.217                                       -33759.217
              5      -16882.035      0.31546272      -2.3025851       -2.3025851      -33759.464                                       -33759.464
              1       -16881.79      0.31574517      -2.3025851       -2.3025851      -33758.974                                       -33758.974
              3      -16881.977      0.31554101      -2.3025851       -2.3025851       -33759.35                                        -33759.35
              2       -16882.05      0.31543856      -2.3025851       -2.3025851      -33759.496                                       -33759.496
              1      -16882.181      0.31514766      -2.3025851       -2.3025851      -33759.757                                       -33759.757
              2      -16882.175      0.31475684      -2.3025851       -2.3025851      -33759.745                                       -33759.745
              1      -16882.204      0.31494108      -2.3025851       -2.3025851      -33759.803                                       -33759.803
              1      -16881.778      0.31417535      -2.3025851       -2.3025851       -33758.95                                        -33758.95
              1       -16882.15      0.31524466      -2.3025851       -2.3025851      -33759.695                                       -33759.695
              1      -16882.156      0.31523022      -2.3025851       -2.3025851      -33759.706                                       -33759.706
              1      -16882.029      0.31547054      -2.3025851       -2.3025851      -33759.453                                       -33759.453
              1      -16882.196      0.31485495      -2.3025851       -2.3025851      -33759.787                                       -33759.787
              1      -16882.192       0.3150999      -2.3025851       -2.3025851      -33759.778                                       -33759.778
              1      -16881.931      0.31433244      -2.3025851       -2.3025851      -33759.257                                       -33759.257
              1      -16882.153      0.31468811      -2.3025851       -2.3025851        -33759.7                                         -33759.7
              1      -16881.178      0.31374338      -2.3025851       -2.3025851       -33757.75                                        -33757.75
              1      -16880.643      0.31346108      -2.3025851       -2.3025851      -33756.682                                       -33756.682
              1      -16880.991      0.31363757      -2.3025851       -2.3025851      -33757.376                                       -33757.376
              1      -16881.969      0.31437757      -2.3025851       -2.3025851      -33759.333                                       -33759.333
              1      -16881.831      0.31422574      -2.3025851       -2.3025851      -33759.056                                       -33759.056
              2      -16882.076      0.31452955      -2.3025851       -2.3025851      -33759.546                                       -33759.546
