#        weight    minuslogpost         Omega_m   minuslogprior minuslogprior__0            chi2 chi2__functions_and_classes.SO_x_DESI_Likelihood_w_emulator_and_JAX
              1      -2.0084165      0.31974481      -2.3025851       -2.3025851      0.58833718                                                          0.58833718
              1      -2.2180298      0.31754954      -2.3025851       -2.3025851      0.16911063                                                          0.16911063
              1      -2.2386262      0.31277501      -2.3025851       -2.3025851      0.12791781                                                          0.12791781
              1      -1.0194945      0.30496182      -2.3025851       -2.3025851       2.5661812                                                           2.5661812
              1      -1.3328283      0.30628417      -2.3025851       -2.3025851       1.9395137                                                           1.9395137
              1      -1.4617077      0.30688798      -2.3025851       -2.3025851       1.6817548                                                           1.6817548
              1      -2.3024328      0.31489144      -2.3025851       -2.3025851   0.00030460983                                                       0.00030460983
              1      -2.2911829      0.31406168      -2.3025851       -2.3025851     0.022804443                                                         0.022804443
              1      -2.1335703      0.31860027      -2.3025851       -2.3025851      0.33802962                                                          0.33802962
              1      -2.0648172       0.3107016      -2.3025851       -2.3025851      0.47553587                                                          0.47553587
              3      -2.2914317      0.31407192      -2.3025851       -2.3025851     0.022306692                                                         0.022306692
              1      -2.0524123      0.31937699      -2.3025851       -2.3025851      0.50034553                                                          0.50034553
              1      -2.2541034      0.31692726      -2.3025851       -2.3025851     0.096963391                                                         0.096963391
              1      -2.0612835      0.31929869      -2.3025851       -2.3025851      0.48260313                                                          0.48260313
              1      -1.5114262       0.3227604      -2.3025851       -2.3025851       1.5823178                                                           1.5823178
              2      -1.9223375      0.30955849      -2.3025851       -2.3025851      0.76049513                                                          0.76049513
              1      -1.8723709      0.30921074      -2.3025851       -2.3025851      0.86042839                                                          0.86042839
              1      -1.5478168      0.30731821      -2.3025851       -2.3025851       1.5095365                                                           1.5095365
              2      -2.1705858      0.31180048      -2.3025851       -2.3025851      0.26399851                                                          0.26399851
              2      -2.1668826      0.31822727      -2.3025851       -2.3025851      0.27140504                                                          0.27140504
              2      -1.8546288       0.3208492      -2.3025851       -2.3025851      0.89591265                                                          0.89591265
              1     -0.48897621      0.32670942      -2.3025851       -2.3025851       3.6272178                                                           3.6272178
              1      -1.2750353      0.32383577      -2.3025851       -2.3025851       2.0550995                                                           2.0550995
              1      -1.9280068      0.32035087      -2.3025851       -2.3025851      0.74915653                                                          0.74915653
              1     -0.94306931      0.30466428      -2.3025851       -2.3025851       2.7190316                                                           2.7190316
              8      -2.1723236      0.31182168      -2.3025851       -2.3025851      0.26052308                                                          0.26052308
              1      -1.2322592      0.30583973      -2.3025851       -2.3025851       2.1406517                                                           2.1406517
              1      -1.2845055      0.30606817      -2.3025851       -2.3025851       2.0361593                                                           2.0361593
              1       -1.960672       0.3201136      -2.3025851       -2.3025851      0.68382627                                                          0.68382627
              2      -1.6668502      0.32196116      -2.3025851       -2.3025851       1.2714698                                                           1.2714698
              1      -2.1963708      0.31785621      -2.3025851       -2.3025851      0.21242853                                                          0.21242853
              2      -1.9901696      0.31988893      -2.3025851       -2.3025851      0.62483108                                                          0.62483108
              2      -2.0290975      0.31038853      -2.3025851       -2.3025851      0.54697514                                                          0.54697514
              1      -2.2368917      0.31274543      -2.3025851       -2.3025851      0.13138679                                                          0.13138679
              1       -2.137591      0.31855736      -2.3025851       -2.3025851      0.32998809                                                          0.32998809
              1      -2.2626665      0.31324258      -2.3025851       -2.3025851     0.079837181                                                         0.079837181
              1      -2.2323165      0.31732295      -2.3025851       -2.3025851      0.14053723                                                          0.14053723
              1     -0.52028486       0.3031492      -2.3025851       -2.3025851       3.5646005                                                           3.5646005
              1      -1.0692523      0.30516009      -2.3025851       -2.3025851       2.4666655                                                           2.4666655
              1     -0.36337265      0.30263238      -2.3025851       -2.3025851       3.8784249                                                           3.8784249
              1      -1.3678807      0.30644482      -2.3025851       -2.3025851       1.8694087                                                           1.8694087
              1      -2.2500823      0.31298437      -2.3025851       -2.3025851      0.10500552                                                          0.10500552
              1      -2.2967106      0.31432624      -2.3025851       -2.3025851     0.011749031                                                         0.011749031
              1      -1.7686273      0.32138303      -2.3025851       -2.3025851       1.0679157                                                           1.0679157
              1      -1.7331174      0.32159005      -2.3025851       -2.3025851       1.1389353                                                           1.1389353
              1      -1.2096787      0.32411003      -2.3025851       -2.3025851       2.1858127                                                           2.1858127
              3     -0.94467577       0.3251454      -2.3025851       -2.3025851       2.7158186                                                           2.7158186
              1      -2.2373912      0.31723679      -2.3025851       -2.3025851      0.13038777                                                          0.13038777
              1     -0.71528122      0.32596138      -2.3025851       -2.3025851       3.1746078                                                           3.1746078
              3      -1.9509522      0.32018537      -2.3025851       -2.3025851      0.70326585                                                          0.70326585
              1      -1.9998609      0.31981256      -2.3025851       -2.3025851      0.60544837                                                          0.60544837
              1      -2.2125479      0.31763022      -2.3025851       -2.3025851      0.18007441                                                          0.18007441
              2      -2.2849828      0.31383369      -2.3025851       -2.3025851     0.035204679                                                         0.035204679
              1      -2.2719416       0.3134616      -2.3025851       -2.3025851     0.061286926                                                         0.061286926
              1      -2.2841237      0.31380589      -2.3025851       -2.3025851     0.036922727                                                         0.036922727
              2      -2.2237241       0.3174619      -2.3025851       -2.3025851      0.15772209                                                          0.15772209
              2       -1.760727      0.32142971      -2.3025851       -2.3025851       1.0837163                                                           1.0837163
              1     -0.30514392      0.32728201      -2.3025851       -2.3025851       3.9948823                                                           3.9948823
              2     -0.47128185      0.32676559      -2.3025851       -2.3025851       3.6626065                                                           3.6626065
              1     -0.76613626      0.32578559      -2.3025851       -2.3025851       3.0728977                                                           3.0728977
              2      -1.4704817       0.3229572      -2.3025851       -2.3025851       1.6642069                                                           1.6642069
              1      -2.2872286      0.31608714      -2.3025851       -2.3025851     0.030713007                                                         0.030713007
              1      -1.9685642      0.30990148      -2.3025851       -2.3025851      0.66804183                                                          0.66804183
              3      -1.2838223      0.30606513      -2.3025851       -2.3025851       2.0375257                                                           2.0375257
              2      -1.5623369      0.30739258      -2.3025851       -2.3025851       1.4804964                                                           1.4804964
              1      -2.2236765      0.31252823      -2.3025851       -2.3025851      0.15781718                                                          0.15781718
              1      -2.2028927      0.31222055      -2.3025851       -2.3025851      0.19938473                                                          0.19938473
              4       -1.973135      0.32001965      -2.3025851       -2.3025851       0.6589002                                                           0.6589002
              1      -1.8395466      0.32094628      -2.3025851       -2.3025851      0.92607695                                                          0.92607695
              2      -2.3021875      0.31482521      -2.3025851       -2.3025851   0.00079526135                                                       0.00079526135
              2      -1.5457011      0.32259129      -2.3025851       -2.3025851        1.513768                                                            1.513768
              1       -2.290336      0.31597126      -2.3025851       -2.3025851     0.024498139                                                         0.024498139
              1      -2.0321671      0.31041474      -2.3025851       -2.3025851      0.54083592                                                          0.54083592
              1      -2.3023992      0.31488015      -2.3025851       -2.3025851   0.00037169884                                                       0.00037169884
              1      -2.3025384      0.31493975      -2.3025851       -2.3025851   9.3362505e-05                                                       9.3362505e-05
              4      -1.8303452      0.32100406      -2.3025851       -2.3025851       0.9444797                                                           0.9444797
              1      -1.7802663      0.32131127      -2.3025851       -2.3025851       1.0446376                                                           1.0446376
              1      -2.0871899      0.31090952      -2.3025851       -2.3025851      0.43079036                                                          0.43079036
              2      -1.5860727      0.30751687      -2.3025851       -2.3025851       1.4330249                                                           1.4330249
              1      -1.3113935      0.30618709      -2.3025851       -2.3025851       1.9823833                                                           1.9823833
              2     -0.85889372      0.30434655      -2.3025851       -2.3025851       2.8873827                                                           2.8873827
              1      -1.4177648      0.30667761      -2.3025851       -2.3025851       1.7696407                                                           1.7696407
              2     -0.78196534      0.30406312      -2.3025851       -2.3025851       3.0412395                                                           3.0412395
              1      -1.9937572      0.31009869      -2.3025851       -2.3025851      0.61765569                                                          0.61765569
              9       -2.187289      0.31201102      -2.3025851       -2.3025851      0.23059219                                                          0.23059219
              3      -2.2973658      0.31436531      -2.3025851       -2.3025851       0.0104386                                                           0.0104386
              3      -2.2544685      0.31306994      -2.3025851       -2.3025851     0.096233241                                                         0.096233241
              6      -2.2331618      0.31730897      -2.3025851       -2.3025851      0.13884665                                                          0.13884665
              4     -0.66464147      0.30364438      -2.3025851       -2.3025851       3.2758873                                                           3.2758873
              2      0.13752368      0.30110664      -2.3025851       -2.3025851       4.8802176                                                           4.8802176
              8      -2.1337867      0.31859796      -2.3025851       -2.3025851      0.33759683                                                          0.33759683
              1      -2.2631551      0.31674004      -2.3025851       -2.3025851     0.078859963                                                         0.078859963
              1      -1.9077542      0.32049278      -2.3025851       -2.3025851      0.78966182                                                          0.78966182
              1      -1.7091128      0.32172668      -2.3025851       -2.3025851       1.1869446                                                           1.1869446
              2      -2.1856509      0.31198929      -2.3025851       -2.3025851       0.2338683                                                           0.2338683
              1      -1.5805327      0.30748776      -2.3025851       -2.3025851       1.4441048                                                           1.4441048
              2      -2.0528173      0.31937346      -2.3025851       -2.3025851      0.49953559                                                          0.49953559
              3      -2.1090479      0.31885171      -2.3025851       -2.3025851      0.38707435                                                          0.38707435
              3      -2.1031964      0.31106488      -2.3025851       -2.3025851      0.39877731                                                          0.39877731
              1      -1.2850545      0.32379264      -2.3025851       -2.3025851       2.0350611                                                           2.0350611
              3      -2.0188415      0.31966012      -2.3025851       -2.3025851      0.56748712                                                          0.56748712
              1      -1.3522329       0.3063727      -2.3025851       -2.3025851       1.9007044                                                           1.9007044
              1      -2.2817945      0.31373299      -2.3025851       -2.3025851     0.041581098                                                         0.041581098
              3       -2.260081      0.31680467      -2.3025851       -2.3025851     0.085008182                                                         0.085008182
              3      -1.5625941       0.3073939      -2.3025851       -2.3025851       1.4799819                                                           1.4799819
              1      -2.2299238      0.31262802      -2.3025851       -2.3025851      0.14532258                                                          0.14532258
              1       -1.110745      0.30532869      -2.3025851       -2.3025851       2.3836801                                                           2.3836801
              3      -1.4997873       0.3070752      -2.3025851       -2.3025851       1.6055956                                                           1.6055956
              5       -2.293939      0.31581638      -2.3025851       -2.3025851     0.017292157                                                         0.017292157
              1      -2.2986733      0.31554887      -2.3025851       -2.3025851    0.0078236302                                                        0.0078236302
              2      -2.2859767      0.31613065      -2.3025851       -2.3025851     0.033216763                                                         0.033216763
              5      -2.2827598      0.31376279      -2.3025851       -2.3025851     0.039650649                                                         0.039650649
              2      -1.8581836      0.32082602      -2.3025851       -2.3025851      0.88880289                                                          0.88880289
              2      -1.5568217      0.32253589      -2.3025851       -2.3025851       1.4915268                                                           1.4915268
              1      -1.7075395      0.30818422      -2.3025851       -2.3025851       1.1900913                                                           1.1900913
              2      -2.0925375      0.31096042      -2.3025851       -2.3025851      0.42009524                                                          0.42009524
              1      -1.3322699      0.30628166      -2.3025851       -2.3025851       1.9406304                                                           1.9406304
              1      -2.1047786      0.31889392      -2.3025851       -2.3025851      0.39561307                                                          0.39561307
              1      -1.7316053      0.30832451      -2.3025851       -2.3025851       1.1419595                                                           1.1419595
              4      -1.6527808      0.30787511      -2.3025851       -2.3025851       1.2996086                                                           1.2996086
              4      -1.9752741       0.3200034      -2.3025851       -2.3025851       0.6546219                                                           0.6546219
              2      -1.8032844      0.32117327      -2.3025851       -2.3025851      0.99860132                                                          0.99860132
              1      -1.1089185      0.32451741      -2.3025851       -2.3025851       2.3873332                                                           2.3873332
              1      -2.2586066      0.31683583      -2.3025851       -2.3025851     0.087957047                                                         0.087957047
              1      -1.9419669       0.3097023      -2.3025851       -2.3025851      0.72123641                                                          0.72123641
              1      -2.0347521        0.319528      -2.3025851       -2.3025851      0.53566605                                                          0.53566605
              4      -1.9320028      0.30962687      -2.3025851       -2.3025851      0.74116457                                                          0.74116457
              2      -1.2322498      0.30583989      -2.3025851       -2.3025851       2.1406705                                                           2.1406705
              3      -2.2247585      0.31744572      -2.3025851       -2.3025851      0.15565327                                                          0.15565327
              1      -1.8953779      0.32057796      -2.3025851       -2.3025851      0.81441444                                                          0.81441444
              1      -2.3012505      0.31532052      -2.3025851       -2.3025851    0.0026691856                                                        0.0026691856
              2      -2.1835145      0.31802359      -2.3025851       -2.3025851      0.23814109                                                          0.23814109
              1      -1.0987265      0.30528006      -2.3025851       -2.3025851       2.4077172                                                           2.4077172
              3      -1.4694726      0.30692626      -2.3025851       -2.3025851       1.6662251                                                           1.6662251
              2      -2.2977163      0.31561233      -2.3025851       -2.3025851    0.0097376071                                                        0.0097376071
              1      -1.9383441      0.32027696      -2.3025851       -2.3025851      0.72848195                                                          0.72848195
              1      -1.8014238      0.32118487      -2.3025851       -2.3025851       1.0023226                                                           1.0023226
              1       -1.747027      0.32150946      -2.3025851       -2.3025851       1.1111162                                                           1.1111162
              1      -2.0374991      0.31950483      -2.3025851       -2.3025851      0.53017205                                                          0.53017205
              2      -1.6540656      0.30788221      -2.3025851       -2.3025851        1.297039                                                            1.297039
              1      -1.8960265      0.30937269      -2.3025851       -2.3025851      0.81311721                                                          0.81311721
              2      -1.9477769      0.30974533      -2.3025851       -2.3025851      0.70961642                                                          0.70961642
              1      -2.2612276      0.31321126      -2.3025851       -2.3025851     0.082714923                                                         0.082714923
              1      -2.2688804      0.31338596      -2.3025851       -2.3025851     0.067409374                                                         0.067409374
              1      -2.2543921      0.31306841      -2.3025851       -2.3025851     0.096386075                                                         0.096386075
              3      -2.2958647      0.31427992      -2.3025851       -2.3025851     0.013440793                                                         0.013440793
              1      -2.2810653      0.31628653      -2.3025851       -2.3025851     0.043039598                                                         0.043039598
              1      -2.2239369      0.31253233      -2.3025851       -2.3025851      0.15729642                                                          0.15729642
              1      -2.2991681      0.31551299      -2.3025851       -2.3025851    0.0068338932                                                        0.0068338932
              2      -1.9266373      0.32036061      -2.3025851       -2.3025851      0.75189549                                                          0.75189549
              1      -1.4079383      0.32324869      -2.3025851       -2.3025851       1.7892935                                                           1.7892935
              3      -2.1024938      0.31891622      -2.3025851       -2.3025851      0.40018252                                                          0.40018252
              1       -1.916348      0.32043319      -2.3025851       -2.3025851      0.77247411                                                          0.77247411
              1      -1.8768183      0.32070325      -2.3025851       -2.3025851      0.85153353                                                          0.85153353
              1       -1.711654      0.32171237      -2.3025851       -2.3025851       1.1818621                                                           1.1818621
              1     -0.94004997       0.3251625      -2.3025851       -2.3025851       2.7250702                                                           2.7250702
              2      -2.2717597      0.31345689      -2.3025851       -2.3025851     0.061650813                                                         0.061650813
              1      -2.1776151      0.31188703      -2.3025851       -2.3025851      0.24993996                                                          0.24993996
              2      -2.2476107      0.31705321      -2.3025851       -2.3025851      0.10994872                                                          0.10994872
              1      -1.9304945      0.32033288      -2.3025851       -2.3025851       0.7441811                                                           0.7441811
              5       -2.100951      0.31893121      -2.3025851       -2.3025851      0.40326828                                                          0.40326828
              2      -1.5972139      0.32232991      -2.3025851       -2.3025851       1.4107424                                                           1.4107424
              1      -1.4867372      0.32287942      -2.3025851       -2.3025851       1.6316959                                                           1.6316959
              2      -0.6188229      0.32628635      -2.3025851       -2.3025851       3.3675244                                                           3.3675244
              1     -0.73004147      0.30387559      -2.3025851       -2.3025851       3.1450872                                                           3.1450872
              1      -1.6779559      0.30801603      -2.3025851       -2.3025851       1.2492584                                                           1.2492584
              2      -2.2134192      0.31237154      -2.3025851       -2.3025851      0.17833169                                                          0.17833169
              1       -1.526948      0.32268424      -2.3025851       -2.3025851       1.5512742                                                           1.5512742
              2      -2.2771422      0.31639872      -2.3025851       -2.3025851     0.050885838                                                         0.050885838
              1      -1.6539832      0.32203041      -2.3025851       -2.3025851       1.2972038                                                           1.2972038
              1      -2.2996118      0.31547853      -2.3025851       -2.3025851    0.0059465826                                                        0.0059465826
              1      -2.2980594      0.31440905      -2.3025851       -2.3025851    0.0090514449                                                        0.0090514449
              2      -2.0656299      0.31070899      -2.3025851       -2.3025851      0.47391048                                                          0.47391048
              1      -2.0711003      0.31075964      -2.3025851       -2.3025851      0.46296966                                                          0.46296966
              1       -2.221962       0.3174892      -2.3025851       -2.3025851      0.16124627                                                          0.16124627
              1      -2.2759307      0.31643113      -2.3025851       -2.3025851     0.053308852                                                         0.053308852
              1       -1.822123      0.32105582      -2.3025851       -2.3025851      0.96092421                                                          0.96092421
              1      -2.2181628      0.31754754      -2.3025851       -2.3025851      0.16884452                                                          0.16884452
              1      -2.3025824      0.31498554      -2.3025851       -2.3025851   5.4169254e-06                                                       5.4169254e-06
              2      -2.1849476       0.3119803      -2.3025851       -2.3025851      0.23527494                                                          0.23527494
              1      -2.0612577      0.31929917      -2.3025851       -2.3025851      0.48265475                                                          0.48265475
              1      -1.2284069      0.32403234      -2.3025851       -2.3025851       2.1483564                                                           2.1483564
              1      -1.6686732      0.32195127      -2.3025851       -2.3025851       1.2678238                                                           1.2678238
              1      -1.9875571      0.31004953      -2.3025851       -2.3025851      0.63005596                                                          0.63005596
              1      -2.2988777      0.31446395      -2.3025851       -2.3025851    0.0074147703                                                        0.0074147703
              2      -2.2961608      0.31429615      -2.3025851       -2.3025851     0.012848486                                                         0.012848486
              3      -2.0534174      0.31059912      -2.3025851       -2.3025851      0.49833539                                                          0.49833539
              2      -1.9362097      0.30965784      -2.3025851       -2.3025851      0.73275077                                                          0.73275077
              3       -2.218248      0.31754626      -2.3025851       -2.3025851      0.16867422                                                          0.16867422
              2      -2.1457241      0.31151186      -2.3025851       -2.3025851      0.31372204                                                          0.31372204
              1      -2.1370362      0.31856331      -2.3025851       -2.3025851      0.33109769                                                          0.33109769
              2       -2.237187      0.31724029      -2.3025851       -2.3025851      0.13079622                                                          0.13079622
              1      -2.0317391      0.31041111      -2.3025851       -2.3025851       0.5416919                                                           0.5416919
              2      -2.0863973      0.31090174      -2.3025851       -2.3025851      0.43237561                                                          0.43237561
              1      -2.2084088      0.31229866      -2.3025851       -2.3025851      0.18835258                                                          0.18835258
              1       -1.870283       0.3091966      -2.3025851       -2.3025851      0.86460423                                                          0.86460423
              1      -1.8053401      0.30877318      -2.3025851       -2.3025851      0.99448997                                                          0.99448997
              2      -2.1022263      0.31891881      -2.3025851       -2.3025851      0.40071759                                                          0.40071759
              1      -2.0644272      0.31927103      -2.3025851       -2.3025851      0.47631583                                                          0.47631583
              3      -1.7220265      0.32165398      -2.3025851       -2.3025851       1.1611172                                                           1.1611172
              2      -1.6794145       0.3218923      -2.3025851       -2.3025851       1.2463412                                                           1.2463412
              1      -1.9883043      0.31990346      -2.3025851       -2.3025851      0.62856156                                                          0.62856156
              1      -1.1974295      0.32416028      -2.3025851       -2.3025851       2.2103112                                                           2.2103112
              4     -0.34178254      0.32717048      -2.3025851       -2.3025851       3.9216051                                                           3.9216051
              1       -1.956991      0.32014091      -2.3025851       -2.3025851      0.69118816                                                          0.69118816
              2       -2.300617      0.31461024      -2.3025851       -2.3025851    0.0039361781                                                        0.0039361781
              1      -2.2966101      0.31567805      -2.3025851       -2.3025851     0.011949926                                                         0.011949926
              1      -2.2549704      0.31308006      -2.3025851       -2.3025851     0.095229425                                                         0.095229425
              5      -2.2107745      0.31233283      -2.3025851       -2.3025851      0.18362111                                                          0.18362111
              2       -2.186552      0.31200108      -2.3025851       -2.3025851      0.23206609                                                          0.23206609
              6      -2.2249046      0.31254737      -2.3025851       -2.3025851      0.15536103                                                          0.15536103
              1      -1.8703515      0.30919707      -2.3025851       -2.3025851      0.86446714                                                          0.86446714
              2      -2.1952421      0.31787122      -2.3025851       -2.3025851      0.21468604                                                          0.21468604
              2      -2.2312195      0.31264951      -2.3025851       -2.3025851      0.14273123                                                          0.14273123
              1      -2.2563879      0.31688237      -2.3025851       -2.3025851     0.092394359                                                         0.092394359
              1      -2.2625553      0.31675326      -2.3025851       -2.3025851      0.08005961                                                          0.08005961
              1      -2.2629774      0.31674399      -2.3025851       -2.3025851       0.0792154                                                           0.0792154
              1      -2.2800483      0.31631672      -2.3025851       -2.3025851     0.045073606                                                         0.045073606
              2      -2.1762066      0.31186945      -2.3025851       -2.3025851      0.25275692                                                          0.25275692
              1      -2.3023543      0.31513273      -2.3025851       -2.3025851   0.00046162444                                                       0.00046162444
              2      -2.2139172      0.31237916      -2.3025851       -2.3025851      0.17733583                                                          0.17733583
              1      -1.9249931      0.32037228      -2.3025851       -2.3025851      0.75518399                                                          0.75518399
              1      -1.3511339      0.32350463      -2.3025851       -2.3025851       1.9029025                                                           1.9029025
              4      -2.3013168      0.31531243      -2.3025851       -2.3025851    0.0025366491                                                        0.0025366491
              1       -1.838053      0.30898226      -2.3025851       -2.3025851      0.92906415                                                          0.92906415
              1      -2.2018134      0.31220551      -2.3025851       -2.3025851      0.20154345                                                          0.20154345
              1      -2.1832493      0.31195849      -2.3025851       -2.3025851      0.23867162                                                          0.23867162
              2      -1.9616972      0.30984904      -2.3025851       -2.3025851      0.68177581                                                          0.68177581
              1      -1.8500547      0.32087881      -2.3025851       -2.3025851      0.90506077                                                          0.90506077
              2       -1.083409      0.30521774      -2.3025851       -2.3025851       2.4383521                                                           2.4383521
              1      -1.6119063       0.3076533      -2.3025851       -2.3025851       1.3813577                                                           1.3813577
              1     -0.54507658       0.3265286      -2.3025851       -2.3025851        3.515017                                                            3.515017
              1      -2.2960492      0.31570909      -2.3025851       -2.3025851     0.013071753                                                         0.013071753
              3      -2.1069088      0.31887286      -2.3025851       -2.3025851      0.39135262                                                          0.39135262
              1      -1.8737721      0.32072325      -2.3025851       -2.3025851      0.85762608                                                          0.85762608
              1       -2.040402      0.31948045      -2.3025851       -2.3025851       0.5243662                                                           0.5243662
              3      -2.2355494      0.31272199      -2.3025851       -2.3025851      0.13407129                                                          0.13407129
              1      -2.3025537       0.3150492      -2.3025851       -2.3025851   6.2709871e-05                                                       6.2709871e-05
              1      -2.1943774      0.31210238      -2.3025851       -2.3025851      0.21641529                                                          0.21641529
              1     -0.91891441      0.32524038      -2.3025851       -2.3025851       2.7673414                                                           2.7673414
              1      -2.2288174      0.31738055      -2.3025851       -2.3025851      0.14753534                                                          0.14753534
              1      -1.3815222      0.32336829      -2.3025851       -2.3025851       1.8421258                                                           1.8421258
              2       -1.354085      0.32348987      -2.3025851       -2.3025851       1.8970002                                                           1.8970002
              3       -1.792732      0.32123773      -2.3025851       -2.3025851       1.0197062                                                           1.0197062
              4      -2.2251584      0.31743948      -2.3025851       -2.3025851       0.1548534                                                           0.1548534
              1      -2.2801715      0.31631298      -2.3025851       -2.3025851     0.044827182                                                         0.044827182
              1      -2.0526903      0.31937457      -2.3025851       -2.3025851      0.49978954                                                          0.49978954
              1      -1.9846022      0.31002588      -2.3025851       -2.3025851      0.63596588                                                          0.63596588
              2      -2.0918397      0.31095377      -2.3025851       -2.3025851      0.42149085                                                          0.42149085
              1      -1.8842805      0.32065318      -2.3025851       -2.3025851      0.83660918                                                          0.83660918
              1      -2.1964174      0.31785557      -2.3025851       -2.3025851      0.21233538                                                          0.21233538
              1      -2.1884134      0.31202569      -2.3025851       -2.3025851      0.22834335                                                          0.22834335
              1     -0.37610337      0.30267353      -2.3025851       -2.3025851       3.8529634                                                           3.8529634
              1      -1.9596333      0.30983358      -2.3025851       -2.3025851      0.68590349                                                          0.68590349
              2      -1.9336419      0.30963882      -2.3025851       -2.3025851      0.73788631                                                          0.73788631
              3      -1.6605545      0.32199535      -2.3025851       -2.3025851       1.2840612                                                           1.2840612
              1      -2.2402996      0.31280398      -2.3025851       -2.3025851      0.12457096                                                          0.12457096
              1      -2.2956763      0.31427005      -2.3025851       -2.3025851     0.013817615                                                         0.013817615
              1      -1.8001019      0.30874026      -2.3025851       -2.3025851       1.0049664                                                           1.0049664
              1        -1.63272      0.30776647      -2.3025851       -2.3025851       1.3397301                                                           1.3397301
              1     -0.95733961       0.3047187      -2.3025851       -2.3025851        2.690491                                                            2.690491
              1       -1.489846      0.32286448      -2.3025851       -2.3025851       1.6254783                                                           1.6254783
              3        -1.42661      0.32316237      -2.3025851       -2.3025851       1.7519503                                                           1.7519503
              3       -2.027758      0.31958669      -2.3025851       -2.3025851      0.54965413                                                          0.54965413
              1      -2.2992252      0.31448963      -2.3025851       -2.3025851    0.0067197797                                                        0.0067197797
              1      -2.2900545      0.31598255      -2.3025851       -2.3025851      0.02506127                                                          0.02506127
              2       -2.005199      0.31019082      -2.3025851       -2.3025851      0.59477222                                                          0.59477222
              1     -0.38886139      0.30271468      -2.3025851       -2.3025851       3.8274474                                                           3.8274474
              1      -2.1129739      0.31116314      -2.3025851       -2.3025851      0.37922236                                                          0.37922236
              1      -2.2912147      0.31593535      -2.3025851       -2.3025851     0.022740738                                                         0.022740738
              1      -1.9058777      0.32050575      -2.3025851       -2.3025851      0.79341477                                                          0.79341477
              3      -1.4184134      0.32320035      -2.3025851       -2.3025851       1.7683434                                                           1.7683434
              1      -2.2584885       0.3168383      -2.3025851       -2.3025851     0.088193238                                                         0.088193238
              1      -2.3022869      0.31484845      -2.3025851       -2.3025851   0.00059635827                                                       0.00059635827
              4      -2.2562431      0.31688531      -2.3025851       -2.3025851     0.092683949                                                         0.092683949
              1      -1.5229987       0.3227036      -2.3025851       -2.3025851       1.5591729                                                           1.5591729
              1      -1.9437558      0.32023777      -2.3025851       -2.3025851      0.71765864                                                          0.71765864
              1      -1.3715748       0.3064613      -2.3025851       -2.3025851       1.8620205                                                           1.8620205
              1      -1.7867107      0.30865698      -2.3025851       -2.3025851       1.0317488                                                           1.0317488
              2      -1.8538012      0.30908541      -2.3025851       -2.3025851      0.89756775                                                          0.89756775
              1      -2.0325317      0.31954627      -2.3025851       -2.3025851      0.54010683                                                          0.54010683
              1      -2.2961157       0.3157055      -2.3025851       -2.3025851     0.012938839                                                         0.012938839
              2      -2.1491279      0.31154957      -2.3025851       -2.3025851      0.30691445                                                          0.30691445
              2     -0.84915408      0.32549152      -2.3025851       -2.3025851        2.906862                                                            2.906862
              1      -2.1484427      0.31843859      -2.3025851       -2.3025851       0.3082847                                                           0.3082847
              2      -2.1962156      0.31785828      -2.3025851       -2.3025851      0.21273905                                                          0.21273905
              2      -2.2695559      0.31659279      -2.3025851       -2.3025851     0.066058293                                                         0.066058293
              1      -2.2457793      0.31290253      -2.3025851       -2.3025851      0.11361152                                                          0.11361152
              2      -2.1125922       0.3188164      -2.3025851       -2.3025851      0.37998569                                                          0.37998569
              2      -2.2664474      0.31666578      -2.3025851       -2.3025851     0.072275303                                                         0.072275303
              1      -2.0997473      0.31894289      -2.3025851       -2.3025851      0.40567553                                                          0.40567553
              1      -2.1601089      0.31830668      -2.3025851       -2.3025851      0.28495246                                                          0.28495246
              1      -1.3922202      0.32332015      -2.3025851       -2.3025851       1.8207297                                                           1.8207297
              1       -1.464849      0.32298406      -2.3025851       -2.3025851       1.6754723                                                           1.6754723
              1      -1.6604744      0.32199577      -2.3025851       -2.3025851       1.2842214                                                           1.2842214
              1      -1.6046705      0.30761457      -2.3025851       -2.3025851       1.3958292                                                           1.3958292
              1      -2.2761686      0.31357089      -2.3025851       -2.3025851     0.052832983                                                         0.052832983
              2      -2.2932644      0.31584695      -2.3025851       -2.3025851     0.018641356                                                         0.018641356
              1      -2.0548398      0.31935566      -2.3025851       -2.3025851      0.49549052                                                          0.49549052
              1      -1.3327328      0.32358577      -2.3025851       -2.3025851       1.9397045                                                           1.9397045
              2      -2.2022304      0.31777666      -2.3025851       -2.3025851      0.20070943                                                          0.20070943
              4       -2.295154      0.31575689      -2.3025851       -2.3025851     0.014862235                                                         0.014862235
              2      -2.2467213      0.31706977      -2.3025851       -2.3025851      0.11172751                                                          0.11172751
              3      -1.7510576      0.32148618      -2.3025851       -2.3025851        1.103055                                                            1.103055
              1      -1.5171557      0.32273222      -2.3025851       -2.3025851       1.5708587                                                           1.5708587
              1      -1.8174197      0.32108556      -2.3025851       -2.3025851      0.97033072                                                          0.97033072
              1      -1.9688429      0.32005202      -2.3025851       -2.3025851       0.6674844                                                           0.6674844
              1      -1.5626651      0.32250638      -2.3025851       -2.3025851       1.4798399                                                           1.4798399
              1      -2.2816483      0.31372838      -2.3025851       -2.3025851     0.041873522                                                         0.041873522
              1       -1.996838       0.3101233      -2.3025851       -2.3025851      0.61149412                                                          0.61149412
              1      -1.3893493      0.32333289      -2.3025851       -2.3025851       1.8264716                                                           1.8264716
              2      -1.9980514      0.31982712      -2.3025851       -2.3025851      0.60906744                                                          0.60906744
              1      -2.3004129      0.31459058      -2.3025851       -2.3025851    0.0043444112                                                        0.0043444112
              3      -2.2405233      0.31718205      -2.3025851       -2.3025851      0.12412359                                                          0.12412359
              1      -2.2164362      0.31757329      -2.3025851       -2.3025851      0.17229779                                                          0.17229779
              1      -2.2605788      0.31319698      -2.3025851       -2.3025851     0.084012665                                                         0.084012665
              1      -2.1282118      0.31865682      -2.3025851       -2.3025851       0.3487466                                                           0.3487466
              1     -0.38178906      0.32704686      -2.3025851       -2.3025851       3.8415921                                                           3.8415921
              1      0.98912481      0.33072204      -2.3025851       -2.3025851       6.5834198                                                           6.5834198
              2      -1.0661566      0.32468497      -2.3025851       -2.3025851        2.472857                                                            2.472857
              1      0.37246946       0.3291909      -2.3025851       -2.3025851       5.3501091                                                           5.3501091
              1     -0.70609864      0.32599276      -2.3025851       -2.3025851       3.1929729                                                           3.1929729
              1      -1.2387881      0.30586799      -2.3025851       -2.3025851        2.127594                                                            2.127594
              2       -1.726573      0.30829498      -2.3025851       -2.3025851       1.1520243                                                           1.1520243
              4      -1.9587636      0.30982715      -2.3025851       -2.3025851      0.68764305                                                          0.68764305
              2      -2.2867543      0.31610354      -2.3025851       -2.3025851     0.031661563                                                         0.031661563
              1      -2.1792556      0.31807728      -2.3025851       -2.3025851        0.246659                                                            0.246659
              3      -1.8735608      0.30921873      -2.3025851       -2.3025851      0.85804856                                                          0.85804856
              1      -1.8266308      0.32102748      -2.3025851       -2.3025851      0.95190859                                                          0.95190859
              1      -1.0976851      0.32456165      -2.3025851       -2.3025851       2.4098001                                                           2.4098001
              2      -2.2137634      0.31761244      -2.3025851       -2.3025851      0.17764345                                                          0.17764345
              2      -2.2163748       0.3175742      -2.3025851       -2.3025851      0.17242052                                                          0.17242052
              2      -2.3018216      0.31475716      -2.3025851       -2.3025851    0.0015269818                                                        0.0015269818
              1      -2.1976166      0.31783961      -2.3025851       -2.3025851      0.20993689                                                          0.20993689
              1       -1.375367       0.3064789      -2.3025851       -2.3025851       1.8544362                                                           1.8544362
              1      -2.2993597      0.31449993      -2.3025851       -2.3025851    0.0064508766                                                        0.0064508766
              1      -2.2224822      0.31748116      -2.3025851       -2.3025851      0.16020584                                                          0.16020584
              1      -2.2238151       0.3125304      -2.3025851       -2.3025851      0.15753993                                                          0.15753993
              1      -2.2760425      0.31642816      -2.3025851       -2.3025851      0.05308513                                                          0.05308513
              2       -2.226909      0.31741178      -2.3025851       -2.3025851      0.15135226                                                          0.15135226
              1      -2.3025791      0.31502151      -2.3025851       -2.3025851   1.2040883e-05                                                       1.2040883e-05
              2     -0.78391215      0.30407024      -2.3025851       -2.3025851       3.0373459                                                           3.0373459
              1     -0.16979834      0.30202062      -2.3025851       -2.3025851       4.2655735                                                           4.2655735
              3      -2.3025449      0.31494409      -2.3025851       -2.3025851   8.0345781e-05                                                       8.0345781e-05
              1      -1.6801246      0.30802824      -2.3025851       -2.3025851        1.244921                                                            1.244921
              2      -2.2457979      0.31290287      -2.3025851       -2.3025851      0.11357445                                                          0.11357445
              1      -2.0314262      0.31040864      -2.3025851       -2.3025851      0.54231781                                                          0.54231781
              1      -1.8311426        0.320999      -2.3025851       -2.3025851      0.94288504                                                          0.94288504
              1      -1.8346975      0.32097714      -2.3025851       -2.3025851       0.9357751                                                           0.9357751
              1      -2.2186503      0.31754006      -2.3025851       -2.3025851      0.16786955                                                          0.16786955
              2      -2.2235959      0.31252696      -2.3025851       -2.3025851      0.15797833                                                          0.15797833
              1      -2.1811867       0.3119322      -2.3025851       -2.3025851      0.24279673                                                          0.24279673
              1      -2.2819185      0.31373679      -2.3025851       -2.3025851     0.041333187                                                         0.041333187
              1      -2.2951979      0.31424511      -2.3025851       -2.3025851     0.014774309                                                         0.014774309
              1      -2.2946216      0.31578351      -2.3025851       -2.3025851      0.01592689                                                          0.01592689
              1      -1.9773878      0.30997039      -2.3025851       -2.3025851      0.65039456                                                          0.65039456
              1      -1.7569915      0.30847554      -2.3025851       -2.3025851       1.0911871                                                           1.0911871
              1      -2.3024709      0.31509379      -2.3025851       -2.3025851   0.00022829721                                                       0.00022829721
              2      -2.2904771      0.31596568      -2.3025851       -2.3025851     0.024216073                                                         0.024216073
              1      -2.2887381      0.31396591      -2.3025851       -2.3025851     0.027693981                                                         0.027693981
              1      -1.7045259      0.32175268      -2.3025851       -2.3025851       1.1961185                                                           1.1961185
              1      -2.0250281      0.31035421      -2.3025851       -2.3025851      0.55511397                                                          0.55511397
              1        -1.93505      0.30964912      -2.3025851       -2.3025851      0.73507023                                                          0.73507023
              2      -2.0649387      0.31926648      -2.3025851       -2.3025851      0.47529277                                                          0.47529277
              3      -1.5665779      0.32248686      -2.3025851       -2.3025851       1.4720144                                                           1.4720144
              1     -0.86482271      0.32543668      -2.3025851       -2.3025851       2.8755248                                                           2.8755248
              1      -2.0979134      0.31101349      -2.3025851       -2.3025851      0.40934333                                                          0.40934333
              2      -2.2455525      0.31289833      -2.3025851       -2.3025851      0.11406527                                                          0.11406527
              3      -2.2885362      0.31603982      -2.3025851       -2.3025851     0.028097725                                                         0.028097725
              2      -2.2799969      0.31631823      -2.3025851       -2.3025851     0.045176327                                                         0.045176327
              1      -1.8431925      0.32092299      -2.3025851       -2.3025851      0.91878521                                                          0.91878521
              1      -1.5190898      0.32272275      -2.3025851       -2.3025851       1.5669905                                                           1.5669905
              2       -2.258351      0.31314972      -2.3025851       -2.3025851     0.088468164                                                         0.088468164
              1      -2.2954058      0.31574301      -2.3025851       -2.3025851     0.014358671                                                         0.014358671
              1      -2.2967394      0.31432831      -2.3025851       -2.3025851     0.011691472                                                         0.011691472
              3      -1.8481786      0.30904827      -2.3025851       -2.3025851      0.90881294                                                          0.90881294
              1      -1.7640358      0.30851786      -2.3025851       -2.3025851       1.0770986                                                           1.0770986
              2      -1.7399401      0.30837403      -2.3025851       -2.3025851         1.12529                                                             1.12529
              2      -2.2984245      0.31556629      -2.3025851       -2.3025851    0.0083211809                                                        0.0083211809
              1      -2.2277416       0.3125921      -2.3025851       -2.3025851      0.14968702                                                          0.14968702
              1      -2.3014361      0.31529737      -2.3025851       -2.3025851    0.0022978918                                                        0.0022978918
              1      -2.1823594      0.31803829      -2.3025851       -2.3025851      0.24045146                                                          0.24045146
              1      -2.2164719      0.31241739      -2.3025851       -2.3025851      0.17222629                                                          0.17222629
              3      -2.2683196      0.31662237      -2.3025851       -2.3025851     0.068530895                                                         0.068530895
              2      -2.0372308      0.31045809      -2.3025851       -2.3025851      0.53070861                                                          0.53070861
              1      -1.9331748      0.32031376      -2.3025851       -2.3025851      0.73882067                                                          0.73882067
              1      -2.0462781      0.31943003      -2.3025851       -2.3025851      0.51261389                                                          0.51261389
              1     -0.30457577      0.32728374      -2.3025851       -2.3025851       3.9960186                                                           3.9960186
              1     -0.89626023      0.32532335      -2.3025851       -2.3025851       2.8126497                                                           2.8126497
              1      -2.2198215      0.31752228      -2.3025851       -2.3025851      0.16552716                                                          0.16552716
              1       -1.921826      0.32039482      -2.3025851       -2.3025851      0.76151812                                                          0.76151812
              2      -1.7607469      0.32142958      -2.3025851       -2.3025851       1.0836765                                                           1.0836765
              1      -2.2778842      0.31637836      -2.3025851       -2.3025851       0.0494017                                                           0.0494017
              1      -2.3025358      0.31506168      -2.3025851       -2.3025851   9.8538432e-05                                                       9.8538432e-05
              3      -2.2867253      0.31610454      -2.3025851       -2.3025851     0.031719591                                                         0.031719591
              3      -2.2411259      0.31281861      -2.3025851       -2.3025851      0.12291847                                                          0.12291847
              1      -2.2384535      0.31277199      -2.3025851       -2.3025851      0.12826319                                                          0.12826319
              1      -2.2751179      0.31645327      -2.3025851       -2.3025851     0.054934457                                                         0.054934457
              1      -2.2006601      0.31779834      -2.3025851       -2.3025851      0.20385008                                                          0.20385008
              1      -1.6762255      0.32190999      -2.3025851       -2.3025851       1.2527192                                                           1.2527192
              3      -1.8131469      0.32111196      -2.3025851       -2.3025851      0.97887647                                                          0.97887647
              1      -1.3857115      0.30652676      -2.3025851       -2.3025851       1.8337473                                                           1.8337473
              2      -2.2905244      0.31403521      -2.3025851       -2.3025851     0.024121394                                                         0.024121394
              1      -2.2311584       0.3126485      -2.3025851       -2.3025851      0.14285348                                                          0.14285348
              1      -2.2558567      0.31309802      -2.3025851       -2.3025851     0.093456767                                                         0.093456767
              6      -1.7989199      0.30873283      -2.3025851       -2.3025851       1.0073304                                                           1.0073304
              1      -2.2179025      0.31755143      -2.3025851       -2.3025851      0.16936524                                                          0.16936524
              2      -1.8863946       0.3093059      -2.3025851       -2.3025851      0.83238095                                                          0.83238095
              2      -2.1476874      0.31153373      -2.3025851       -2.3025851      0.30979529                                                          0.30979529
              1      -1.2846486       0.3060688      -2.3025851       -2.3025851       2.0358729                                                           2.0358729
              3      -1.8199191      0.32106988      -2.3025851       -2.3025851      0.96533203                                                          0.96533203
              1      -1.9413604      0.32025503      -2.3025851       -2.3025851      0.72244942                                                          0.72244942
              1     -0.94937464        0.325128      -2.3025851       -2.3025851       2.7064209                                                           2.7064209
              1      -2.1758827      0.31186558      -2.3025851       -2.3025851      0.25340477                                                          0.25340477
              1      -2.2878117      0.31606631      -2.3025851       -2.3025851     0.029546836                                                         0.029546836
              1      -2.3003905      0.31458849      -2.3025851       -2.3025851    0.0043890923                                                        0.0043890923
              1      -2.2995996       0.3154795      -2.3025851       -2.3025851    0.0059709428                                                        0.0059709428
              3      -1.2365396      0.32399838      -2.3025851       -2.3025851        2.132091                                                            2.132091
              1      -1.9323354      0.32031975      -2.3025851       -2.3025851      0.74049932                                                          0.74049932
              3      -1.7492883       0.3214965      -2.3025851       -2.3025851       1.1065935                                                           1.1065935
              1       -1.654268      0.30788332      -2.3025851       -2.3025851       1.2966342                                                           1.2966342
              1      -2.3022774      0.31515328      -2.3025851       -2.3025851   0.00061532122                                                       0.00061532122
              1      -2.2531451      0.31694623      -2.3025851       -2.3025851     0.098879933                                                         0.098879933
              1       -2.270412      0.31657219      -2.3025851       -2.3025851     0.064346239                                                         0.064346239
              2       -2.275523      0.31644209      -2.3025851       -2.3025851     0.054124273                                                         0.054124273
              1      -1.9804406      0.31996386      -2.3025851       -2.3025851      0.64428902                                                          0.64428902
              3      -1.8635811      0.32079051      -2.3025851       -2.3025851      0.87800801                                                          0.87800801
              1      -1.7547862      0.32146432      -2.3025851       -2.3025851       1.0955979                                                           1.0955979
              3      -2.0333012      0.31042441      -2.3025851       -2.3025851      0.53856784                                                          0.53856784
              2      -2.1157817      0.31878456      -2.3025851       -2.3025851      0.37360686                                                          0.37360686
              1      -2.2847391      0.31382563      -2.3025851       -2.3025851     0.035691962                                                         0.035691962
              1      -2.2198295      0.31752216      -2.3025851       -2.3025851      0.16551109                                                          0.16551109
              1      -2.2736019      0.31649305      -2.3025851       -2.3025851     0.057966441                                                         0.057966441
              1       -2.036776      0.31951092      -2.3025851       -2.3025851      0.53161812                                                          0.53161812
              1       -1.729179      0.32161271      -2.3025851       -2.3025851       1.1468122                                                           1.1468122
              1      -2.1058098      0.31888378      -2.3025851       -2.3025851      0.39355054                                                          0.39355054
              1      -2.3005654      0.31539484      -2.3025851       -2.3025851     0.004039478                                                         0.004039478
              1      -2.2011283        0.312196      -2.3025851       -2.3025851      0.20291351                                                          0.20291351
              1      -2.2250948      0.31255039      -2.3025851       -2.3025851      0.15498058                                                          0.15498058
              1      -2.0799495      0.31912858      -2.3025851       -2.3025851       0.4452711                                                           0.4452711
              3      -2.2605247      0.31679565      -2.3025851       -2.3025851     0.084120721                                                         0.084120721
              1      -1.1104749      0.30532758      -2.3025851       -2.3025851       2.3842204                                                           2.3842204
              1      -2.1856235      0.31198892      -2.3025851       -2.3025851      0.23392314                                                          0.23392314
              1       -2.280589      0.31369648      -2.3025851       -2.3025851     0.043992117                                                         0.043992117
              1      -1.9198395      0.32040871      -2.3025851       -2.3025851      0.76549119                                                          0.76549119
              1      -2.3008977      0.31536023      -2.3025851       -2.3025851    0.0033747936                                                        0.0033747936
              8       -2.247788      0.31294073      -2.3025851       -2.3025851      0.10959417                                                          0.10959417
              1      -2.0664146      0.31071612      -2.3025851       -2.3025851      0.47234103                                                          0.47234103
              1      -2.2951778      0.31424407      -2.3025851       -2.3025851     0.014814609                                                         0.014814609
              1      -2.2868334      0.31389624      -2.3025851       -2.3025851     0.031503435                                                         0.031503435
              1      -2.2380943      0.31276577      -2.3025851       -2.3025851      0.12898158                                                          0.12898158
              2       1.9066339      0.33274955      -2.3025851       -2.3025851        8.418438                                                            8.418438
              2      0.68606904      0.32998986      -2.3025851       -2.3025851       5.9773083                                                           5.9773083
              1       -1.802828      0.32117606      -2.3025851       -2.3025851      0.99951422                                                          0.99951422
              1      -2.2107358      0.31765624      -2.3025851       -2.3025851      0.18369849                                                          0.18369849
              1      -2.1850029      0.31800431      -2.3025851       -2.3025851      0.23516431                                                          0.23516431
              1      -2.2169874      0.31756507      -2.3025851       -2.3025851      0.17119536                                                          0.17119536
              1      -2.2465161      0.31707356      -2.3025851       -2.3025851      0.11213795                                                          0.11213795
              1      -2.2644198      0.31671191      -2.3025851       -2.3025851     0.076330632                                                         0.076330632
              1      -1.9729327      0.30993556      -2.3025851       -2.3025851      0.65930486                                                          0.65930486
              1      -1.4451847      0.32307589      -2.3025851       -2.3025851       1.7148008                                                           1.7148008
              3      -1.5026832      0.32280219      -2.3025851       -2.3025851       1.5998038                                                           1.5998038
              1      -1.9478508      0.30974587      -2.3025851       -2.3025851      0.70946866                                                          0.70946866
              3      -2.2934688      0.31583787      -2.3025851       -2.3025851     0.018232526                                                         0.018232526
              1      -2.2071067      0.31228018      -2.3025851       -2.3025851      0.19095679                                                          0.19095679
              1      -2.2083027       0.3122971      -2.3025851       -2.3025851      0.18856475                                                          0.18856475
              2      -2.1075854      0.31110853      -2.3025851       -2.3025851      0.38999936                                                          0.38999936
              2      -2.2223585      0.31250782      -2.3025851       -2.3025851       0.1604532                                                           0.1604532
              3      -2.2395195      0.31719954      -2.3025851       -2.3025851      0.12613124                                                          0.12613124
              2      -2.2265483      0.31741751      -2.3025851       -2.3025851      0.15207356                                                          0.15207356
              2      -2.1288428      0.31132756      -2.3025851       -2.3025851       0.3474845                                                           0.3474845
              2      -2.2887018      0.31396455      -2.3025851       -2.3025851     0.027766576                                                         0.027766576
              1      -2.2261427      0.31742396      -2.3025851       -2.3025851      0.15288484                                                          0.15288484
              1      -1.7664726      0.30853264      -2.3025851       -2.3025851        1.072225                                                            1.072225
              1      -2.0021963      0.31016663      -2.3025851       -2.3025851      0.60077751                                                          0.60077751
              1      -2.2867216      0.31389235      -2.3025851       -2.3025851     0.031727042                                                         0.031727042
              1      -1.0562869      0.30510828      -2.3025851       -2.3025851       2.4925964                                                           2.4925964
              1      -2.1982698      0.31783082      -2.3025851       -2.3025851       0.2086305                                                           0.2086305
              1      -1.9003907      0.32054357      -2.3025851       -2.3025851      0.80438882                                                          0.80438882
              1      -1.1870291      0.32420304      -2.3025851       -2.3025851        2.231112                                                            2.231112
              1       -2.256115       0.3131033      -2.3025851       -2.3025851     0.092940129                                                         0.092940129
              1      -2.2941027      0.31580862      -2.3025851       -2.3025851     0.016964754                                                         0.016964754
              1      -2.2976455      0.31438255      -2.3025851       -2.3025851    0.0098791728                                                        0.0098791728
              2      -2.3019271      0.31477492      -2.3025851       -2.3025851    0.0013159637                                                        0.0013159637
              1      -2.2975243      0.31437503      -2.3025851       -2.3025851     0.010121572                                                         0.010121572
              2      -2.2290431      0.31261331      -2.3025851       -2.3025851        0.147084                                                            0.147084
              1      -2.2906185      0.31595982      -2.3025851       -2.3025851     0.023933096                                                         0.023933096
              2      -1.4017373      0.32327708      -2.3025851       -2.3025851       1.8016956                                                           1.8016956
              1      -2.1243468      0.31869675      -2.3025851       -2.3025851      0.35647666                                                          0.35647666
              1      -1.6353128      0.30778053      -2.3025851       -2.3025851       1.3345445                                                           1.3345445
              1      0.39041141      0.30039505      -2.3025851       -2.3025851        5.385993                                                            5.385993
              2      -2.0759556      0.31080365      -2.3025851       -2.3025851      0.45325899                                                          0.45325899
              1      -2.1526249      0.31839221      -2.3025851       -2.3025851      0.29992035                                                          0.29992035
              2      -2.3023756      0.31512653      -2.3025851       -2.3025851   0.00041898846                                                       0.00041898846
              1       -2.199652      0.31217575      -2.3025851       -2.3025851      0.20586628                                                          0.20586628
              4       -1.710207      0.32172051      -2.3025851       -2.3025851       1.1847563                                                           1.1847563
              1      -2.2047031      0.31774207      -2.3025851       -2.3025851      0.19576406                                                          0.19576406
              1      -2.0653094      0.31070608      -2.3025851       -2.3025851      0.47455144                                                          0.47455144
              1      -2.0429459      0.31050794      -2.3025851       -2.3025851      0.51927841                                                          0.51927841
              1      -2.2688619      0.31338551      -2.3025851       -2.3025851     0.067446455                                                         0.067446455
              2      -2.2894451      0.31600572      -2.3025851       -2.3025851     0.026279937                                                         0.026279937
              1      -2.2728627      0.31651195      -2.3025851       -2.3025851     0.059444878                                                         0.059444878
              1      -2.1029861      0.31106278      -2.3025851       -2.3025851      0.39919809                                                          0.39919809
              3          -2.256      0.31310097      -2.3025851       -2.3025851     0.093170144                                                         0.093170144
              3      -1.9932221      0.31009443      -2.3025851       -2.3025851       0.6187259                                                           0.6187259
              1      -2.1519821      0.31158169      -2.3025851       -2.3025851      0.30120602                                                          0.30120602
              1      -1.6254931      0.30772653      -2.3025851       -2.3025851       1.3541839                                                           1.3541839
              3      -1.6412757      0.30781297      -2.3025851       -2.3025851       1.3226188                                                           1.3226188
              1      -2.2860865      0.31612691      -2.3025851       -2.3025851     0.032997239                                                         0.032997239
              1      -1.9375223      0.30966762      -2.3025851       -2.3025851      0.73012549                                                          0.73012549
              3      -1.9904029      0.31007224      -2.3025851       -2.3025851      0.62436444                                                          0.62436444
              2      -2.0252968      0.31960713      -2.3025851       -2.3025851      0.55457652                                                          0.55457652
              1      -1.6797052      0.32189071      -2.3025851       -2.3025851       1.2457597                                                           1.2457597
              2       -1.912806       0.3204579      -2.3025851       -2.3025851      0.77955818                                                          0.77955818
              1      -2.3018409      0.31523949      -2.3025851       -2.3025851    0.0014883968                                                        0.0014883968
              1       -2.291754       0.3159129      -2.3025851       -2.3025851     0.021662137                                                         0.021662137
              3       -2.134022      0.31859547      -2.3025851       -2.3025851      0.33712614                                                          0.33712614
              1      -2.1227043      0.31126291      -2.3025851       -2.3025851      0.35976163                                                          0.35976163
              1      -2.2877402      0.31392911      -2.3025851       -2.3025851     0.029689729                                                         0.029689729
              3      -2.1781189      0.31809154      -2.3025851       -2.3025851      0.24893242                                                          0.24893242
