#        weight    minuslogpost         Omega_m   minuslogprior minuslogprior__0            chi2 chi2__functions_and_classes.SO_x_DESI_Likelihood_w_emulator_and_JAX
              2      -2.0273101      0.31037344      -2.3025851       -2.3025851      0.55054992                                                          0.55054992
              1      -2.3001534      0.31456694      -2.3025851       -2.3025851    0.0048634689                                                        0.0048634689
              1      -2.2877075      0.31392771      -2.3025851       -2.3025851     0.029755205                                                         0.029755205
              1      -2.1057069       0.3188848      -2.3025851       -2.3025851      0.39375636                                                          0.39375636
              1      -2.3017883      0.31475156      -2.3025851       -2.3025851    0.0015935273                                                        0.0015935273
              1      -2.2568184      0.31311778      -2.3025851       -2.3025851      0.09153337                                                          0.09153337
              1      -2.2076323      0.31228772      -2.3025851       -2.3025851      0.18990549                                                          0.18990549
              2      -1.2330396        0.324013      -2.3025851       -2.3025851        2.139091                                                            2.139091
              2       -2.066644      0.31925127      -2.3025851       -2.3025851      0.47188216                                                          0.47188216
              1      -2.2119849      0.31763817      -2.3025851       -2.3025851      0.18120031                                                          0.18120031
              1      -1.2778992      0.32382336      -2.3025851       -2.3025851       2.0493717                                                           2.0493717
              1      0.56207493      0.32967942      -2.3025851       -2.3025851         5.72932                                                             5.72932
              3      -2.2994859      0.31450941      -2.3025851       -2.3025851    0.0061983815                                                        0.0061983815
              1       -1.878312      0.32069312      -2.3025851       -2.3025851      0.84854615                                                          0.84854615
              1      -2.2040848       0.3177507      -2.3025851       -2.3025851      0.19700068                                                          0.19700068
              2      -2.2988485      0.31553646      -2.3025851       -2.3025851    0.0074732481                                                        0.0074732481
              1       -1.859511       0.3091237      -2.3025851       -2.3025851       0.8861481                                                           0.8861481
              1      -1.5737448      0.30745201      -2.3025851       -2.3025851       1.4576806                                                           1.4576806
              1      -1.9276448      0.32035346      -2.3025851       -2.3025851      0.74988067                                                          0.74988067
              1      -1.4716059      0.30693669      -2.3025851       -2.3025851       1.6619585                                                           1.6619585
              2      -2.1357861      0.31140186      -2.3025851       -2.3025851      0.33359796                                                          0.33359796
              1      -0.7704837       0.3040218      -2.3025851       -2.3025851       3.0642028                                                           3.0642028
              2      -2.2052115      0.31773494      -2.3025851       -2.3025851      0.19474727                                                          0.19474727
              1       -1.103363      0.32453928      -2.3025851       -2.3025851       2.3984442                                                           2.3984442
              1      -2.2059646      0.31226434      -2.3025851       -2.3025851      0.19324099                                                          0.19324099
              1      -1.5658354       0.3074107      -2.3025851       -2.3025851       1.4734994                                                           1.4734994
              1      -2.1081397      0.31111408      -2.3025851       -2.3025851      0.38889074                                                          0.38889074
              1      -1.9575405      0.30981792      -2.3025851       -2.3025851      0.69008929                                                          0.69008929
              1      -2.0451025      0.31052658      -2.3025851       -2.3025851      0.51496524                                                          0.51496524
              1      -1.2776683      0.30603751      -2.3025851       -2.3025851       2.0498335                                                           2.0498335
              1     -0.22245237      0.30218581      -2.3025851       -2.3025851       4.1602654                                                           4.1602654
              2      -1.7050029      0.30816966      -2.3025851       -2.3025851       1.1951643                                                           1.1951643
              3      -1.1327704      0.30541906      -2.3025851       -2.3025851       2.3396294                                                           2.3396294
              1      -1.7382558      0.30836398      -2.3025851       -2.3025851       1.1286587                                                           1.1286587
              1      -2.2633502      0.31325769      -2.3025851       -2.3025851     0.078469872                                                         0.078469872
              1      -2.3025433      0.31505685      -2.3025851       -2.3025851   8.3660692e-05                                                       8.3660692e-05
              1      -2.2661528       0.3133214      -2.3025851       -2.3025851     0.072864503                                                         0.072864503
              2      -1.9528896      0.30978312      -2.3025851       -2.3025851      0.69939107                                                          0.69939107
              1      -2.2278551      0.31259408      -2.3025851       -2.3025851      0.14946006                                                          0.14946006
              1      -2.3023463      0.31513503      -2.3025851       -2.3025851   0.00047753102                                                       0.00047753102
              1      -2.0345429      0.31952942      -2.3025851       -2.3025851      0.53608447                                                          0.53608447
              1       -2.270481      0.31657049      -2.3025851       -2.3025851      0.06420809                                                          0.06420809
              1      -2.3001685      0.31456829      -2.3025851       -2.3025851    0.0048331292                                                        0.0048331292
              1      -1.5305568      0.30723046      -2.3025851       -2.3025851       1.5440567                                                           1.5440567
              2      -1.4716719      0.30693724      -2.3025851       -2.3025851       1.6618264                                                           1.6618264
              1      -2.2263768      0.31257053      -2.3025851       -2.3025851      0.15241659                                                          0.15241659
              2      -2.2728426      0.31651245      -2.3025851       -2.3025851     0.059485041                                                         0.059485041
              1      -2.1457518      0.31846838      -2.3025851       -2.3025851      0.31366664                                                          0.31366664
              1      -2.2923642      0.31588702      -2.3025851       -2.3025851     0.020441864                                                         0.020441864
              1      -2.2964318      0.31431077      -2.3025851       -2.3025851     0.012306585                                                         0.012306585
              1      -2.2863424      0.31611775      -2.3025851       -2.3025851     0.032485448                                                         0.032485448
              1      -2.2365463      0.31273945      -2.3025851       -2.3025851      0.13207753                                                          0.13207753
              2      -2.2132911      0.31236963      -2.3025851       -2.3025851      0.17858805                                                          0.17858805
              1      -2.2665184      0.31332986      -2.3025851       -2.3025851     0.072133444                                                         0.072133444
              2      -2.2479144      0.31704755      -2.3025851       -2.3025851      0.10934141                                                          0.10934141
              1      -2.2952601      0.31424831      -2.3025851       -2.3025851     0.014649947                                                         0.014649947
              1      -2.2994909      0.31548812      -2.3025851       -2.3025851    0.0061884685                                                        0.0061884685
              1      -2.1888618      0.31795471      -2.3025851       -2.3025851      0.22744663                                                          0.22744663
              1      -2.1860037      0.31799157      -2.3025851       -2.3025851      0.23316273                                                          0.23316273
              1      -2.2142667      0.31238436      -2.3025851       -2.3025851       0.1766368                                                           0.1766368
              2      -2.1736382      0.31183804      -2.3025851       -2.3025851       0.2578938                                                           0.2578938
              1      -2.2741076      0.31648013      -2.3025851       -2.3025851     0.056954894                                                         0.056954894
              1      -2.1927809      0.31790365      -2.3025851       -2.3025851      0.21960843                                                          0.21960843
              1      -2.2871479      0.31390731      -2.3025851       -2.3025851     0.030874403                                                         0.030874403
              2      -2.2383313      0.31276987      -2.3025851       -2.3025851      0.12850749                                                          0.12850749
              1      -2.2688494      0.31660981      -2.3025851       -2.3025851     0.067471348                                                         0.067471348
              1      -2.1611291      0.31829486      -2.3025851       -2.3025851      0.28291202                                                          0.28291202
              1      -2.0787032      0.31914006      -2.3025851       -2.3025851      0.44776374                                                          0.44776374
              1      -1.8043338      0.32116686      -2.3025851       -2.3025851      0.99650252                                                          0.99650252
              1      -2.1904515      0.31205008      -2.3025851       -2.3025851       0.2242672                                                           0.2242672
              1      -2.2514624      0.31301089      -2.3025851       -2.3025851      0.10224543                                                          0.10224543
              1      -2.2406122      0.31718049      -2.3025851       -2.3025851      0.12394582                                                          0.12394582
              1      -1.6763711      0.30800708      -2.3025851       -2.3025851       1.2524279                                                           1.2524279
              1       -1.672033      0.30798269      -2.3025851       -2.3025851       1.2611042                                                           1.2611042
              1      -2.2922756      0.31410742      -2.3025851       -2.3025851     0.020619005                                                         0.020619005
              1      -2.0232981       0.3103397      -2.3025851       -2.3025851      0.55857396                                                          0.55857396
              1      -1.7865417      0.32127329      -2.3025851       -2.3025851       1.0320868                                                           1.0320868
              2      -1.8183171      0.32107996      -2.3025851       -2.3025851      0.96853608                                                          0.96853608
              1      -1.8693736      0.32075234      -2.3025851       -2.3025851      0.86642301                                                          0.86642301
              1      -2.1475246      0.31844878      -2.3025851       -2.3025851      0.31012094                                                          0.31012094
              1      -2.1240111      0.31127687      -2.3025851       -2.3025851      0.35714799                                                          0.35714799
              2      -1.9523877      0.30977938      -2.3025851       -2.3025851      0.70039475                                                          0.70039475
              3      -1.0533567      0.30509658      -2.3025851       -2.3025851       2.4984567                                                           2.4984567
              1     -0.84322664      0.30428838      -2.3025851       -2.3025851       2.9187169                                                           2.9187169
              3      -1.8441057      0.32091712      -2.3025851       -2.3025851      0.91695869                                                          0.91695869
              2      -1.5471938      0.32258384      -2.3025851       -2.3025851       1.5107826                                                           1.5107826
              1      -2.1736541      0.31814591      -2.3025851       -2.3025851      0.25786197                                                          0.25786197
              2      -2.1614055      0.31829164      -2.3025851       -2.3025851      0.28235909                                                          0.28235909
              1      -2.2769098      0.31359111      -2.3025851       -2.3025851     0.051350553                                                         0.051350553
              1      -2.2943793      0.31420415      -2.3025851       -2.3025851     0.016411649                                                         0.016411649
              1      -2.2442293      0.31711575      -2.3025851       -2.3025851      0.11671164                                                          0.11671164
              1      -0.9975594      0.30487566      -2.3025851       -2.3025851       2.6100514                                                           2.6100514
              2      -2.0818244      0.31085838      -2.3025851       -2.3025851      0.44152135                                                          0.44152135
              1      -2.2644696       0.3132829      -2.3025851       -2.3025851     0.076231033                                                         0.076231033
              3       -1.080766      0.30520698      -2.3025851       -2.3025851       2.4436381                                                           2.4436381
              3      -2.0022568      0.31016711      -2.3025851       -2.3025851      0.60065657                                                          0.60065657
              1      -2.0393764      0.31047715      -2.3025851       -2.3025851      0.52641732                                                          0.52641732
              1        -1.64651      0.30784109      -2.3025851       -2.3025851       1.3121501                                                           1.3121501
              3       -2.282904      0.31376725      -2.3025851       -2.3025851     0.039362282                                                         0.039362282
              1      -2.1747886      0.31185204      -2.3025851       -2.3025851      0.25559291                                                          0.25559291
              1      -2.0015731      0.31016159      -2.3025851       -2.3025851      0.60202396                                                          0.60202396
              1      -1.9644365      0.32008537      -2.3025851       -2.3025851      0.67629725                                                          0.67629725
              1      -1.6594168      0.32200148      -2.3025851       -2.3025851       1.2863367                                                           1.2863367
              1      -2.0601384      0.31065936      -2.3025851       -2.3025851      0.48489335                                                          0.48489335
              1      -2.0422599      0.31050214      -2.3025851       -2.3025851      0.52065039                                                          0.52065039
              1      -2.2858866      0.31386412      -2.3025851       -2.3025851     0.033397041                                                         0.033397041
              2      -1.8873064      0.30931218      -2.3025851       -2.3025851      0.83055735                                                          0.83055735
              2       -2.298079      0.31558906      -2.3025851       -2.3025851    0.0090122093                                                        0.0090122093
              2      -1.6680622      0.30796043      -2.3025851       -2.3025851       1.2690457                                                           1.2690457
              1      -1.2324819      0.30584069      -2.3025851       -2.3025851       2.1402063                                                           2.1402063
              2      -1.6347091      0.30777725      -2.3025851       -2.3025851       1.3357519                                                           1.3357519
              1      -2.0973455      0.31100794      -2.3025851       -2.3025851      0.41047913                                                          0.41047913
              1    -0.072254387      0.32797185      -2.3025851       -2.3025851       4.4606614                                                           4.4606614
              1     -0.82977709      0.32556097      -2.3025851       -2.3025851        2.945616                                                            2.945616
              1      -1.7336297       0.3215871      -2.3025851       -2.3025851       1.1379107                                                           1.1379107
              6      -2.2906522       0.3140403      -2.3025851       -2.3025851     0.023865741                                                         0.023865741
              2      -2.3025751      0.31502776      -2.3025851       -2.3025851   2.0017373e-05                                                       2.0017373e-05
              3       -1.908558       0.3204872      -2.3025851       -2.3025851      0.78805423                                                          0.78805423
              1      -1.8772095      0.32070063      -2.3025851       -2.3025851       0.8507511                                                           0.8507511
              1      -1.5419051      0.32261013      -2.3025851       -2.3025851         1.52136                                                             1.52136
              2      -1.9510427      0.30976932      -2.3025851       -2.3025851      0.70308483                                                          0.70308483
              1      -1.0799818      0.32463078      -2.3025851       -2.3025851       2.4452066                                                           2.4452066
              1      -1.7920286      0.32124175      -2.3025851       -2.3025851       1.0211129                                                           1.0211129
              1     -0.97920474      0.32501666      -2.3025851       -2.3025851       2.6467607                                                           2.6467607
              1      -1.9163753      0.32043297      -2.3025851       -2.3025851      0.77241963                                                          0.77241963
              1      -1.9377442       0.3202813      -2.3025851       -2.3025851      0.72968179                                                          0.72968179
              1      -1.5195708      0.32272039      -2.3025851       -2.3025851       1.5660286                                                           1.5660286
              1      -1.6335185      0.32213984      -2.3025851       -2.3025851       1.3381331                                                           1.3381331
              1      -2.2638954      0.31672363      -2.3025851       -2.3025851     0.077379353                                                         0.077379353
              3      -1.8509429      0.30906651      -2.3025851       -2.3025851      0.90328443                                                          0.90328443
              1      -2.2750414      0.31354095      -2.3025851       -2.3025851     0.055087291                                                         0.055087291
              2      -2.1685575      0.31820733      -2.3025851       -2.3025851      0.26805511                                                          0.26805511
              1      -2.0944008      0.31899389      -2.3025851       -2.3025851      0.41636854                                                          0.41636854
              1       -2.283899      0.31379864      -2.3025851       -2.3025851     0.037372217                                                         0.037372217
              1      -2.2333826      0.31730544      -2.3025851       -2.3025851      0.13840504                                                          0.13840504
              1      -2.2130351      0.31762313      -2.3025851       -2.3025851      0.17909999                                                          0.17909999
              2      -2.2493547       0.3170206      -2.3025851       -2.3025851      0.10646075                                                          0.10646075
              1        -2.29907      0.31447799      -2.3025851       -2.3025851    0.0070302403                                                        0.0070302403
              1      -2.0236825      0.31962044      -2.3025851       -2.3025851      0.55780518                                                          0.55780518
              1      -1.7594065      0.32143749      -2.3025851       -2.3025851       1.0863571                                                           1.0863571
              1       -1.677701      0.32190161      -2.3025851       -2.3025851       1.2497681                                                           1.2497681
              1      -2.2721577      0.31346705      -2.3025851       -2.3025851     0.060854759                                                         0.060854759
              1     -0.45152852      0.30292062      -2.3025851       -2.3025851       3.7021132                                                           3.7021132
              1      -2.3025848      0.31500056      -2.3025851       -2.3025851   5.3258549e-07                                                       5.3258549e-07
              2      -2.1611371      0.31829478      -2.3025851       -2.3025851      0.28289604                                                          0.28289604
              1      -1.9817815      0.31000426      -2.3025851       -2.3025851      0.64160711                                                          0.64160711
              1      -2.2526993      0.31303509      -2.3025851       -2.3025851     0.099771582                                                         0.099771582
              1      -2.3011896      0.31532776      -2.3025851       -2.3025851    0.0027910799                                                        0.0027910799
              1      -2.2597709      0.31681123      -2.3025851       -2.3025851     0.085628293                                                         0.085628293
              1     -0.59081337      0.32637919      -2.3025851       -2.3025851       3.4235435                                                           3.4235435
              2      -2.2381143      0.31722438      -2.3025851       -2.3025851      0.12894167                                                          0.12894167
              4      -2.3025729      0.31496935      -2.3025851       -2.3025851   2.4313393e-05                                                       2.4313393e-05
              1      -1.9761268      0.31999674      -2.3025851       -2.3025851      0.65291655                                                          0.65291655
              2      -2.3015633      0.31471912      -2.3025851       -2.3025851    0.0020435057                                                        0.0020435057
              1       -1.935659      0.30965379      -2.3025851       -2.3025851      0.73385227                                                          0.73385227
              1     -0.95995256      0.30472877      -2.3025851       -2.3025851       2.6852651                                                           2.6852651
              1       -1.995996      0.31011658      -2.3025851       -2.3025851      0.61317813                                                          0.61317813
              4      -1.8266056      0.30890836      -2.3025851       -2.3025851      0.95195895                                                          0.95195895
              3      -2.2818736      0.31373542      -2.3025851       -2.3025851     0.041422971                                                         0.041422971
              1      -2.1236382      0.31127302      -2.3025851       -2.3025851      0.35789382                                                          0.35789382
              2      -2.2892534      0.31398534      -2.3025851       -2.3025851      0.02666343                                                          0.02666343
              2      -2.2573647      0.31312915      -2.3025851       -2.3025851     0.090440735                                                         0.090440735
              1      -2.0914527      0.31095006      -2.3025851       -2.3025851      0.42226472                                                          0.42226472
              2      -1.9582705      0.30982344      -2.3025851       -2.3025851      0.68862909                                                          0.68862909
              2      -1.0623358      0.30513238      -2.3025851       -2.3025851       2.4804986                                                           2.4804986
              1      -1.6093144      0.30763934      -2.3025851       -2.3025851       1.3865414                                                           1.3865414
              1      -1.4070195      0.30662681      -2.3025851       -2.3025851       1.7911313                                                           1.7911313
              1      -1.0692085      0.30515992      -2.3025851       -2.3025851       2.4667532                                                           2.4667532
              1      -1.7194574      0.30825346      -2.3025851       -2.3025851       1.1662555                                                           1.1662555
              1      -1.6677325      0.30795858      -2.3025851       -2.3025851       1.2697052                                                           1.2697052
              2      -2.2612274      0.31321125      -2.3025851       -2.3025851     0.082715444                                                         0.082715444
              2      -1.0963561       0.3052704      -2.3025851       -2.3025851       2.4124579                                                           2.4124579
              1      -2.1966782      0.31213479      -2.3025851       -2.3025851      0.21181369                                                          0.21181369
              1      -1.9021726      0.30941646      -2.3025851       -2.3025851        0.800825                                                            0.800825
              1      -1.4733645      0.30694555      -2.3025851       -2.3025851       1.6584412                                                           1.6584412
              1      -1.9946817      0.31010608      -2.3025851       -2.3025851      0.61580676                                                          0.61580676
              1      -1.3762229        0.323392      -2.3025851       -2.3025851       1.8527243                                                           1.8527243
              1      -2.1383605      0.31854907      -2.3025851       -2.3025851      0.32844919                                                          0.32844919
              1     -0.50083801      0.32667152      -2.3025851       -2.3025851       3.6034942                                                           3.6034942
              1      -1.1592587       0.3243162      -2.3025851       -2.3025851       2.2866528                                                           2.2866528
              4      -1.3318475      0.30627973      -2.3025851       -2.3025851       1.9414752                                                           1.9414752
              1      -2.0028481      0.31017175      -2.3025851       -2.3025851      0.59947407                                                          0.59947407
              1      -2.0588014      0.31932088      -2.3025851       -2.3025851      0.48756734                                                          0.48756734
              1      -2.2462098      0.31291049      -2.3025851       -2.3025851      0.11275056                                                          0.11275056
              1      -1.9032895      0.32052364      -2.3025851       -2.3025851       0.7985912                                                           0.7985912
              1      -2.0847719      0.31908376      -2.3025851       -2.3025851      0.43562642                                                          0.43562642
              1      -2.2137606      0.31761249      -2.3025851       -2.3025851      0.17764904                                                          0.17764904
              1       -2.174253      0.31184557      -2.3025851       -2.3025851      0.25666419                                                          0.25666419
              1       -2.293138      0.31585268      -2.3025851       -2.3025851     0.018894177                                                         0.018894177
              1      -2.2576217      0.31685539      -2.3025851       -2.3025851     0.089926787                                                         0.089926787
              1      -2.1923344      0.31790952      -2.3025851       -2.3025851      0.22050132                                                          0.22050132
              1      -2.1805397      0.31192401      -2.3025851       -2.3025851      0.24409084                                                          0.24409084
              1      -2.2398602      0.31279625      -2.3025851       -2.3025851      0.12544976                                                          0.12544976
              2      -2.2962618      0.31569748      -2.3025851       -2.3025851     0.012646678                                                         0.012646678
              1       -2.202486      0.31221486      -2.3025851       -2.3025851       0.2001981                                                           0.2001981
              1      -2.1351402      0.31858359      -2.3025851       -2.3025851       0.3348898                                                           0.3348898
              2      -1.6807423      0.32188475      -2.3025851       -2.3025851       1.2436856                                                           1.2436856
              1       -2.101161      0.31104551      -2.3025851       -2.3025851      0.40284824                                                          0.40284824
              1      -2.0114839      0.31024248      -2.3025851       -2.3025851      0.58220237                                                          0.58220237
              2      -2.1044578      0.31107741      -2.3025851       -2.3025851      0.39625457                                                          0.39625457
              1      -2.0954638      0.31098921      -2.3025851       -2.3025851      0.41424254                                                          0.41424254
              1      -2.1593463       0.3116668      -2.3025851       -2.3025851      0.28647757                                                          0.28647757
              5      -2.2880272      0.31393969      -2.3025851       -2.3025851     0.029115845                                                         0.029115845
              1      -2.2867416      0.31610397      -2.3025851       -2.3025851     0.031687081                                                         0.031687081
              1      -1.9188648      0.32041554      -2.3025851       -2.3025851       0.7674405                                                           0.7674405
              6      -2.1419448      0.31851008      -2.3025851       -2.3025851      0.32128054                                                          0.32128054
              2      -2.3022316       0.3148352      -2.3025851       -2.3025851   0.00070696272                                                       0.00070696272
              1      -1.9974601      0.31012828      -2.3025851       -2.3025851         0.61025                                                             0.61025
              1      -2.2994152      0.31450386      -2.3025851       -2.3025851    0.0063398415                                                        0.0063398415
              1      -2.2616439      0.31677126      -2.3025851       -2.3025851      0.08188244                                                          0.08188244
              1      -2.2848238      0.31382845      -2.3025851       -2.3025851     0.035522647                                                         0.035522647
              1      -2.3023782      0.31487362      -2.3025851       -2.3025851   0.00041375938                                                       0.00041375938
              1      -1.7230724      0.30827451      -2.3025851       -2.3025851       1.1590253                                                           1.1590253
              1      -2.0025255      0.31979144      -2.3025851       -2.3025851      0.60011911                                                          0.60011911
              1      -2.2865261      0.31611148      -2.3025851       -2.3025851     0.032117996                                                         0.032117996
              1      -2.2656558      0.31668388      -2.3025851       -2.3025851     0.073858544                                                         0.073858544
              3       -1.985731      0.31003505      -2.3025851       -2.3025851      0.63370824                                                          0.63370824
              3      -1.9124667      0.32046027      -2.3025851       -2.3025851      0.78023678                                                          0.78023678
              2      -1.6118542      0.32225406      -2.3025851       -2.3025851       1.3814619                                                           1.3814619
              1      -2.3025275      0.31493304      -2.3025851       -2.3025851   0.00011524783                                                       0.00011524783
              1      -2.2988247      0.31553813      -2.3025851       -2.3025851    0.0075206961                                                        0.0075206961
              1      -1.9833379      0.31001647      -2.3025851       -2.3025851      0.63849431                                                          0.63849431
              2       -1.279333      0.30604532      -2.3025851       -2.3025851       2.0465043                                                           2.0465043
              1      -2.0223514      0.31033172      -2.3025851       -2.3025851       0.5604673                                                           0.5604673
              1       -2.294105       0.3158085      -2.3025851       -2.3025851      0.01696009                                                          0.01696009
              1      -2.0421211      0.31946577      -2.3025851       -2.3025851      0.52092791                                                          0.52092791
              1       -2.170026      0.31818977      -2.3025851       -2.3025851      0.26511812                                                          0.26511812
              1      -1.1610063      0.32430914      -2.3025851       -2.3025851       2.2831576                                                           2.2831576
              1      -1.5057469      0.32278796      -2.3025851       -2.3025851       1.5936763                                                           1.5936763
              1      -2.2838634      0.31620015      -2.3025851       -2.3025851     0.037443381                                                         0.037443381
              1       2.4683652        0.333879      -2.3025851       -2.3025851       9.5419006                                                           9.5419006
              1     -0.72723946      0.32592061      -2.3025851       -2.3025851       3.1506913                                                           3.1506913
              1     -0.88573453       0.3253616      -2.3025851       -2.3025851       2.8337011                                                           2.8337011
              1      -1.1739057       0.3242568      -2.3025851       -2.3025851       2.2573588                                                           2.2573588
              1      -2.2997855      0.31546421      -2.3025851       -2.3025851    0.0055992189                                                        0.0055992189
              2      -2.1618781      0.31828616      -2.3025851       -2.3025851      0.28141403                                                          0.28141403
              1     -0.77440664      0.32575717      -2.3025851       -2.3025851       3.0563569                                                           3.0563569
              1     -0.34649226       0.3271562      -2.3025851       -2.3025851       3.9121857                                                           3.9121857
              1      -1.8644406      0.32078483      -2.3025851       -2.3025851      0.87628895                                                          0.87628895
              1      -1.1534108      0.30550526      -2.3025851       -2.3025851       2.2983487                                                           2.2983487
              2      -2.2574715      0.31685848      -2.3025851       -2.3025851     0.090227187                                                         0.090227187
              3      -1.9971265      0.31983443      -2.3025851       -2.3025851      0.61091709                                                          0.61091709
              1      -2.2285346       0.3173851      -2.3025851       -2.3025851      0.14810102                                                          0.14810102
              4      -2.2584148      0.31683939      -2.3025851       -2.3025851     0.088340625                                                         0.088340625
              1      -2.1845311      0.31801048      -2.3025851       -2.3025851      0.23610795                                                          0.23610795
              3      -2.2267214      0.31741476      -2.3025851       -2.3025851      0.15172744                                                          0.15172744
              1      -1.8769431      0.32070242      -2.3025851       -2.3025851      0.85128391                                                          0.85128391
              1      -1.4769166       0.3229264      -2.3025851       -2.3025851       1.6513369                                                           1.6513369
              1      -1.8542294       0.3208518      -2.3025851       -2.3025851      0.89671129                                                          0.89671129
              1      -2.0547881      0.31935611      -2.3025851       -2.3025851      0.49559394                                                          0.49559394
              1     -0.83059975      0.30424088      -2.3025851       -2.3025851       2.9439707                                                           2.9439707
              1      -2.2973249      0.31436283      -2.3025851       -2.3025851     0.010520369                                                         0.010520369
              3      -2.2612114      0.31321092      -2.3025851       -2.3025851      0.08274734                                                          0.08274734
              1      -1.9396216      0.30968512      -2.3025851       -2.3025851      0.72592705                                                          0.72592705
              3      -1.5429291      0.32260503      -2.3025851       -2.3025851       1.5193119                                                           1.5193119
              2       -2.098094      0.31101525      -2.3025851       -2.3025851      0.40898219                                                          0.40898219
              1      -2.0832052      0.31087141      -2.3025851       -2.3025851      0.43875974                                                          0.43875974
              1      -2.2593335      0.31317065      -2.3025851       -2.3025851      0.08650317                                                          0.08650317
              4       -1.602359      0.32230327      -2.3025851       -2.3025851       1.4004523                                                           1.4004523
              1      -2.2318016      0.31265907      -2.3025851       -2.3025851      0.14156708                                                          0.14156708
              1      -2.2824363      0.31375272      -2.3025851       -2.3025851      0.04029762                                                          0.04029762
              1      -2.1884651      0.31202638      -2.3025851       -2.3025851      0.22823994                                                          0.22823994
              3       1.1406327      0.29845499      -2.3025851       -2.3025851       6.8864355                                                           6.8864355
              1      0.85392907      0.29916953      -2.3025851       -2.3025851       6.3130283                                                           6.3130283
              1      0.27696684      0.30071039      -2.3025851       -2.3025851       5.1591039                                                           5.1591039
              1      -1.4668274      0.30691334      -2.3025851       -2.3025851       1.6715153                                                           1.6715153
              1       -1.370494      0.30645628      -2.3025851       -2.3025851       1.8641822                                                           1.8641822
              2      -2.1561811      0.31835176      -2.3025851       -2.3025851      0.29280806                                                          0.29280806
              1      -2.2458556       0.3170857      -2.3025851       -2.3025851      0.11345894                                                          0.11345894
              1      -2.2109936      0.31765253      -2.3025851       -2.3025851      0.18318297                                                          0.18318297
              1      -2.2851317      0.31615862      -2.3025851       -2.3025851     0.034906756                                                         0.034906756
              1      -2.3025835      0.31498882      -2.3025851       -2.3025851   3.2444818e-06                                                       3.2444818e-06
              1      -2.0448382      0.31052426      -2.3025851       -2.3025851      0.51549387                                                          0.51549387
              1      -2.0292951      0.31957396      -2.3025851       -2.3025851      0.54658002                                                          0.54658002
              1       -2.227105      0.31740867      -2.3025851       -2.3025851      0.15096028                                                          0.15096028
              2      -2.2817353      0.31626596      -2.3025851       -2.3025851     0.041699674                                                         0.041699674
              1      -2.2961154      0.31570551      -2.3025851       -2.3025851     0.012939452                                                         0.012939452
              1      -2.1832496       0.3119585      -2.3025851       -2.3025851      0.23867108                                                          0.23867108
              1      -2.1111908      0.31883039      -2.3025851       -2.3025851       0.3827886                                                           0.3827886
              1      -2.0423907      0.31946347      -2.3025851       -2.3025851      0.52038872                                                          0.52038872
              2      -2.2486267      0.31295647      -2.3025851       -2.3025851      0.10791683                                                          0.10791683
              1      0.03967336       0.3013925      -2.3025851       -2.3025851       4.6845169                                                           4.6845169
              3      -2.3022475      0.31516055      -2.3025851       -2.3025851   0.00067512441                                                       0.00067512441
              1      -2.2992393      0.31449071      -2.3025851       -2.3025851    0.0066915401                                                        0.0066915401
              1      -2.2965095      0.31568372      -2.3025851       -2.3025851     0.012151165                                                         0.012151165
              1      -1.9793674       0.3099858      -2.3025851       -2.3025851      0.64643532                                                          0.64643532
              5      -1.7581181      0.30848231      -2.3025851       -2.3025851       1.0889341                                                           1.0889341
              1      -1.7029704      0.30815794      -2.3025851       -2.3025851       1.1992294                                                           1.1992294
              1     -0.68254635      0.30370755      -2.3025851       -2.3025851       3.2400775                                                           3.2400775
              4      -2.3008326       0.3153677      -2.3025851       -2.3025851    0.0035050162                                                        0.0035050162
              1      -2.0773939      0.31915382      -2.3025851       -2.3025851      0.45038232                                                          0.45038232
              1      -0.8121098      0.32562505      -2.3025851       -2.3025851       2.9809506                                                           2.9809506
              1     -0.65773901      0.32615663      -2.3025851       -2.3025851       3.2896922                                                           3.2896922
              1     -0.68388745      0.32606835      -2.3025851       -2.3025851       3.2373953                                                           3.2373953
              3      -2.2998902       0.3154559      -2.3025851       -2.3025851    0.0053897426                                                        0.0053897426
              2      -2.1825912      0.31195009      -2.3025851       -2.3025851      0.23998782                                                          0.23998782
              2      -2.2111744      0.31764993      -2.3025851       -2.3025851      0.18282142                                                          0.18282142
              2      -2.2081948      0.31229556      -2.3025851       -2.3025851      0.18878053                                                          0.18878053
              2      -2.2373307      0.31275257      -2.3025851       -2.3025851      0.13050878                                                          0.13050878
              3       -2.271886      0.31346004      -2.3025851       -2.3025851     0.061398126                                                         0.061398126
              1      -1.7303121       0.3083169      -2.3025851       -2.3025851        1.144546                                                            1.144546
              2      -1.2395229      0.30587119      -2.3025851       -2.3025851       2.1261244                                                           2.1261244
              1      -2.1727154      0.31182648      -2.3025851       -2.3025851      0.25973946                                                          0.25973946
              2      -2.3025814      0.31498314      -2.3025851       -2.3025851   7.3638093e-06                                                       7.3638093e-06
              2      -2.2867859      0.31610244      -2.3025851       -2.3025851     0.031598348                                                         0.031598348
              1      -2.2775399      0.31360875      -2.3025851       -2.3025851     0.050090458                                                         0.050090458
              1      -2.2837542      0.31379405      -2.3025851       -2.3025851      0.03766172                                                          0.03766172
              2      -2.1602772      0.31167768      -2.3025851       -2.3025851      0.28461584                                                          0.28461584
              3      -1.9037322      0.30942729      -2.3025851       -2.3025851      0.79770583                                                          0.79770583
              5      -2.0804435      0.31912402      -2.3025851       -2.3025851       0.4442831                                                           0.4442831
              1      -1.7489044      0.32149879      -2.3025851       -2.3025851       1.1073614                                                           1.1073614
              3      -2.0036844      0.31978225      -2.3025851       -2.3025851      0.59780145                                                          0.59780145
              2      -2.1020068      0.31892095      -2.3025851       -2.3025851      0.40115666                                                          0.40115666
              1      -2.2742979      0.31647517      -2.3025851       -2.3025851     0.056574296                                                         0.056574296
              2      -2.2602157      0.31318935      -2.3025851       -2.3025851     0.084738761                                                         0.084738761
              1      -2.3017015      0.31473838      -2.3025851       -2.3025851     0.001767261                                                         0.001767261
              1      -1.7275034      0.30830044      -2.3025851       -2.3025851       1.1501633                                                           1.1501633
              1      -2.2342677      0.31729068      -2.3025851       -2.3025851      0.13663477                                                          0.13663477
              1      -2.2412483      0.31716928      -2.3025851       -2.3025851      0.12267366                                                          0.12267366
              1      -2.0734554      0.31918976      -2.3025851       -2.3025851      0.45825937                                                          0.45825937
              1      -2.2899937      0.31401418      -2.3025851       -2.3025851     0.025182828                                                         0.025182828
              1      -2.2890927      0.31601917      -2.3025851       -2.3025851     0.026984803                                                         0.026984803
              1      -1.9466974      0.30973729      -2.3025851       -2.3025851      0.71177542                                                          0.71177542
              1      -2.2311634      0.31264859      -2.3025851       -2.3025851      0.14284343                                                          0.14284343
              1      -1.0077555      0.30491566      -2.3025851       -2.3025851       2.5896592                                                           2.5896592
              1     -0.35471877      0.30260492      -2.3025851       -2.3025851       3.8957326                                                           3.8957326
              1     -0.77814731      0.30404956      -2.3025851       -2.3025851       3.0488756                                                           3.0488756
              1      -1.9947582      0.31010668      -2.3025851       -2.3025851      0.61565387                                                          0.61565387
              1      -1.8197122      0.30886388      -2.3025851       -2.3025851      0.96574569                                                          0.96574569
              2      -2.1310539      0.31135073      -2.3025851       -2.3025851      0.34306234                                                          0.34306234
              3      -2.2102205      0.31232478      -2.3025851       -2.3025851      0.18472919                                                          0.18472919
              2      -2.1629765      0.31170945      -2.3025851       -2.3025851      0.27921727                                                          0.27921727
              1      -2.2618315      0.31676886      -2.3025851       -2.3025851     0.081507184                                                         0.081507184
              2      -1.9452283      0.32022707      -2.3025851       -2.3025851      0.71471363                                                          0.71471363
              1      -2.3022376      0.31516292      -2.3025851       -2.3025851    0.0006949305                                                        0.0006949305
              2      -1.9601693      0.32011734      -2.3025851       -2.3025851      0.68483162                                                          0.68483162
              1     -0.49501905      0.32669015      -2.3025851       -2.3025851       3.6151321                                                           3.6151321
              1        2.270166      0.33348858      -2.3025851       -2.3025851       9.1455021                                                           9.1455021
              3     -0.21055028      0.32756504      -2.3025851       -2.3025851       4.1840696                                                           4.1840696
              2     -0.50500008      0.32665786      -2.3025851       -2.3025851         3.59517                                                             3.59517
              1      -1.2849143      0.32379322      -2.3025851       -2.3025851       2.0353415                                                           2.0353415
              1        -1.58078      0.32241435      -2.3025851       -2.3025851       1.4436102                                                           1.4436102
              1      -2.1304875      0.31863278      -2.3025851       -2.3025851      0.34419513                                                          0.34419513
              1      -1.0609175      0.32470503      -2.3025851       -2.3025851       2.4833353                                                           2.4833353
              1     -0.89756271      0.32531861      -2.3025851       -2.3025851       2.8100448                                                           2.8100448
              2      -1.6710858       0.3219383      -2.3025851       -2.3025851       1.2629986                                                           1.2629986
              1       -1.520363      0.32271651      -2.3025851       -2.3025851       1.5644442                                                           1.5644442
              1      -2.2078645      0.31769746      -2.3025851       -2.3025851      0.18944111                                                          0.18944111
              1      -2.3022913      0.31484958      -2.3025851       -2.3025851    0.0005875217                                                        0.0005875217
              1      -1.9441812      0.30971865      -2.3025851       -2.3025851      0.71680778                                                          0.71680778
              1      -1.2185316      0.32407332      -2.3025851       -2.3025851        2.168107                                                            2.168107
              4     -0.76594493       0.3040053      -2.3025851       -2.3025851       3.0732803                                                           3.0732803
              1      -2.1803466      0.31192142      -2.3025851       -2.3025851      0.24447696                                                          0.24447696
              2      -2.0736043      0.31918843      -2.3025851       -2.3025851      0.45796165                                                          0.45796165
              2      -1.8400656      0.32094296      -2.3025851       -2.3025851      0.92503893                                                          0.92503893
              1     -0.62734958      0.32625793      -2.3025851       -2.3025851        3.350471                                                            3.350471
              3     -0.85375127      0.32547489      -2.3025851       -2.3025851       2.8976676                                                           2.8976676
              1      -2.1876454      0.31797046      -2.3025851       -2.3025851      0.22987947                                                          0.22987947
              3      -2.1330158       0.3186062      -2.3025851       -2.3025851      0.33913866                                                          0.33913866
              1      -1.6212572      0.32220506      -2.3025851       -2.3025851       1.3626558                                                           1.3626558
              1      -1.8024955       0.3211781      -2.3025851       -2.3025851       1.0001792                                                           1.0001792
              3      0.51007703      0.30006977      -2.3025851       -2.3025851       5.6253242                                                           5.6253242
              1      -2.2800722       0.3136813      -2.3025851       -2.3025851     0.045025751                                                         0.045025751
              1      -2.2164385      0.31241688      -2.3025851       -2.3025851      0.17229314                                                          0.17229314
              2      -2.3022894      0.31484907      -2.3025851       -2.3025851   0.00059138663                                                       0.00059138663
              2      -2.3007795      0.31537324      -2.3025851       -2.3025851    0.0036112457                                                        0.0036112457
              1       -2.300597      0.31460825      -2.3025851       -2.3025851    0.0039762822                                                        0.0039762822
              4      -2.2307688      0.31734833      -2.3025851       -2.3025851      0.14363258                                                          0.14363258
              1      -2.1351553      0.31858344      -2.3025851       -2.3025851      0.33485961                                                          0.33485961
              1       1.2217756       0.2982579      -2.3025851       -2.3025851       7.0487213                                                           7.0487213
              3      -1.1280889      0.30539973      -2.3025851       -2.3025851       2.3489923                                                           2.3489923
              2      -1.1312433      0.30541273      -2.3025851       -2.3025851       2.3426836                                                           2.3426836
              1      -1.9250079      0.32037217      -2.3025851       -2.3025851      0.75515431                                                          0.75515431
              1      -1.6809404      0.30803287      -2.3025851       -2.3025851       1.2432894                                                           1.2432894
              2      -1.6643264      0.30793962      -2.3025851       -2.3025851       1.2765174                                                           1.2765174
              1      -1.5897718      0.30753621      -2.3025851       -2.3025851       1.4256266                                                           1.4256266
              1      -0.5039483      0.30309446      -2.3025851       -2.3025851       3.5972736                                                           3.5972736
              3      -1.7388574      0.30836753      -2.3025851       -2.3025851       1.1274555                                                           1.1274555
              1      0.56282714      0.29992787      -2.3025851       -2.3025851       5.7308245                                                           5.7308245
              1      -1.8119353      0.30881472      -2.3025851       -2.3025851      0.98129964                                                          0.98129964
              1      -1.7289254      0.32161415      -2.3025851       -2.3025851       1.1473193                                                           1.1473193
              1      -1.7989749      0.32119984      -2.3025851       -2.3025851       1.0072204                                                           1.0072204
              2      -1.3884498       0.3233369      -2.3025851       -2.3025851       1.8282707                                                           1.8282707
              1      -2.1376912      0.31142237      -2.3025851       -2.3025851      0.32978773                                                          0.32978773
              1      -1.4666786      0.32297528      -2.3025851       -2.3025851       1.6718129                                                           1.6718129
              2      -2.2986405      0.31444714      -2.3025851       -2.3025851    0.0078891926                                                        0.0078891926
              1      -1.9665559       0.3200692      -2.3025851       -2.3025851      0.67205834                                                          0.67205834
              1      -2.1991167       0.3178195      -2.3025851       -2.3025851      0.20693682                                                          0.20693682
              2      -2.2479086      0.31704766      -2.3025851       -2.3025851      0.10935298                                                          0.10935298
              1      -2.2216253      0.31749436      -2.3025851       -2.3025851      0.16191968                                                          0.16191968
              3      -1.8106109      0.30880632      -2.3025851       -2.3025851      0.98394841                                                          0.98394841
              1      -2.2986736      0.31444944      -2.3025851       -2.3025851    0.0078229457                                                        0.0078229457
              1      -2.2457479      0.31708768      -2.3025851       -2.3025851       0.1136744                                                           0.1136744
              2      -1.8679492      0.30918049      -2.3025851       -2.3025851      0.86927187                                                          0.86927187
              2      -0.5610151      0.32647633      -2.3025851       -2.3025851         3.48314                                                             3.48314
              3      -2.2981628      0.31441601      -2.3025851       -2.3025851     0.008844492                                                         0.008844492
              2      -2.2731304      0.31650511      -2.3025851       -2.3025851     0.058909427                                                         0.058909427
              1      -1.9847371      0.31002696      -2.3025851       -2.3025851      0.63569599                                                          0.63569599
              2      -2.2422162      0.31715212      -2.3025851       -2.3025851      0.12073788                                                          0.12073788
              3      -2.1890583      0.31795214      -2.3025851       -2.3025851      0.22705367                                                          0.22705367
              1      -2.2375025      0.31275553      -2.3025851       -2.3025851      0.13016525                                                          0.13016525
              1      -1.5018487      0.32280625      -2.3025851       -2.3025851       1.6014729                                                           1.6014729
              1      -1.7890291      0.32125822      -2.3025851       -2.3025851       1.0271119                                                           1.0271119
              2     -0.90450474       0.3252933      -2.3025851       -2.3025851       2.7961607                                                           2.7961607
              5      -1.8678531      0.32076236      -2.3025851       -2.3025851      0.86946398                                                          0.86946398
              2       -2.295675      0.31572894      -2.3025851       -2.3025851      0.01382027                                                          0.01382027
              1      -2.2930994      0.31585441      -2.3025851       -2.3025851     0.018971378                                                         0.018971378
              1      -1.2593749       0.3059574      -2.3025851       -2.3025851       2.0864203                                                           2.0864203
              2      -1.2241424      0.30580505      -2.3025851       -2.3025851       2.1568854                                                           2.1568854
              4      -2.2913077      0.31593152      -2.3025851       -2.3025851     0.022554802                                                         0.022554802
              2      -2.3020426      0.31520429      -2.3025851       -2.3025851    0.0010849809                                                        0.0010849809
              2      -2.2678295       0.3133606      -2.3025851       -2.3025851     0.069511279                                                         0.069511279
              1      -2.2786476      0.31363993      -2.3025851       -2.3025851     0.047874942                                                         0.047874942
              3      -2.2965746      0.31431844      -2.3025851       -2.3025851     0.012021005                                                         0.012021005
              1      -2.2340991      0.31269757      -2.3025851       -2.3025851      0.13697207                                                          0.13697207
              2      -1.7085324      0.30818995      -2.3025851       -2.3025851       1.1881055                                                           1.1881055
              2      -1.3142045      0.30620015      -2.3025851       -2.3025851       1.9767611                                                           1.9767611
              1     -0.44209894      0.30288934      -2.3025851       -2.3025851       3.7209723                                                           3.7209723
              1     -0.25567314      0.30228989      -2.3025851       -2.3025851       4.0938239                                                           4.0938239
              1     -0.46138808      0.30295236      -2.3025851       -2.3025851        3.682394                                                            3.682394
              2      -1.7340475       0.3083389      -2.3025851       -2.3025851       1.1370752                                                           1.1370752
              1      -2.2997357      0.31546834      -2.3025851       -2.3025851    0.0056988229                                                        0.0056988229
              2      -2.1982032      0.31215572      -2.3025851       -2.3025851      0.20876372                                                          0.20876372
              2      -1.4643665      0.30690089      -2.3025851       -2.3025851       1.6764371                                                           1.6764371
              1     -0.75211009      0.30395471      -2.3025851       -2.3025851         3.10095                                                             3.10095
              1     -0.64339432      0.30357028      -2.3025851       -2.3025851       3.3183815                                                           3.3183815
              2      -2.2972923      0.31436086      -2.3025851       -2.3025851     0.010585571                                                         0.010585571
              2      -1.7576035      0.32144811      -2.3025851       -2.3025851       1.0899632                                                           1.0899632
              1        -2.23401      0.31729499      -2.3025851       -2.3025851      0.13715015                                                          0.13715015
              5      -1.8060843      0.30877793      -2.3025851       -2.3025851      0.99300158                                                          0.99300158
              1      -1.5490533      0.30732427      -2.3025851       -2.3025851       1.5070635                                                           1.5070635
              2       -2.058852      0.31064762      -2.3025851       -2.3025851      0.48746619                                                          0.48746619
              1     -0.63710364      0.30354842      -2.3025851       -2.3025851       3.3309629                                                           3.3309629
              4     -0.40089211      0.30275394      -2.3025851       -2.3025851        3.803386                                                            3.803386
              1      -1.2733695      0.30601859      -2.3025851       -2.3025851       2.0584311                                                           2.0584311
              2      -2.2995031      0.31451076      -2.3025851       -2.3025851    0.0061640646                                                        0.0061640646
              3      -2.2908971       0.3159486      -2.3025851       -2.3025851     0.023376018                                                         0.023376018
              1      -2.0601924      0.31065987      -2.3025851       -2.3025851      0.48478544                                                          0.48478544
              1      -2.2216627       0.3174938      -2.3025851       -2.3025851      0.16184475                                                          0.16184475
              2      -1.4774956      0.32292364      -2.3025851       -2.3025851        1.650179                                                            1.650179
              1     -0.78505584      0.32572003      -2.3025851       -2.3025851       3.0350585                                                           3.0350585
              2     -0.67361483      0.32610338      -2.3025851       -2.3025851       3.2579405                                                           3.2579405
              1      -1.3212435      0.32363595      -2.3025851       -2.3025851       1.9626832                                                           1.9626832
              1     -0.74464771      0.32586062      -2.3025851       -2.3025851       3.1158748                                                           3.1158748
              1      -2.2228887      0.31251604      -2.3025851       -2.3025851      0.15939282                                                          0.15939282
              2      -2.3025428      0.31505717      -2.3025851       -2.3025851   8.4643361e-05                                                       8.4643361e-05
              1      -2.2103461       0.3123266      -2.3025851       -2.3025851       0.1844779                                                           0.1844779
              3      -1.9475115      0.30974336      -2.3025851       -2.3025851       0.7101472                                                           0.7101472
              3      -1.2508956      0.30592021      -2.3025851       -2.3025851        2.103379                                                            2.103379
              1      -1.3508166      0.32350602      -2.3025851       -2.3025851        1.903537                                                            1.903537
              2      -1.2966734      0.32374268      -2.3025851       -2.3025851       2.0118234                                                           2.0118234
              1      -2.2638796      0.31672399      -2.3025851       -2.3025851     0.077410892                                                         0.077410892
              1      -2.2935794      0.31583275      -2.3025851       -2.3025851      0.01801146                                                          0.01801146
              1      -1.9958144      0.31984476      -2.3025851       -2.3025851      0.61354136                                                          0.61354136
              1      -1.6531382        0.322035      -2.3025851       -2.3025851       1.2988938                                                           1.2988938
              2       -2.155396      0.31836068      -2.3025851       -2.3025851      0.29437828                                                          0.29437828
              2       -2.256744      0.31311624      -2.3025851       -2.3025851     0.091682173                                                         0.091682173
              2      -2.2631937      0.31673919      -2.3025851       -2.3025851     0.078782789                                                         0.078782789
              1      -2.2978648      0.31560293      -2.3025851       -2.3025851    0.0094405822                                                        0.0094405822
              1      -2.2858745      0.31386369      -2.3025851       -2.3025851     0.033421136                                                         0.033421136
              1      -2.3017588        0.314747      -2.3025851       -2.3025851    0.0016526688                                                        0.0016526688
              1      -2.2906992      0.31595658      -2.3025851       -2.3025851     0.023771835                                                         0.023771835
              1      -1.9082475      0.30945903      -2.3025851       -2.3025851      0.78867513                                                          0.78867513
              2      -1.2242304      0.30580547      -2.3025851       -2.3025851       2.1567094                                                           2.1567094
              2      -1.3057734      0.30616245      -2.3025851       -2.3025851       1.9936234                                                           1.9936234
              1       -1.730234      0.32160665      -2.3025851       -2.3025851       1.1447022                                                           1.1447022
              2      -1.8604206      0.32081125      -2.3025851       -2.3025851      0.88432902                                                          0.88432902
              1      -1.8896115      0.32061726      -2.3025851       -2.3025851      0.82594717                                                          0.82594717
              1      -1.7342406      0.32158358      -2.3025851       -2.3025851       1.1366889                                                           1.1366889
              3       -2.268171      0.31662588      -2.3025851       -2.3025851     0.068828203                                                         0.068828203
              2      -1.6369391      0.32212171      -2.3025851       -2.3025851        1.331292                                                            1.331292
              2      0.17940262      0.32867507      -2.3025851       -2.3025851       4.9639754                                                           4.9639754
              2       -2.101904      0.31892196      -2.3025851       -2.3025851      0.40136221                                                          0.40136221
              1       -1.936407      0.32029094      -2.3025851       -2.3025851      0.73235625                                                          0.73235625
              3      -1.5716396      0.32246127      -2.3025851       -2.3025851       1.4618911                                                           1.4618911
              4      -2.2991153      0.31551695      -2.3025851       -2.3025851    0.0069394894                                                        0.0069394894
              3      -2.2750902      0.31645415      -2.3025851       -2.3025851     0.054989792                                                         0.054989792
              1      -2.2545557      0.31307169      -2.3025851       -2.3025851     0.096058711                                                         0.096058711
              1      -1.9657174      0.32007551      -2.3025851       -2.3025851      0.67373544                                                          0.67373544
              1      -1.8908022       0.3206092      -2.3025851       -2.3025851      0.82356572                                                          0.82356572
              1      -2.0694908      0.31074481      -2.3025851       -2.3025851      0.46618849                                                          0.46618849
              3      -2.2845093      0.31617916      -2.3025851       -2.3025851     0.036151487                                                         0.036151487
              1      -2.2615945      0.31677232      -2.3025851       -2.3025851      0.08198113                                                          0.08198113
              1      -2.2863595      0.31387977      -2.3025851       -2.3025851     0.032451194                                                         0.032451194
              1      -2.2859002      0.31386457      -2.3025851       -2.3025851     0.033369713                                                         0.033369713
              3      -2.0570405      0.31933648      -2.3025851       -2.3025851      0.49108928                                                          0.49108928
              1      -2.0774491      0.31081756      -2.3025851       -2.3025851      0.45027205                                                          0.45027205
              4       -2.150468      0.31156444      -2.3025851       -2.3025851      0.30423427                                                          0.30423427
              1      -2.2103468      0.31766183      -2.3025851       -2.3025851      0.18447652                                                          0.18447652
              1      -2.0832713      0.31087202      -2.3025851       -2.3025851      0.43862763                                                          0.43862763
              2      -2.3009526      0.31535433      -2.3025851       -2.3025851    0.0032650002                                                        0.0032650002
              1      -1.7883411      0.30866728      -2.3025851       -2.3025851        1.028488                                                            1.028488
              1      -1.7655067      0.32140157      -2.3025851       -2.3025851       1.0741569                                                           1.0741569
              1      -2.2744942      0.31646981      -2.3025851       -2.3025851     0.056181721                                                         0.056181721
              1      -1.5947116      0.32234279      -2.3025851       -2.3025851       1.4157469                                                           1.4157469
              1      -1.5639065      0.32250013      -2.3025851       -2.3025851       1.4773573                                                           1.4773573
              1      -2.0473653      0.31942089      -2.3025851       -2.3025851      0.51043957                                                          0.51043957
              6      -1.9332534      0.32031334      -2.3025851       -2.3025851      0.73866332                                                          0.73866332
              1      -1.6600821      0.32199791      -2.3025851       -2.3025851       1.2850059                                                           1.2850059
              2      -2.2499541      0.31700911      -2.3025851       -2.3025851        0.105262                                                            0.105262
              6      -2.0581696      0.31932657      -2.3025851       -2.3025851      0.48883095                                                          0.48883095
              1      -1.1248047      0.32445398      -2.3025851       -2.3025851       2.3555608                                                           2.3555608
              1       -2.270442        0.313424      -2.3025851       -2.3025851     0.064286284                                                         0.064286284
              1      -1.9123602       0.3094881      -2.3025851       -2.3025851      0.78044969                                                          0.78044969
              1      -2.3008401      0.31463313      -2.3025851       -2.3025851    0.0034900578                                                        0.0034900578
              1      -1.9917492      0.31987662      -2.3025851       -2.3025851      0.62167174                                                          0.62167174
              1      -2.2828516      0.31623183      -2.3025851       -2.3025851     0.039466918                                                         0.039466918
              1      -2.1688708      0.31820359      -2.3025851       -2.3025851      0.26742852                                                          0.26742852
              3      -2.0173779      0.31029033      -2.3025851       -2.3025851      0.57041442                                                          0.57041442
              2      -2.0980335      0.31101466      -2.3025851       -2.3025851      0.40910321                                                          0.40910321
              1      -1.5635239       0.3073987      -2.3025851       -2.3025851       1.4781224                                                           1.4781224
              1      -1.4720732       0.3069392      -2.3025851       -2.3025851       1.6610239                                                           1.6610239
              1     -0.24827572      0.30226666      -2.3025851       -2.3025851       4.1086187                                                           4.1086187
              1     -0.18375942      0.30206516      -2.3025851       -2.3025851       4.2376513                                                           4.2376513
              1    -0.021202055      0.30157263      -2.3025851       -2.3025851       4.5627661                                                           4.5627661
              3      -1.9590193      0.30982909      -2.3025851       -2.3025851      0.68713158                                                          0.68713158
              2      -1.6848781      0.30805569      -2.3025851       -2.3025851       1.2354139                                                           1.2354139
              1      -1.9318693      0.32032305      -2.3025851       -2.3025851      0.74143165                                                          0.74143165
              1      -1.9651197      0.32008025      -2.3025851       -2.3025851      0.67493087                                                          0.67493087
              1      -2.2296647      0.31262379      -2.3025851       -2.3025851      0.14584085                                                          0.14584085
