# Fiducial parameters: Omega_c, Omega_b, h, Omega_k, w0, wa, A_s, n_s
Omega_c Omega_b h Omega_k w0 wa A_s n_s
1.757813402358572726e-04 -1.046802370286670735e-04 -1.521030785128718533e-04 2.222179676157429054e-04 9.963749037518385143e-04 4.007971471081705258e-04 -3.673321968768530450e-13 -2.988893548003558067e-04
-1.046802370286733618e-04 2.209913574228837964e-04 4.322654303892077619e-04 -3.404416311981696072e-04 -2.715085184920335449e-04 -1.875251199501290142e-03 -1.459352714810523041e-12 2.252875621836019845e-04
-1.521030785128993650e-04 4.322654303892171945e-04 2.775816623364180547e-03 5.875373908939928022e-04 3.224182901471990721e-03 -3.878234223911943175e-03 -7.139783720495933938e-12 -1.192546538843244821e-03
2.222179676157623668e-04 -3.404416311981896650e-04 5.875373908939178838e-04 3.127957067897216281e-03 4.195437337023700392e-03 4.423310488918186928e-03 9.137153899910262542e-12 -1.952923663725945804e-03
9.963749037517561150e-04 -2.715085184919601444e-04 3.224182901472345472e-03 4.195437337024000499e-03 4.857114270349471852e-02 -6.759346030689113161e-02 3.550322274869343291e-12 -5.454833329323094046e-03
4.007971471084533399e-04 -1.875251199501400297e-03 -3.878234223912263232e-03 4.423310488917238034e-03 -6.759346030689111773e-02 3.056905099060850950e-01 4.351703096246176245e-11 -1.713990061671535629e-05
-3.673321968766448362e-13 -1.459352714810725595e-12 -7.139783720496531706e-12 9.137153899910218922e-12 3.550322274868390902e-12 4.351703096246887103e-11 9.195358012299844121e-20 -5.000051345680739215e-14
-2.988893548003502773e-04 2.252875621835917659e-04 -1.192546538843281684e-03 -1.952923663725951442e-03 -5.454833329322971748e-03 -1.713990061676757079e-05 -5.000051345669690113e-14 2.154886195270316798e-03
