# Fiducial parameters: Omega_c, Omega_b, h, Omega_k, w0, wa, A_s, n_s
Omega_c Omega_b h Omega_k w0 wa A_s n_s
9.532866279453072839e-06 1.788852509254829151e-06 -1.195025932372450084e-05 1.548987911971016543e-06 2.058873260827934464e-04 -5.412055751510204578e-04 3.722876224262732718e-16 -4.291588612428756171e-08
1.788852509255087496e-06 6.738794655920942029e-07 -4.127367315952117324e-06 -8.819271123349503538e-07 4.554976340211643792e-05 -1.433742719197421888e-04 -1.907236095188537873e-15 8.777269687737664751e-07
-1.195025932372603905e-05 -4.127367315952096148e-06 2.643510803753592854e-05 5.735989190224023883e-06 -2.729178786532108071e-04 8.711124637588949513e-04 1.469937685345709458e-14 -7.310118601320923560e-06
1.548987911971382673e-06 -8.819271123349447422e-07 5.735989190223962896e-06 8.618026752825613140e-06 1.749157253520336876e-04 -3.367287507546139723e-04 1.100010366724622773e-14 -5.198981001660916637e-06
2.058873260834423956e-04 4.554976340226569867e-05 -2.729178786541350894e-04 1.749157253522662760e-04 2.835301878658233812e-02 -9.676093517626516149e-02 5.655825925645993489e-14 6.152204843081687895e-06
-5.412055751535322290e-04 -1.433742719203328351e-04 8.711124637625461105e-04 -3.367287507555370620e-04 -9.676093517629756613e-02 3.465658823339679007e-01 4.215444490668058554e-14 -1.436471143231487146e-04
3.722876224247815358e-16 -1.907236095188851051e-15 1.469937685345907304e-14 1.100010366724574810e-14 5.655825925649851334e-14 4.215444490646116861e-14 3.911399418460056286e-23 -1.974159750284719387e-14
-4.291588612253288664e-08 8.777269687741608748e-07 -7.310118601323384191e-06 -5.198981001660277974e-06 6.152204843089701674e-06 -1.436471143230940437e-04 -1.974159750284729484e-14 1.088319553868009033e-05
