#        weight    minuslogpost         Omega_m   minuslogprior minuslogprior__0            chi2 chi2__functions_and_classes.SO_x_DESI_Likelihood_sigma8_version
              1      -6368.8706      0.31412087      -3.2729196       -3.2729196      -12731.195                                                      -12731.195
              1      -6368.8615       0.3133416      -3.2650619       -3.2650619      -12731.193                                                      -12731.193
              1      -6368.8727      0.31435599      -3.2747604       -3.2747604      -12731.196                                                      -12731.196
              1      -6368.8769       0.3150357      -3.2787002       -3.2787002      -12731.196                                                      -12731.196
              1      -6368.8434      0.31228194      -3.2500465       -3.2500465      -12731.187                                                      -12731.187
              1      -6368.8778      0.31529996      -3.2796775       -3.2796775      -12731.196                                                      -12731.196
              1      -6368.8758       0.3167313      -3.2795781       -3.2795781      -12731.192                                                      -12731.192
              1       -6368.878      0.31615625      -3.2807123       -3.2807123      -12731.195                                                      -12731.195
              1      -6368.8781       0.3154504      -3.2800953       -3.2800953      -12731.196                                                      -12731.196
              1      -6368.8523      0.31879381      -3.2634213       -3.2634213      -12731.178                                                      -12731.178
              1      -6368.8582      0.31843457      -3.2675951       -3.2675951      -12731.181                                                      -12731.181
              1      -6368.7595      0.32222201      -3.1947369       -3.1947369      -12731.129                                                      -12731.129
              1      -6368.6911      0.32386898      -3.1431646       -3.1431646      -12731.096                                                      -12731.096
              1      -6368.5863      0.32588392      -3.0636736       -3.0636736      -12731.045                                                      -12731.045
              1      -6368.6779      0.32414835      -3.1332208       -3.1332208      -12731.089                                                      -12731.089
              2      -6368.7659      0.32204552      -3.1995482       -3.1995482      -12731.133                                                      -12731.133
              2      -6368.8189      0.32033366      -3.2390319       -3.2390319       -12731.16                                                       -12731.16
              1      -6368.7295       0.3229906      -3.1721699       -3.1721699      -12731.115                                                      -12731.115
              1      -6368.7649      0.32207286      -3.1988119       -3.1988119      -12731.132                                                      -12731.132
              1      -6368.7123      0.32339598      -3.1592099       -3.1592099      -12731.106                                                      -12731.106
              1      -6368.6333      0.32503496      -3.0993654       -3.0993654      -12731.068                                                      -12731.068
              1       -6368.593      0.32576795      -3.0687379       -3.0687379      -12731.048                                                      -12731.048
              1      -6368.6473      0.32476639      -3.1099897       -3.1099897      -12731.075                                                      -12731.075
              1      -6368.6209      0.32526662      -3.0899437       -3.0899437      -12731.062                                                      -12731.062
              1       -6368.678      0.32414666       -3.133282        -3.133282      -12731.089                                                      -12731.089
              1      -6368.6392      0.32492236      -3.1038586       -3.1038586      -12731.071                                                      -12731.071
              1      -6368.7771      0.32172335      -3.2079738       -3.2079738      -12731.138                                                      -12731.138
              1      -6368.7545      0.32235553      -3.1910049       -3.1910049      -12731.127                                                      -12731.127
              1      -6368.6999      0.32367446      -3.1498835       -3.1498835        -12731.1                                                        -12731.1
              1       -6368.605      0.32555473      -3.0778936       -3.0778936      -12731.054                                                      -12731.054
              1      -6368.5646      0.32625324      -3.0471466       -3.0471466      -12731.035                                                      -12731.035
              1      -6368.5701      0.32616182      -3.0512943       -3.0512943      -12731.038                                                      -12731.038
              1      -6368.6319      0.32506184      -3.0982844       -3.0982844      -12731.067                                                      -12731.067
              1      -6368.7554      0.32233098      -3.1916969       -3.1916969      -12731.127                                                      -12731.127
              1      -6368.7934      0.32122606      -3.2200738       -3.2200738      -12731.147                                                      -12731.147
              1      -6368.7886       0.3213758      -3.2165461       -3.2165461      -12731.144                                                      -12731.144
              1      -6368.7502       0.3224696      -3.1877539       -3.1877539      -12731.125                                                      -12731.125
              1      -6368.6997      0.32368018      -3.1496884       -3.1496884        -12731.1                                                        -12731.1
              1      -6368.6918      0.32385307      -3.1437206       -3.1437206      -12731.096                                                      -12731.096
              1       -6368.726      0.32307401       -3.169563        -3.169563      -12731.113                                                      -12731.113
              1      -6368.6788      0.32413085      -3.1338537       -3.1338537       -12731.09                                                       -12731.09
              1      -6368.7745      0.32180124       -3.205979        -3.205979      -12731.137                                                      -12731.137
              1      -6368.8273      0.32000219       -3.245172        -3.245172      -12731.164                                                      -12731.164
              1      -6368.7389      0.32275906      -3.1792447       -3.1792447      -12731.119                                                      -12731.119
              1      -6368.8042       0.3208662      -3.2281445       -3.2281445      -12731.152                                                      -12731.152
              1       -6368.449      0.32803538      -2.9588768       -2.9588768       -12730.98                                                       -12730.98
              1      -6368.7243      0.32311559       -3.168252        -3.168252      -12731.112                                                      -12731.112
              1      -6368.2995      0.33001449      -2.8443089       -2.8443089       -12730.91                                                       -12730.91
              1      -6368.4931      0.32738749      -2.9925999       -2.9925999      -12731.001                                                      -12731.001
              1      -6366.7161      0.34334334      -1.6193039       -1.6193039      -12730.194                                                      -12730.194
              1      -6367.7944      0.33527519      -2.4551381       -2.4551381      -12730.679                                                      -12730.679
              1      -6367.9592      0.33372623      -2.5825019       -2.5825019      -12730.753                                                      -12730.753
              1       -6368.197      0.33122673      -2.7655367       -2.7655367      -12730.863                                                      -12730.863
              1      -6368.2958      0.33005979      -2.8414826       -2.8414826      -12730.909                                                      -12730.909
              1      -6368.4141      0.32852467      -2.9321726       -2.9321726      -12730.964                                                      -12730.964
              1      -6368.1844      0.33136867      -2.7558867       -2.7558867      -12730.857                                                      -12730.857
              1      -6367.8113       0.3351227      -2.4681496       -2.4681496      -12730.686                                                      -12730.686
              1       -6367.729      0.33585568      -2.4046596       -2.4046596      -12730.649                                                      -12730.649
              1      -6368.1433      0.33182559      -2.7242129       -2.7242129      -12730.838                                                      -12730.838
              1      -6368.8449      0.31919633      -3.2580631       -3.2580631      -12731.174                                                      -12731.174
              1      -6368.8753      0.31682723      -3.2792458       -3.2792458      -12731.192                                                      -12731.192
              1      -6368.8732      0.31442246      -3.2752363       -3.2752363      -12731.196                                                      -12731.196
              1      -6368.7079      0.30807358      -3.1411485       -3.1411485      -12731.133                                                      -12731.133
              1      -6368.5629      0.30530547      -3.0266042       -3.0266042      -12731.073                                                      -12731.073
              1      -6368.5865      0.30570274      -3.0451362       -3.0451362      -12731.083                                                      -12731.083
              1      -6368.0284      0.29861536      -2.6091537       -2.6091537      -12730.838                                                      -12730.838
              1      -6367.9927      0.29826012      -2.5814254       -2.5814254      -12730.822                                                      -12730.822
              1      -6367.9543      0.29788618      -2.5516325       -2.5516325      -12730.805                                                      -12730.805
              3      -6367.4264      0.29337453       -2.143185        -2.143185      -12730.566                                                      -12730.566
              1      -6367.9781      0.29811665      -2.5700686       -2.5700686      -12730.816                                                      -12730.816
              1       -6367.576       0.2945539      -2.2586886       -2.2586886      -12730.635                                                      -12730.635
              2      -6366.6981      0.28835974      -1.5830239       -1.5830239       -12730.23                                                       -12730.23
              1      -6366.6905      0.28831236      -1.5771992       -1.5771992      -12730.227                                                      -12730.227
              2      -6366.3125      0.28605314      -1.2878454       -1.2878454      -12730.049                                                      -12730.049
              1      -6365.9783      0.28419203      -1.0324401       -1.0324401      -12729.892                                                      -12729.892
              1       -6365.791       0.2831973     -0.88961721      -0.88961721      -12729.803                                                      -12729.803
              1      -6366.3362       0.2861887      -1.3058476       -1.3058476      -12730.061                                                      -12730.061
              1      -6366.7594      0.28874548      -1.6300807       -1.6300807      -12730.259                                                      -12730.259
              1      -6367.2067      0.29175035      -1.9739983       -1.9739983      -12730.465                                                      -12730.465
              1      -6367.0137       0.2904086       -1.825389        -1.825389      -12730.377                                                      -12730.377
              2      -6367.2481      0.29204721      -2.0057972       -2.0057972      -12730.485                                                      -12730.485
              1      -6368.5647      0.30533478      -3.0279956       -3.0279956      -12731.073                                                      -12731.073
              1      -6368.7594      0.32222531      -3.1946455       -3.1946455      -12731.129                                                      -12731.129
              1      -6368.6396      0.32491526      -3.1041401       -3.1041401      -12731.071                                                      -12731.071
              2      -6368.8779      0.31532241      -3.2797463       -3.2797463      -12731.196                                                      -12731.196
              1      -6368.8697      0.31403319      -3.2721703       -3.2721703      -12731.195                                                      -12731.195
              1      -6368.8615      0.31820674       -3.269945        -3.269945      -12731.183                                                      -12731.183
              1      -6368.7078      0.32349743      -3.1558523       -3.1558523      -12731.104                                                      -12731.104
              2      -6368.4191      0.32845598      -2.9359854       -2.9359854      -12730.966                                                      -12730.966
              1      -6368.7609      0.32218214      -3.1958359       -3.1958359       -12731.13                                                       -12731.13
              1      -6368.8572      0.31305399      -3.2614799       -3.2614799      -12731.191                                                      -12731.191
              2      -6368.6219      0.32524855      -3.0906871       -3.0906871      -12731.062                                                      -12731.062
              1      -6368.7754      0.32177534      -3.2066454       -3.2066454      -12731.137                                                      -12731.137
              1      -6368.8668       0.3137586      -3.2696024       -3.2696024      -12731.194                                                      -12731.194
              1      -6368.6364      0.32497639      -3.1017097       -3.1017097      -12731.069                                                      -12731.069
              2      -6368.6715      0.32428147      -3.1283605       -3.1283605      -12731.086                                                      -12731.086
              1      -6368.7936       0.3103411      -3.2096041       -3.2096041      -12731.168                                                      -12731.168
              1      -6368.3683      0.30247157      -2.8740588       -2.8740588      -12730.988                                                      -12730.988
              1      -6368.3846      0.30268405      -2.8867344       -2.8867344      -12730.996                                                      -12730.996
              1      -6366.3972      0.28654325      -1.3525435       -1.3525435      -12730.089                                                      -12730.089
              1       -6366.928      0.28983432       -1.759338        -1.759338      -12730.337                                                      -12730.337
              1       -6368.549      0.30507717      -3.0156374       -3.0156374      -12731.067                                                      -12731.067
              1      -6368.7486      0.32251206       -3.186529        -3.186529      -12731.124                                                      -12731.124
              1      -6368.7425      0.32266883      -3.1819371       -3.1819371      -12731.121                                                      -12731.121
              1      -6368.8711      0.31737972      -3.2765363       -3.2765363      -12731.189                                                      -12731.189
              1      -6368.8426      0.31931067      -3.2564098       -3.2564098      -12731.172                                                      -12731.172
              1      -6368.8576      0.31847435      -3.2671612       -3.2671612      -12731.181                                                      -12731.181
              1      -6368.8185      0.31120732      -3.2297225       -3.2297225      -12731.178                                                      -12731.178
              1      -6368.6982      0.30785781      -3.1334436       -3.1334436      -12731.129                                                      -12731.129
              2      -6368.4496       0.3035737      -2.9376264       -2.9376264      -12731.024                                                      -12731.024
              1      -6368.4645      0.30378686      -2.9492982       -2.9492982       -12731.03                                                       -12731.03
              1      -6367.3709      0.29295343      -2.1004459       -2.1004459      -12730.541                                                      -12730.541
              1      -6368.8341      0.31184445      -3.2423919       -3.2423919      -12731.183                                                      -12731.183
              1        -6368.86      0.31323995       -3.263838        -3.263838      -12731.192                                                      -12731.192
              1      -6368.8759      0.31484003      -3.2777765       -3.2777765      -12731.196                                                      -12731.196
              1      -6368.5682      0.30539387      -3.0307887       -3.0307887      -12731.075                                                      -12731.075
              1      -6368.7693      0.32195084      -3.2020721       -3.2020721      -12731.134                                                      -12731.134
              1      -6368.8702      0.31408081      -3.2725815       -3.2725815      -12731.195                                                      -12731.195
              1       -6368.873      0.31715211      -3.2778169       -3.2778169       -12731.19                                                       -12731.19
              2       -6368.788      0.32139455      -3.2160974       -3.2160974      -12731.144                                                      -12731.144
              1      -6368.8725      0.31434002      -3.2746431       -3.2746431      -12731.196                                                      -12731.196
              3       -6368.537      0.30488573      -3.0062623       -3.0062623      -12731.062                                                      -12731.062
              2      -6368.8783       0.3155483      -3.2803131       -3.2803131      -12731.196                                                      -12731.196
              1      -6368.8698       0.3175111      -3.2756923       -3.2756923      -12731.188                                                      -12731.188
              1      -6368.6158      0.32535931      -3.0861072       -3.0861072      -12731.059                                                      -12731.059
              1      -6368.2715      0.30126625      -2.7983588       -2.7983588      -12730.946                                                      -12730.946
              1      -6368.3377      0.30207861      -2.8500884       -2.8500884      -12730.975                                                      -12730.975
              1      -6368.4161      0.30310817       -2.911435        -2.911435      -12731.009                                                      -12731.009
              1      -6368.8772      0.31512936      -3.2790821       -3.2790821      -12731.196                                                      -12731.196
              1      -6368.1597       0.2999919      -2.7113015       -2.7113015      -12730.897                                                      -12730.897
              1      -6368.5321      0.30480763      -3.0023907       -3.0023907      -12731.059                                                      -12731.059
              1      -6368.4622      0.32784514      -2.9689726       -2.9689726      -12730.986                                                      -12730.986
              5      -6367.5955      0.29471329      -2.2738238       -2.2738238      -12730.643                                                      -12730.643
              1      -6367.0655      0.29076152      -1.8652537       -1.8652537      -12730.401                                                      -12730.401
              1      -6367.0483       0.2906442       -1.852063        -1.852063      -12730.392                                                      -12730.392
              5      -6368.8026      0.32092253      -3.2269192       -3.2269192      -12731.151                                                      -12731.151
              3      -6368.7663      0.32203495      -3.1998319       -3.1998319      -12731.133                                                      -12731.133
              1      -6367.9374      0.29772427      -2.5385395       -2.5385395      -12730.798                                                      -12730.798
              1      -6368.0347      0.33297276      -2.6406011       -2.6406011      -12730.788                                                      -12730.788
              1      -6368.7207      0.30836724       -3.151302        -3.151302      -12731.139                                                      -12731.139
              1       -6368.712      0.30816558      -3.1443708       -3.1443708      -12731.135                                                      -12731.135
              5      -6368.8586      0.31314533      -3.2626573       -3.2626573      -12731.192                                                      -12731.192
              3      -6368.5277      0.32685343      -3.0189957       -3.0189957      -12731.017                                                      -12731.017
              1      -6368.8757      0.31478961      -3.2775109       -3.2775109      -12731.196                                                      -12731.196
              1      -6368.8399      0.31944284      -3.2544263       -3.2544263      -12731.171                                                      -12731.171
              1      -6368.7653      0.30950061      -3.1868952       -3.1868952      -12731.157                                                      -12731.157
              3      -6368.8306       0.3116955      -3.2395915       -3.2395915      -12731.182                                                      -12731.182
              1      -6368.8779      0.31532747      -3.2797614       -3.2797614      -12731.196                                                      -12731.196
              2      -6368.5244      0.32690595       -3.016456        -3.016456      -12731.016                                                      -12731.016
              2      -6368.2097      0.33108144      -2.7753227       -2.7753227      -12730.869                                                      -12730.869
              1      -6368.8741      0.31700749      -3.2785109       -3.2785109      -12731.191                                                      -12731.191
              1      -6368.7604      0.30936633      -3.1829764       -3.1829764      -12731.155                                                      -12731.155
              4       -6368.876      0.31485046        -3.27783         -3.27783      -12731.196                                                      -12731.196
              2      -6368.5047       0.3272119      -3.0014184       -3.0014184      -12731.007                                                      -12731.007
              1      -6368.2581      0.33051567      -2.8125339       -2.8125339      -12730.891                                                      -12730.891
              1      -6368.8551      0.31862875      -3.2654103       -3.2654103      -12731.179                                                      -12731.179
              1      -6368.6471      0.30680785      -3.0929985       -3.0929985      -12731.108                                                      -12731.108
              1      -6368.8053      0.31072833      -3.2190098       -3.2190098      -12731.173                                                      -12731.173
              3      -6368.6393      0.32492037      -3.1039376       -3.1039376      -12731.071                                                      -12731.071
              2      -6368.5653      0.32624247      -3.0476374       -3.0476374      -12731.035                                                      -12731.035
              1      -6368.7385      0.32277065       -3.178896        -3.178896      -12731.119                                                      -12731.119
              2      -6368.0899      0.33239823      -2.6832066       -2.6832066      -12730.813                                                      -12730.813
              1      -6368.5278      0.32685215      -3.0190573       -3.0190573      -12731.017                                                      -12731.017
              2      -6368.2214      0.30068128      -2.7592927       -2.7592927      -12730.924                                                      -12730.924
              3      -6368.6624      0.30710795      -3.1050586       -3.1050586      -12731.115                                                      -12731.115
              1      -6368.7333      0.32289882      -3.1750028       -3.1750028      -12731.117                                                      -12731.117
              2      -6368.3854      0.32891318      -2.9102107       -2.9102107       -12730.95                                                       -12730.95
              1      -6368.0503      0.33281254      -2.6526298       -2.6526298      -12730.795                                                      -12730.795
              1      -6368.0173      0.33314891      -2.6272441       -2.6272441       -12730.78                                                       -12730.78
              3      -6368.4537      0.32796844      -2.9624474       -2.9624474      -12730.983                                                      -12730.983
              1      -6367.3014      0.33930705      -2.0736146       -2.0736146      -12730.456                                                      -12730.456
              2      -6368.2691      0.33038512      -2.8209183       -2.8209183      -12730.896                                                      -12730.896
              1      -6368.0063      0.29839436      -2.5919701       -2.5919701      -12730.829                                                      -12730.829
              3      -6368.7075      0.32350566      -3.1555777       -3.1555777      -12731.104                                                      -12731.104
              1      -6368.2647      0.33043747      -2.8175652       -2.8175652      -12730.894                                                      -12730.894
              2      -6368.4598      0.32788054      -2.9671058       -2.9671058      -12730.985                                                      -12730.985
              2       -6368.504      0.30437171      -2.9802843       -2.9802843      -12731.047                                                      -12731.047
              2      -6368.5462      0.32655708      -3.0330954       -3.0330954      -12731.026                                                      -12731.026
              3      -6368.7288      0.32300914       -3.171593        -3.171593      -12731.114                                                      -12731.114
              2      -6368.4291      0.32831749      -2.9436096       -2.9436096      -12730.971                                                      -12730.971
              2      -6368.6623      0.30710657      -3.1050041       -3.1050041      -12731.115                                                      -12731.115
              1      -6368.8385      0.31204567      -3.2460182       -3.2460182      -12731.185                                                      -12731.185
              1      -6367.5602      0.33728338      -2.2741396       -2.2741396      -12730.572                                                      -12730.572
              1      -6368.5081      0.32715905      -3.0040456       -3.0040456      -12731.008                                                      -12731.008
              1      -6367.5436      0.33741914      -2.2612565       -2.2612565      -12730.565                                                      -12730.565
              1      -6368.7007      0.32365662      -3.1504915       -3.1504915      -12731.101                                                      -12731.101
              3      -6368.8106      0.32064286      -3.2328639       -3.2328639      -12731.155                                                      -12731.155
              1       -6368.852      0.31881403      -3.2631692       -3.2631692      -12731.178                                                      -12731.178
              1      -6368.8548      0.31864463      -3.2652242       -3.2652242      -12731.179                                                      -12731.179
              2      -6368.6565      0.32458582      -3.1169527       -3.1169527      -12731.079                                                      -12731.079
              1      -6368.8073       0.3207606      -3.2304036       -3.2304036      -12731.154                                                      -12731.154
              4      -6367.1903      0.34012407      -1.9874985       -1.9874985      -12730.406                                                      -12730.406
              1      -6368.5165      0.32702978      -3.0104196       -3.0104196      -12731.012                                                      -12731.012
              2      -6368.1324      0.29969508      -2.6899877       -2.6899877      -12730.885                                                      -12730.885
              5       -6368.045      0.29878361      -2.6220906       -2.6220906      -12730.846                                                      -12730.846
              1      -6367.3115      0.29251001      -2.0545893       -2.0545893      -12730.514                                                      -12730.514
              1      -6367.1742       0.2915181      -1.9488478       -1.9488478      -12730.451                                                      -12730.451
              1      -6365.3645      0.28104046     -0.56483385      -0.56483385      -12729.599                                                      -12729.599
              3      -6365.1083      0.27980946     -0.37020001      -0.37020001      -12729.476                                                      -12729.476
              1      -6366.3766      0.28642333      -1.3368125       -1.3368125       -12730.08                                                       -12730.08
              1      -6366.2253      0.28555587      -1.2211114       -1.2211114      -12730.008                                                      -12730.008
              1      -6368.8661      0.31785139      -3.2731496       -3.2731496      -12731.186                                                      -12731.186
              2      -6368.8565      0.31854139       -3.266414        -3.266414       -12731.18                                                       -12731.18
              2      -6368.7973      0.32109863      -3.2229975       -3.2229975      -12731.149                                                      -12731.149
              3      -6368.8776      0.31630117       -3.280565        -3.280565      -12731.194                                                      -12731.194
              2      -6368.7403      0.32272454       -3.180279        -3.180279       -12731.12                                                       -12731.12
              1      -6368.6157      0.32536045        -3.08606         -3.08606      -12731.059                                                      -12731.059
              2      -6368.8742      0.31455239      -3.2761097       -3.2761097      -12731.196                                                      -12731.196
              5      -6368.7311      0.30861578      -3.1595962       -3.1595962      -12731.143                                                      -12731.143
              1      -6368.5342      0.30484103      -3.0040496       -3.0040496       -12731.06                                                       -12731.06
              4      -6368.8778      0.31529771      -3.2796705       -3.2796705      -12731.196                                                      -12731.196
              2      -6368.8691      0.31396808      -3.2715917       -3.2715917      -12731.195                                                      -12731.195
              2      -6368.5285      0.32684127       -3.019582        -3.019582      -12731.018                                                      -12731.018
              3      -6368.7805      0.32162363      -3.2104882       -3.2104882       -12731.14                                                       -12731.14
              1      -6368.3616       0.3292273      -2.8919636       -2.8919636      -12730.939                                                      -12730.939
              1      -6368.6748      0.30736122      -3.1149256       -3.1149256       -12731.12                                                       -12731.12
              4      -6368.8769      0.31651862      -3.2801688       -3.2801688      -12731.193                                                      -12731.193
              2      -6368.0751      0.29909227      -2.6454968       -2.6454968      -12730.859                                                      -12730.859
              1      -6368.8631      0.31809112      -3.2710493       -3.2710493      -12731.184                                                      -12731.184
              3      -6367.9912      0.33341099      -2.6071161       -2.6071161      -12730.768                                                      -12730.768
              1      -6368.2022      0.30046332       -2.744348        -2.744348      -12730.916                                                      -12730.916
              1      -6368.7966      0.31043796      -3.2120193       -3.2120193      -12731.169                                                      -12731.169
              3      -6367.8497      0.29690552      -2.4705465       -2.4705465      -12730.758                                                      -12730.758
              2      -6368.8775      0.31633756      -3.2805133       -3.2805133      -12731.194                                                      -12731.194
              2        -6368.81      0.32066425      -3.2324215       -3.2324215      -12731.155                                                      -12731.155
              1      -6368.4785      0.32760683      -2.9813919       -2.9813919      -12730.994                                                      -12730.994
              1      -6368.8485       0.3190093      -3.2606424       -3.2606424      -12731.176                                                      -12731.176
              3      -6368.8672      0.31379856      -3.2699969       -3.2699969      -12731.194                                                      -12731.194
              3      -6368.8682      0.31388999      -3.2708729       -3.2708729      -12731.195                                                      -12731.195
              1      -6368.3804      0.30262901      -2.8834699       -2.8834699      -12730.994                                                      -12730.994
              2      -6368.7186      0.30831868      -3.1496494       -3.1496494      -12731.138                                                      -12731.138
              1      -6368.8752      0.31684091      -3.2791951       -3.2791951      -12731.192                                                      -12731.192
              3      -6367.6226      0.29493554      -2.2947407       -2.2947407      -12730.656                                                      -12730.656
              1      -6368.1591      0.29998507      -2.7108156       -2.7108156      -12730.897                                                      -12730.897
              2      -6367.2027      0.34003387      -1.9971515       -1.9971515      -12730.411                                                      -12730.411
              2       -6367.659      0.33646036      -2.3504858       -2.3504858      -12730.617                                                      -12730.617
              1      -6368.6452      0.32480678      -3.1084123       -3.1084123      -12731.074                                                      -12731.074
              2       -6368.602      0.32560947      -3.0755625       -3.0755625      -12731.053                                                      -12731.053
              2      -6368.8628      0.31810834      -3.2708886       -3.2708886      -12731.184                                                      -12731.184
              2      -6366.5419      0.34443585      -1.4838831       -1.4838831      -12730.116                                                      -12730.116
              1      -6367.9982      0.33334137      -2.6124926       -2.6124926      -12730.771                                                      -12730.771
              1      -6368.8155      0.32046475      -3.2364688       -3.2364688      -12731.158                                                      -12731.158
              1      -6368.8784      0.31580665      -3.2806835       -3.2806835      -12731.196                                                      -12731.196
              1      -6368.8435      0.31926868      -3.2570237       -3.2570237      -12731.173                                                      -12731.173
              1      -6368.6623      0.32446915      -3.1213742       -3.1213742      -12731.082                                                      -12731.082
              1       -6368.514      0.32706803      -3.0085413       -3.0085413      -12731.011                                                      -12731.011
              1      -6368.5701      0.32616207      -3.0512831       -3.0512831      -12731.038                                                      -12731.038
              1      -6367.6761      0.33631456      -2.3636968       -2.3636968      -12730.625                                                      -12730.625
              1      -6368.3229      0.32972363      -2.8622374       -2.8622374      -12730.921                                                      -12730.921
              3       -6368.872      0.31727178      -3.2771723       -3.2771723       -12731.19                                                       -12731.19
              4      -6368.8784        0.315628       -3.280459        -3.280459      -12731.196                                                      -12731.196
              1      -6368.7529      0.32239929      -3.1897644       -3.1897644      -12731.126                                                      -12731.126
              1      -6368.5594      0.32634038       -3.043159        -3.043159      -12731.032                                                      -12731.032
              1      -6368.7379      0.30878326      -3.1650303       -3.1650303      -12731.146                                                      -12731.146
              3      -6368.1336      0.29970864      -2.6909703       -2.6909703      -12730.885                                                      -12730.885
              1      -6368.6871      0.30761846      -3.1246551       -3.1246551      -12731.125                                                      -12731.125
              1      -6368.3356       0.3020518      -2.8484283       -2.8484283      -12730.974                                                      -12730.974
              1      -6368.8772      0.31644266      -3.2803311       -3.2803311      -12731.194                                                      -12731.194
              1       -6368.756      0.30924681      -3.1794209       -3.1794209      -12731.153                                                      -12731.153
              1      -6368.8662      0.31371131      -3.2691263       -3.2691263      -12731.194                                                      -12731.194
              2      -6368.6059      0.32553879      -3.0785698       -3.0785698      -12731.055                                                      -12731.055
              2      -6368.8662      0.31370581      -3.2690703       -3.2690703      -12731.194                                                      -12731.194
              1      -6368.6697      0.30725657      -3.1108829       -3.1108829      -12731.118                                                      -12731.118
              2      -6368.8757       0.3167584      -3.2794884       -3.2794884      -12731.192                                                      -12731.192
              1      -6368.7937       0.3212139      -3.2203561       -3.2203561      -12731.147                                                      -12731.147
              1      -6368.8349      0.31967392      -3.2507716       -3.2507716      -12731.168                                                      -12731.168
              1      -6368.8149       0.3110702      -3.2267599       -3.2267599      -12731.176                                                      -12731.176
              1      -6368.7899      0.32133518      -3.2175128       -3.2175128      -12731.145                                                      -12731.145
              2      -6368.7883      0.31017375      -3.2053327       -3.2053327      -12731.166                                                      -12731.166
              3      -6368.3742      0.32906247      -2.9015931       -2.9015931      -12730.945                                                      -12730.945
              1      -6368.8471      0.31246834      -3.2530496       -3.2530496      -12731.188                                                      -12731.188
              1      -6368.2848      0.30142661      -2.8088031       -2.8088031      -12730.952                                                      -12730.952
              2      -6368.7515      0.30912773      -3.1758152       -3.1758152      -12731.151                                                      -12731.151
              1      -6368.8035      0.32089133      -3.2275996       -3.2275996      -12731.152                                                      -12731.152
              1      -6368.5375      0.32669801       -3.026439        -3.026439      -12731.022                                                      -12731.022
              3      -6368.2868      0.30145058      -2.8103541       -2.8103541      -12730.953                                                      -12730.953
              1      -6368.7318      0.30863182       -3.160122        -3.160122      -12731.143                                                      -12731.143
              1      -6368.8777      0.31526969      -3.2795813       -3.2795813      -12731.196                                                      -12731.196
              1      -6368.6036      0.32558013      -3.0768134       -3.0768134      -12731.054                                                      -12731.054
              3      -6368.8446       0.3123395      -3.2509905       -3.2509905      -12731.187                                                      -12731.187
              1      -6368.6153      0.30621233      -3.0678808       -3.0678808      -12731.095                                                      -12731.095
              2      -6368.7569      0.30927236      -3.1801863       -3.1801863      -12731.153                                                      -12731.153
              2      -6367.5748      0.29454411      -2.2577551       -2.2577551      -12730.634                                                      -12730.634
              2      -6367.8671      0.29706483      -2.4840099       -2.4840099      -12730.766                                                      -12730.766
              2       -6368.878      0.31538042      -3.2799135       -3.2799135      -12731.196                                                      -12731.196
              1      -6368.8753      0.31472828      -3.2771726       -3.2771726      -12731.196                                                      -12731.196
              1      -6368.8506      0.31889373      -3.2621583       -3.2621583      -12731.177                                                      -12731.177
              1      -6368.8352      0.31965943      -3.2510078       -3.2510078      -12731.168                                                      -12731.168
              1      -6368.5134      0.32707744      -3.0080784       -3.0080784      -12731.011                                                      -12731.011
              5       -6368.837      0.31957906      -3.2523005       -3.2523005      -12731.169                                                      -12731.169
              1      -6368.8652      0.31362619      -3.2682444       -3.2682444      -12731.194                                                      -12731.194
              3      -6367.5315      0.33751667      -2.2519512       -2.2519512      -12730.559                                                      -12730.559
              1      -6367.2171      0.33992961      -2.0082638       -2.0082638      -12730.418                                                      -12730.418
              1      -6368.0549      0.29888423      -2.6297676       -2.6297676       -12730.85                                                       -12730.85
              1      -6368.4072       0.3029862      -2.9044134       -2.9044134      -12731.006                                                      -12731.006
              2      -6366.9694      0.29011154      -1.7914054       -1.7914054      -12730.356                                                      -12730.356
              1      -6366.6312      0.28794529      -1.5317294       -1.5317294      -12730.199                                                      -12730.199
              3      -6368.8605      0.31327763       -3.264297        -3.264297      -12731.192                                                      -12731.192
              1      -6368.8349      0.31967529      -3.2507493       -3.2507493      -12731.168                                                      -12731.168
              3      -6368.8743      0.31696901      -3.2786799       -3.2786799      -12731.191                                                      -12731.191
              1      -6368.5241      0.30468191      -2.9961015       -2.9961015      -12731.056                                                      -12731.056
              3      -6368.8718      0.31729074      -3.2770643       -3.2770643       -12731.19                                                       -12731.19
              3      -6368.6205      0.30630743      -3.0719979       -3.0719979      -12731.097                                                      -12731.097
              3      -6368.3311      0.32961979      -2.8685471       -2.8685471      -12730.925                                                      -12730.925
              1       -6368.551      0.32647861      -3.0367638       -3.0367638      -12731.028                                                      -12731.028
              1      -6368.8779      0.31620372      -3.2806743       -3.2806743      -12731.194                                                      -12731.194
              2      -6366.8302      0.34260403      -1.7079349       -1.7079349      -12730.244                                                      -12730.244
              1        -6367.61      0.33687267      -2.3126145       -2.3126145      -12730.595                                                      -12730.595
              1      -6368.3459      0.32943054      -2.8799235       -2.8799235      -12730.932                                                      -12730.932
              1      -6368.8778      0.31624646      -3.2806316       -3.2806316      -12731.194                                                      -12731.194
              1      -6368.7761      0.32175429      -3.2071845       -3.2071845      -12731.138                                                      -12731.138
              1      -6368.6895       0.3239025      -3.1419898       -3.1419898      -12731.095                                                      -12731.095
              1      -6368.6996      0.32368255      -3.1496073       -3.1496073        -12731.1                                                        -12731.1
              2      -6368.8713       0.3141985      -3.2735546       -3.2735546      -12731.196                                                      -12731.196
              2      -6368.7803      0.30992971      -3.1988812       -3.1988812      -12731.163                                                      -12731.163
              1      -6368.2632      0.30116849      -2.7919359       -2.7919359      -12730.943                                                      -12730.943
              1       -6368.275      0.30130907      -2.8011587       -2.8011587      -12730.948                                                      -12730.948
              3      -6368.4086      0.30300512      -2.9055068       -2.9055068      -12731.006                                                      -12731.006
              1      -6368.5236       0.3046743      -2.9957188       -2.9957188      -12731.056                                                      -12731.056
              1      -6368.6947      0.30778218      -3.1306942       -3.1306942      -12731.128                                                      -12731.128
              1      -6368.6945      0.32379386      -3.1457794       -3.1457794      -12731.097                                                      -12731.097
              1      -6368.8592       0.3131876      -3.2631897       -3.2631897      -12731.192                                                      -12731.192
              3      -6368.7024      0.30795143       -3.136812        -3.136812      -12731.131                                                      -12731.131
              1      -6368.8412       0.3121754      -3.2482608       -3.2482608      -12731.186                                                      -12731.186
              1      -6368.3827       0.3026599       -2.885304        -2.885304      -12730.995                                                      -12730.995
              2      -6368.7686      0.30959184      -3.1895121       -3.1895121      -12731.158                                                      -12731.158
              1      -6368.8782      0.31549116      -3.2801912       -3.2801912      -12731.196                                                      -12731.196
              1      -6368.6434      0.30673613      -3.0900569       -3.0900569      -12731.107                                                      -12731.107
              1      -6368.7943      0.31036181      -3.2101239       -3.2101239      -12731.168                                                      -12731.168
              1      -6368.8784      0.31594753      -3.2807604       -3.2807604      -12731.195                                                      -12731.195
              1      -6368.8099      0.32066773      -3.2323494       -3.2323494      -12731.155                                                      -12731.155
              1      -6367.9104      0.33419815      -2.5448272       -2.5448272      -12730.731                                                      -12730.731
              1      -6368.7634      0.32211367      -3.1977066       -3.1977066      -12731.131                                                      -12731.131
              6      -6368.7367      0.30875274      -3.1640494       -3.1640494      -12731.145                                                      -12731.145
              2      -6368.8782      0.31608874       -3.280749        -3.280749      -12731.195                                                      -12731.195
              2      -6368.8704      0.31410449      -3.2727822       -3.2727822      -12731.195                                                      -12731.195
              1      -6368.8011      0.32097396      -3.2257881       -3.2257881      -12731.151                                                      -12731.151
              2      -6368.7377      0.32279034      -3.1783026       -3.1783026      -12731.119                                                      -12731.119
              2      -6368.7573       0.3092837       -3.180525        -3.180525      -12731.154                                                      -12731.154
              2       -6368.765      0.30949178      -3.1866401       -3.1866401      -12731.157                                                      -12731.157
              2      -6368.5722      0.30546063      -3.0339259       -3.0339259      -12731.077                                                      -12731.077
              1      -6368.7487      0.32250968      -3.1865977       -3.1865977      -12731.124                                                      -12731.124
              3      -6368.8726       0.3171984      -3.2775751       -3.2775751       -12731.19                                                       -12731.19
              4      -6367.9095      0.29746008      -2.5169248       -2.5169248      -12730.785                                                      -12730.785
              1      -6368.4707      0.30387662      -2.9541524       -2.9541524      -12731.033                                                      -12731.033
              2      -6367.5089      0.29401717      -2.2068889       -2.2068889      -12730.604                                                      -12730.604
              1      -6368.8649      0.31359855       -3.267951        -3.267951      -12731.194                                                      -12731.194
              1      -6368.8177      0.32037981      -3.2381383       -3.2381383      -12731.159                                                      -12731.159
              1      -6368.8781      0.31544516      -3.2800824       -3.2800824      -12731.196                                                      -12731.196
              1      -6368.4895      0.30415472       -2.968965        -2.968965      -12731.041                                                      -12731.041
              6      -6366.9678      0.29010066      -1.7901538       -1.7901538      -12730.355                                                      -12730.355
              1      -6366.8879      0.28957092      -1.7285528       -1.7285528      -12730.319                                                      -12730.319
              1      -6366.2468       0.2856779      -1.2375887       -1.2375887      -12730.019                                                      -12730.019
              2      -6368.0829      0.29917269      -2.6515255       -2.6515255      -12730.863                                                      -12730.863
              1      -6368.7993      0.31052755      -3.2142161       -3.2142161       -12731.17                                                       -12731.17
              1      -6367.9317      0.33399349      -2.5612876       -2.5612876      -12730.741                                                      -12730.741
              3       -6368.728      0.30853971      -3.1570868       -3.1570868      -12731.142                                                      -12731.142
              2      -6368.8466      0.31910777      -3.2593037       -3.2593037      -12731.175                                                      -12731.175
              2      -6367.1068      0.29104597      -1.8969802       -1.8969802       -12730.42                                                       -12730.42
              1      -6365.5537      0.28198095      -0.7089977       -0.7089977      -12729.689                                                      -12729.689
              3      -6365.2968      0.28071088     -0.51338399      -0.51338399      -12729.567                                                      -12729.567
              1      -6368.6313       0.3065067       -3.080494        -3.080494      -12731.102                                                      -12731.102
              2      -6368.4986      0.30429006      -2.9760493       -2.9760493      -12731.045                                                      -12731.045
              2      -6367.7624      0.29612372      -2.4028414       -2.4028414      -12730.719                                                      -12730.719
              1      -6368.7335      0.30867242      -3.1614478       -3.1614478      -12731.144                                                      -12731.144
              5      -6368.7977      0.32108448      -3.2233178       -3.2233178      -12731.149                                                      -12731.149
              1      -6368.8109      0.32063126      -3.2331031       -3.2331031      -12731.156                                                      -12731.156
              3       -6367.926      0.33404804      -2.5569185       -2.5569185      -12730.738                                                      -12730.738
              2      -6367.6325      0.33668447      -2.3299949       -2.3299949      -12730.605                                                      -12730.605
              1      -6367.5213      0.33759908      -2.2440549       -2.2440549      -12730.555                                                      -12730.555
              1      -6368.0313      0.33300719      -2.6380012       -2.6380012      -12730.787                                                      -12730.787
              3      -6368.8663      0.31783529      -3.2732814       -3.2732814      -12731.186                                                      -12731.186
              3      -6368.7181      0.32326204      -3.1635726       -3.1635726      -12731.109                                                      -12731.109
              1      -6368.7071      0.30805672      -3.1405539       -3.1405539      -12731.133                                                      -12731.133
              1      -6368.8742      0.31699541      -3.2785647       -3.2785647      -12731.191                                                      -12731.191
              5       -6368.863      0.31809348      -3.2710273       -3.2710273      -12731.184                                                      -12731.184
              1      -6367.4521      0.29357295      -2.1630501       -2.1630501      -12730.578                                                      -12730.578
              1      -6368.8311      0.31984066      -3.2479873       -3.2479873      -12731.166                                                      -12731.166
              4      -6367.8616      0.29701451      -2.4797692       -2.4797692      -12730.764                                                      -12730.764
              1      -6367.8617      0.29701535      -2.4798402       -2.4798402      -12730.764                                                      -12730.764
              1      -6367.9064      0.29743077      -2.5145081       -2.5145081      -12730.784                                                      -12730.784
              1      -6365.5372      0.35006975     -0.70132677      -0.70132677      -12729.672                                                      -12729.672
              3      -6365.2726      0.35140684     -0.49489092      -0.49489092      -12729.555                                                      -12729.555
              1      -6367.5868      0.33706575      -2.2946206       -2.2946206      -12730.584                                                      -12730.584
              1      -6367.6446      0.33658192      -2.3393986       -2.3393986       -12730.61                                                       -12730.61
              1      -6368.3963       0.3287675      -2.9185244       -2.9185244      -12730.956                                                      -12730.956
              1      -6368.8338      0.31972245       -3.249974        -3.249974      -12731.168                                                      -12731.168
              1      -6368.8419      0.31934564      -3.2558926       -3.2558926      -12731.172                                                      -12731.172
              3      -6368.5539      0.30515817       -3.019555        -3.019555      -12731.069                                                      -12731.069
              1      -6368.2163      0.30062329      -2.7553371       -2.7553371      -12730.922                                                      -12730.922
              2       -6368.785      0.31007215       -3.202679        -3.202679      -12731.165                                                      -12731.165
              1      -6368.8773      0.31640499      -3.2804021       -3.2804021      -12731.194                                                      -12731.194
              1      -6368.8739      0.31703488      -3.2783866       -3.2783866      -12731.191                                                      -12731.191
              1      -6368.6955      0.32377157      -3.1465504       -3.1465504      -12731.098                                                      -12731.098
              2      -6368.6858      0.32398137      -3.1392059       -3.1392059      -12731.093                                                      -12731.093
              4      -6368.6867      0.32396351      -3.1398388       -3.1398388      -12731.094                                                      -12731.094
              5       -6368.872      0.31427369       -3.274144        -3.274144      -12731.196                                                      -12731.196
              1      -6368.3197       0.3297642      -2.8597595       -2.8597595       -12730.92                                                       -12730.92
              4      -6368.4027      0.32868033      -2.9234537       -2.9234537      -12730.959                                                      -12730.959
              1       -6367.952      0.33379669      -2.5769395       -2.5769395       -12730.75                                                       -12730.75
              1       -6366.563      0.34430555      -1.5003129       -1.5003129      -12730.125                                                      -12730.125
              2       -6368.251      0.30102527      -2.7824495       -2.7824495      -12730.937                                                      -12730.937
              2      -6367.9621      0.29796173      -2.5577014       -2.5577014      -12730.809                                                      -12730.809
              3      -6368.5278      0.32685261       -3.019035        -3.019035      -12731.017                                                      -12731.017
              1      -6368.7999      0.32101263        -3.22493         -3.22493       -12731.15                                                       -12731.15
              1      -6368.8601      0.31830529      -3.2689568       -3.2689568      -12731.182                                                      -12731.182
              1      -6368.3042       0.3299563      -2.8479261       -2.8479261      -12730.913                                                      -12730.913
              1      -6368.8447       0.3192056      -3.2579312       -3.2579312      -12731.174                                                      -12731.174
              1      -6368.7745      0.32180177      -3.2059653       -3.2059653      -12731.137                                                      -12731.137
              1      -6368.8755      0.31678882      -3.2793838       -3.2793838      -12731.192                                                      -12731.192
              2      -6368.8136       0.3205324      -3.2351162       -3.2351162      -12731.157                                                      -12731.157
              1      -6368.4137      0.30307524      -2.9095457       -2.9095457      -12731.008                                                      -12731.008
              2      -6367.5963      0.29471954      -2.2744159       -2.2744159      -12730.644                                                      -12730.644
              2      -6368.8784       0.3157734      -3.2806524       -3.2806524      -12731.196                                                      -12731.196
              1      -6367.2908      0.33938628      -2.0653926       -2.0653926      -12730.451                                                      -12730.451
              2      -6367.7778       0.3354235      -2.4423834       -2.4423834      -12730.671                                                      -12730.671
              1      -6368.1626      0.30002272      -2.7134923       -2.7134923      -12730.898                                                      -12730.898
              1      -6368.7224      0.30840717      -3.1526531       -3.1526531      -12731.139                                                      -12731.139
              2      -6368.7165      0.30827119      -3.1480233       -3.1480233      -12731.137                                                      -12731.137
              2      -6368.8756      0.31478646      -3.2774939       -3.2774939      -12731.196                                                      -12731.196
              1      -6368.7482      0.32252268      -3.1862214       -3.1862214      -12731.124                                                      -12731.124
              1      -6368.6136      0.32539966      -3.0844251       -3.0844251      -12731.058                                                      -12731.058
              1      -6368.6751      0.32420762      -3.1310664       -3.1310664      -12731.088                                                      -12731.088
              1      -6368.8675      0.31382069      -3.2702123       -3.2702123      -12731.195                                                      -12731.195
              1      -6368.8681      0.31767671      -3.2745191       -3.2745191      -12731.187                                                      -12731.187
              1      -6367.7237      0.33590259      -2.4005155       -2.4005155      -12730.646                                                      -12730.646
              1      -6367.8096      0.33513723      -2.4669142       -2.4669142      -12730.685                                                      -12730.685
              1      -6366.9816      0.34158985      -1.8255655       -1.8255655      -12730.312                                                      -12730.312
              1      -6364.9033      0.27885532     -0.21470662      -0.21470662      -12729.377                                                      -12729.377
              1      -6365.8163      0.28332984     -0.90890199      -0.90890199      -12729.815                                                      -12729.815
              1      -6365.1405      0.27996201     -0.39468565      -0.39468565      -12729.492                                                      -12729.492
              2      -6364.4891      0.27700103     0.099055421      0.099055421      -12729.176                                                      -12729.176
              2      -6365.2926      0.28069055     -0.51019411      -0.51019411      -12729.565                                                      -12729.565
              1      -6367.0443      0.29061719      -1.8490172       -1.8490172      -12730.391                                                      -12730.391
              1       -6368.806      0.32080504      -3.2294589       -3.2294589      -12731.153                                                      -12731.153
              3      -6368.6691      0.32433093      -3.1265347       -3.1265347      -12731.085                                                      -12731.085
              1       -6368.791       0.3213018       -3.218302        -3.218302      -12731.145                                                      -12731.145
              1      -6368.7142      0.30821697      -3.1461542       -3.1461542      -12731.136                                                      -12731.136
              1      -6368.2227      0.33093214      -2.7852804       -2.7852804      -12730.875                                                      -12730.875
              1      -6368.7415       0.3088733      -3.1679002       -3.1679002      -12731.147                                                      -12731.147
              1      -6368.6741      0.30734634      -3.1143535       -3.1143535      -12731.119                                                      -12731.119
              2      -6365.9717      0.34775409      -1.0400504       -1.0400504      -12729.863                                                      -12729.863
              1      -6367.3652       0.3388251      -2.1230213       -2.1230213      -12730.484                                                      -12730.484
              1       -6368.521      0.32695908      -3.0138747       -3.0138747      -12731.014                                                      -12731.014
              1      -6368.8771      0.31646383      -3.2802885       -3.2802885      -12731.194                                                      -12731.194
              1      -6368.1131      0.29948981      -2.6750194       -2.6750194      -12730.876                                                      -12730.876
              2      -6368.8782       0.3160539      -3.2807601       -3.2807601      -12731.195                                                      -12731.195
              2      -6368.8406      0.31940705       -3.254971        -3.254971      -12731.171                                                      -12731.171
              2      -6368.8721      0.31726302      -3.2772216       -3.2772216       -12731.19                                                       -12731.19
              2      -6368.6504      0.30687201      -3.0956106       -3.0956106       -12731.11                                                       -12731.11
              2      -6367.6861      0.29546677      -2.3438472       -2.3438472      -12730.685                                                      -12730.685
              2      -6368.7682      0.30958081      -3.1891976       -3.1891976      -12731.158                                                      -12731.158
              1      -6368.8763      0.31663446       -3.279872        -3.279872      -12731.193                                                      -12731.193
              3      -6368.3663      0.30244498      -2.8724587       -2.8724587      -12730.988                                                      -12730.988
              2      -6368.0967      0.29931681      -2.6622583       -2.6622583      -12730.869                                                      -12730.869
              1      -6368.1231      0.29959573      -2.6827662       -2.6827662      -12730.881                                                      -12730.881
              2      -6368.6648      0.30715602      -3.1069532       -3.1069532      -12731.116                                                      -12731.116
              2      -6368.7602      0.30936101      -3.1828193       -3.1828193      -12731.155                                                      -12731.155
              4      -6368.6336      0.30654972      -3.0823047       -3.0823047      -12731.103                                                      -12731.103
              1      -6368.6322      0.32505596      -3.0985213       -3.0985213      -12731.067                                                      -12731.067
              2       -6368.841      0.31939212      -3.2551966       -3.2551966      -12731.172                                                      -12731.172
              1      -6368.7155       0.3233232      -3.1615904       -3.1615904      -12731.108                                                      -12731.108
              1      -6368.5521      0.32646017      -3.0376219       -3.0376219      -12731.029                                                      -12731.029
              1      -6367.6033      0.33692838      -2.3074395       -2.3074395      -12730.592                                                      -12730.592
              1      -6367.5979       0.3369734      -2.3032472       -2.3032472      -12730.589                                                      -12730.589
              1      -6368.6214      0.32525667      -3.0903533       -3.0903533      -12731.062                                                      -12731.062
              3      -6368.7917      0.32127959      -3.2188242       -3.2188242      -12731.146                                                      -12731.146
              2      -6368.6015      0.32561695      -3.0752429       -3.0752429      -12731.053                                                      -12731.053
              1      -6368.1346      0.33192023      -2.7175357       -2.7175357      -12730.834                                                      -12730.834
              2      -6368.4009      0.32870518       -2.922052        -2.922052      -12730.958                                                      -12730.958
              1      -6368.6208       0.3063122      -3.0722033       -3.0722033      -12731.097                                                      -12731.097
              1      -6368.2362      0.30085185      -2.7708411       -2.7708411      -12730.931                                                      -12730.931
              1      -6368.7358      0.30873068      -3.1633376       -3.1633376      -12731.145                                                      -12731.145
              1      -6368.3881      0.32887729      -2.9122672       -2.9122672      -12730.952                                                      -12730.952
              3      -6368.4189      0.32845809      -2.9358687       -2.9358687      -12730.966                                                      -12730.966
              1      -6368.4488       0.3035625      -2.9370081       -2.9370081      -12731.024                                                      -12731.024
              4      -6368.8763      0.31664431       -3.279844        -3.279844      -12731.193                                                      -12731.193
              1      -6368.8783      0.31597791      -3.2807655       -3.2807655      -12731.195                                                      -12731.195
              1      -6368.7845      0.32150495      -3.2134232       -3.2134232      -12731.142                                                      -12731.142
              2      -6367.6819      0.33626405       -2.368252        -2.368252      -12730.627                                                      -12730.627
              1       -6366.253      0.34616213      -1.2590912       -1.2590912      -12729.988                                                      -12729.988
              2      -6366.1039      0.34701621      -1.1429769       -1.1429769      -12729.922                                                      -12729.922
              2      -6368.3199      0.32976155      -2.8599218       -2.8599218       -12730.92                                                       -12730.92
              3      -6368.8677      0.31384205      -3.2704182       -3.2704182      -12731.195                                                      -12731.195
              1      -6368.3838      0.32893506      -2.9089538       -2.9089538       -12730.95                                                       -12730.95
              2      -6367.8956      0.33433932      -2.5333655       -2.5333655      -12730.724                                                      -12730.724
              1       -6366.678       0.3435854      -1.5897571       -1.5897571      -12730.176                                                      -12730.176
              2      -6368.5711      0.32614466      -3.0520685       -3.0520685      -12731.038                                                      -12731.038
              2       -6367.876      0.33452399      -2.5182368       -2.5182368      -12730.716                                                      -12730.716
              1      -6368.8276      0.31998886      -3.2454087       -3.2454087      -12731.164                                                      -12731.164
              1      -6368.5482      0.32652422      -3.0346349       -3.0346349      -12731.027                                                      -12731.027
              1      -6368.8537      0.31870976      -3.2644492       -3.2644492      -12731.179                                                      -12731.179
              2      -6368.5997      0.30593385      -3.0555946       -3.0555946      -12731.088                                                      -12731.088
              1      -6367.7248      0.29579764      -2.3737995       -2.3737995      -12730.702                                                      -12730.702
              7      -6368.4002      0.30289176      -2.8989313       -2.8989313      -12731.002                                                      -12731.002
              3      -6367.9676      0.29801421      -2.5619032       -2.5619032      -12730.811                                                      -12730.811
              2      -6368.8763      0.31491043      -3.2781284       -3.2781284      -12731.196                                                      -12731.196
              1      -6368.8712      0.31736546      -3.2766233       -3.2766233      -12731.189                                                      -12731.189
              1      -6368.6397      0.32491344      -3.1042123       -3.1042123      -12731.071                                                      -12731.071
              2      -6368.6874      0.32394689      -3.1404263       -3.1404263      -12731.094                                                      -12731.094
              2      -6368.6466      0.32477953      -3.1094773       -3.1094773      -12731.074                                                      -12731.074
              2       -6368.868      0.31768246      -3.2744762       -3.2744762      -12731.187                                                      -12731.187
              3      -6367.9557      0.33376092      -2.5797655       -2.5797655      -12730.752                                                      -12730.752
              1      -6368.6708       0.3242952      -3.1278547       -3.1278547      -12731.086                                                      -12731.086
              2      -6367.9911      0.29824507      -2.5802387       -2.5802387      -12730.822                                                      -12730.822
              1       -6367.791      0.29637756      -2.4251218       -2.4251218      -12730.732                                                      -12730.732
              2        -6368.86      0.31831231      -3.2688848       -3.2688848      -12731.182                                                      -12731.182
              1      -6367.5173      0.29408332       -2.213342        -2.213342      -12730.608                                                      -12730.608
              1      -6368.5656      0.30534964      -3.0286994       -3.0286994      -12731.074                                                      -12731.074
              4      -6368.7169      0.32329065      -3.1626475       -3.1626475      -12731.108                                                      -12731.108
              2      -6368.5945      0.32574179       -3.069872        -3.069872      -12731.049                                                      -12731.049
              3      -6368.6562      0.30698558      -3.1001892       -3.1001892      -12731.112                                                      -12731.112
              1      -6368.8739       0.3145222      -3.2759135       -3.2759135      -12731.196                                                      -12731.196
              1      -6368.2376      0.30086826      -2.7719456       -2.7719456      -12730.931                                                      -12730.931
              1      -6368.5187      0.32699506      -3.0121189       -3.0121189      -12731.013                                                      -12731.013
              1      -6368.2906      0.30149581       -2.813274        -2.813274      -12730.955                                                      -12730.955
              1      -6368.4244      0.30322144      -2.9178961       -2.9178961      -12731.013                                                      -12731.013
              1      -6368.3491      0.30222309      -2.8589817       -2.8589817       -12730.98                                                       -12730.98
              4      -6368.8757      0.31478966      -3.2775112       -3.2775112      -12731.196                                                      -12731.196
              2      -6368.7345       0.3086988      -3.1623055       -3.1623055      -12731.144                                                      -12731.144
              1      -6368.8508      0.31887922      -3.2623445       -3.2623445      -12731.177                                                      -12731.177
              1      -6368.8059      0.32080727      -3.2294114       -3.2294114      -12731.153                                                      -12731.153
              2      -6368.7411      0.32270342       -3.180909        -3.180909       -12731.12                                                       -12731.12
              2      -6368.7052      0.30801321      -3.1390135       -3.1390135      -12731.132                                                      -12731.132
              2      -6368.3368       0.3020669      -2.8493637       -2.8493637      -12730.975                                                      -12730.975
              3      -6368.8627       0.3134358      -3.2661552       -3.2661552      -12731.193                                                      -12731.193
              2      -6368.8715      0.31732691      -3.2768539       -3.2768539      -12731.189                                                      -12731.189
              1       -6368.585      0.32590763      -3.0626308       -3.0626308      -12731.045                                                      -12731.045
              1       -6368.374      0.32906495      -2.9014489       -2.9014489      -12730.945                                                      -12730.945
              1      -6368.7038      0.30798206      -3.1379056       -3.1379056      -12731.132                                                      -12731.132
              2      -6368.8125      0.31098305      -3.2248337       -3.2248337      -12731.175                                                      -12731.175
              2      -6368.8737      0.31705685      -3.2782845       -3.2782845      -12731.191                                                      -12731.191
              1      -6368.6334      0.32503238       -3.099469        -3.099469      -12731.068                                                      -12731.068
              1      -6368.3999      0.30288802      -2.8987131       -2.8987131      -12731.002                                                      -12731.002
              3      -6366.7039      0.28839657      -1.5875452       -1.5875452      -12730.233                                                      -12730.233
              1      -6368.8777       0.3162917      -3.2805775       -3.2805775      -12731.194                                                      -12731.194
              1      -6368.7773      0.30984237      -3.1965078       -3.1965078      -12731.162                                                      -12731.162
              1      -6367.0967      0.34079169      -1.9149269       -1.9149269      -12730.364                                                      -12730.364
              2       -6367.601      0.33694798       -2.305616        -2.305616      -12730.591                                                      -12730.591
              1      -6367.7514      0.33565888       -2.421941        -2.421941      -12730.659                                                      -12730.659
              1      -6368.8539      0.31870268      -3.2645343       -3.2645343      -12731.179                                                      -12731.179
              1      -6368.4499      0.30357823      -2.9378768       -2.9378768      -12731.024                                                      -12731.024
              1      -6368.1489       0.2998741      -2.7028898       -2.7028898      -12730.892                                                      -12730.892
              1        -6368.82      0.32029365       -3.239799        -3.239799       -12731.16                                                       -12731.16
              1      -6368.7279      0.32303027       -3.170934        -3.170934      -12731.114                                                      -12731.114
              4      -6368.6147       0.3253793       -3.085275        -3.085275      -12731.059                                                      -12731.059
              1      -6368.8404      0.31942102       -3.254759        -3.254759      -12731.171                                                      -12731.171
              4      -6368.7741      0.32181141      -3.2057165       -3.2057165      -12731.137                                                      -12731.137
              1      -6368.8742      0.31456553      -3.2761939       -3.2761939      -12731.196                                                      -12731.196
              1        -6368.81      0.31089306      -3.2228091       -3.2228091      -12731.174                                                      -12731.174
              1      -6368.8358        0.311923       -3.243829        -3.243829      -12731.184                                                      -12731.184
              1      -6368.2963      0.33005426      -2.8418283       -2.8418283      -12730.909                                                      -12730.909
              1       -6368.876      0.31484898      -3.2778225       -3.2778225      -12731.196                                                      -12731.196
              1      -6368.6793      0.32411879      -3.1342894       -3.1342894       -12731.09                                                       -12731.09
              1      -6367.4302      0.29340358      -2.1461041       -2.1461041      -12730.568                                                      -12730.568
              1      -6367.2851      0.29231659      -2.0343138       -2.0343138      -12730.502                                                      -12730.502
              1      -6368.0104      0.29843593      -2.5952183       -2.5952183       -12730.83                                                       -12730.83
              3      -6366.7961      0.28897888       -1.658231        -1.658231      -12730.276                                                      -12730.276
              2      -6368.5057      0.32719609      -3.0022058       -3.0022058      -12731.007                                                      -12731.007
              1      -6368.2721      0.30127385      -2.7988565       -2.7988565      -12730.946                                                      -12730.946
