#        weight    minuslogpost         Omega_m   minuslogprior minuslogprior__0            chi2 chi2__functions_and_classes.SO_x_DESI_Likelihood_sigma8_version
              1      -6368.8781      0.31541872      -3.2800157       -3.2800157      -12731.196                                                      -12731.196
              1      -6368.8773      0.31515175      -3.2791676       -3.2791676      -12731.196                                                      -12731.196
              1      -6368.8742      0.31699728      -3.2785564       -3.2785564      -12731.191                                                      -12731.191
              1      -6368.8432      0.31928091      -3.2568457       -3.2568457      -12731.173                                                      -12731.173
              1       -6368.786      0.32145851      -3.2145546       -3.2145546      -12731.143                                                      -12731.143
              1      -6368.7078      0.32349784      -3.1558386       -3.1558386      -12731.104                                                      -12731.104
              2      -6368.6858      0.32398257      -3.1391634       -3.1391634      -12731.093                                                      -12731.093
              1      -6368.6941       0.3238026      -3.1454764       -3.1454764      -12731.097                                                      -12731.097
              1      -6368.6793       0.3241204      -3.1342312       -3.1342312       -12731.09                                                       -12731.09
              1      -6368.7639      0.32210067      -3.1980595       -3.1980595      -12731.132                                                      -12731.132
              1      -6368.7913      0.32129331      -3.2185018       -3.2185018      -12731.146                                                      -12731.146
              1      -6368.7073      0.32350853      -3.1554819       -3.1554819      -12731.104                                                      -12731.104
              1      -6368.5971      0.32569533      -3.0718791       -3.0718791       -12731.05                                                       -12731.05
              1      -6368.6103      0.32545989      -3.0819008       -3.0819008      -12731.057                                                      -12731.057
              1      -6368.6754      0.32420149      -3.1312899       -3.1312899      -12731.088                                                      -12731.088
              1      -6368.6574      0.32456756      -3.1176487       -3.1176487      -12731.079                                                      -12731.079
              1      -6368.6878       0.3239391      -3.1407012       -3.1407012      -12731.094                                                      -12731.094
              1      -6368.7081      0.32349194      -3.1560351       -3.1560351      -12731.104                                                      -12731.104
              1      -6368.5843      0.32591981       -3.062094        -3.062094      -12731.044                                                      -12731.044
              1      -6368.3912      0.32883641      -2.9146036       -2.9146036      -12730.953                                                      -12730.953
              1      -6368.3995      0.32872366      -2.9210074       -2.9210074      -12730.957                                                      -12730.957
              1      -6368.2658      0.33042482      -2.8183768       -2.8183768      -12730.895                                                      -12730.895
              1      -6368.3874        0.328887      -2.9117117       -2.9117117      -12730.951                                                      -12730.951
              1      -6368.3497      0.32938224      -2.8828011       -2.8828011      -12730.934                                                      -12730.934
              1      -6368.0533      0.33278181      -2.6549242       -2.6549242      -12730.797                                                      -12730.797
              1       -6367.991        0.333413      -2.6069612       -2.6069612      -12730.768                                                      -12730.768
              1      -6367.9623       0.3336962      -2.5848652       -2.5848652      -12730.755                                                      -12730.755
              1      -6367.8116      0.33512003      -2.4683764       -2.4683764      -12730.686                                                      -12730.686
              1      -6367.8919      0.33437407      -2.5305298       -2.5305298      -12730.723                                                      -12730.723
              1      -6367.9736      0.33358551      -2.5935439       -2.5935439       -12730.76                                                       -12730.76
              1      -6367.8486      0.33477987      -2.4970257       -2.4970257      -12730.703                                                      -12730.703
              1      -6368.1214      0.33206333      -2.7073652       -2.7073652      -12730.828                                                      -12730.828
              1      -6368.1741      0.33148496       -2.747913        -2.747913      -12730.852                                                      -12730.852
              1      -6368.0482      0.33283336      -2.6510731       -2.6510731      -12730.794                                                      -12730.794
              1      -6367.9102      0.33420039      -2.5446459       -2.5446459      -12730.731                                                      -12730.731
              1      -6368.3869       0.3288937      -2.9113279       -2.9113279      -12730.951                                                      -12730.951
              1      -6368.4885      0.32745772      -2.9890348       -2.9890348      -12730.999                                                      -12730.999
              1      -6368.5293      0.32682817      -3.0202125       -3.0202125      -12731.018                                                      -12731.018
              1       -6368.476      0.32764271      -2.9795384       -2.9795384      -12730.993                                                      -12730.993
              1      -6368.4776      0.32762008      -2.9807081       -2.9807081      -12730.994                                                      -12730.994
              1      -6368.4986      0.32730524       -2.996748        -2.996748      -12731.004                                                      -12731.004
              1      -6368.3861      0.32890399      -2.9107379       -2.9107379      -12730.951                                                      -12730.951
              1      -6368.2756      0.33030538      -2.8260023       -2.8260023      -12730.899                                                      -12730.899
              1      -6368.2127      0.33104684      -2.7776388       -2.7776388       -12730.87                                                       -12730.87
              1      -6368.4052      0.32864677      -2.9253428       -2.9253428       -12730.96                                                       -12730.96
              1       -6368.384      0.32893275      -2.9090867       -2.9090867       -12730.95                                                       -12730.95
              1      -6368.3549      0.32931462       -2.886813        -2.886813      -12730.936                                                      -12730.936
              1      -6368.5114      0.32710786      -3.0065785       -3.0065785       -12731.01                                                       -12731.01
              1      -6368.5094      0.32713921      -3.0050287       -3.0050287      -12731.009                                                      -12731.009
              1      -6368.4774      0.32762264      -2.9805761       -2.9805761      -12730.994                                                      -12730.994
              1      -6368.4184      0.32846592      -2.9354352       -2.9354352      -12730.966                                                      -12730.966
              1      -6368.6732      0.32424602      -3.1296625       -3.1296625      -12731.087                                                      -12731.087
              1      -6368.7396      0.32274106      -3.1797846       -3.1797846       -12731.12                                                       -12731.12
              1      -6368.6676      0.32436048      -3.1254386       -3.1254386      -12731.084                                                      -12731.084
              2      -6368.7433       0.3226492      -3.1825181       -3.1825181      -12731.122                                                      -12731.122
              1        -6368.78      0.32164049      -3.2100662       -3.2100662       -12731.14                                                       -12731.14
              1      -6368.7842      0.32151275      -3.2132323       -3.2132323      -12731.142                                                      -12731.142
              1      -6368.7509      0.32245276      -3.1882374       -3.1882374      -12731.125                                                      -12731.125
              1       -6368.842      0.31934083       -3.255964        -3.255964      -12731.172                                                      -12731.172
              1      -6368.8595       0.3183436       -3.268561        -3.268561      -12731.182                                                      -12731.182
              1      -6368.8736      0.31707805      -3.2781839       -3.2781839      -12731.191                                                      -12731.191
              1      -6368.8776      0.31523391      -3.2794623       -3.2794623      -12731.196                                                      -12731.196
              1      -6368.8784      0.31568716      -3.2805491       -3.2805491      -12731.196                                                      -12731.196
              1      -6368.8139      0.32052192      -3.2353272       -3.2353272      -12731.157                                                      -12731.157
              1      -6368.7497      0.32248235      -3.1873869       -3.1873869      -12731.125                                                      -12731.125
              1      -6368.8307       0.3198587      -3.2476786       -3.2476786      -12731.166                                                      -12731.166
              1      -6368.8464      0.31911697      -3.2591765       -3.2591765      -12731.175                                                      -12731.175
              1      -6368.8763       0.3166452      -3.2798415       -3.2798415      -12731.193                                                      -12731.193
              1      -6368.8692      0.31756667      -3.2753122       -3.2753122      -12731.188                                                      -12731.188
              1       -6368.877      0.31649507      -3.2802219       -3.2802219      -12731.193                                                      -12731.193
              1      -6368.8614       0.3133375      -3.2650134       -3.2650134      -12731.193                                                      -12731.193
              1      -6368.8686      0.31762649      -3.2748877       -3.2748877      -12731.187                                                      -12731.187
              1      -6368.8755      0.31475872      -3.2773426       -3.2773426      -12731.196                                                      -12731.196
              1       -6368.878      0.31539994      -3.2799664       -3.2799664      -12731.196                                                      -12731.196
              1      -6368.8777      0.31525338      -3.2795278       -3.2795278      -12731.196                                                      -12731.196
              1      -6368.8676       0.3138301      -3.2703033       -3.2703033      -12731.195                                                      -12731.195
              1      -6368.8729      0.31438788      -3.2749911       -3.2749911      -12731.196                                                      -12731.196
              1      -6368.8773      0.31514814       -3.279154        -3.279154      -12731.196                                                      -12731.196
              1      -6368.8512      0.31269219      -3.2564518       -3.2564518      -12731.189                                                      -12731.189
              1      -6368.8311        0.311715      -3.2399639       -3.2399639      -12731.182                                                      -12731.182
              1       -6368.325      0.30191918      -2.8401677       -2.8401677       -12730.97                                                       -12730.97
              1      -6368.2226      0.30069499      -2.7602258       -2.7602258      -12730.925                                                      -12730.925
              2      -6368.5804      0.30559865      -3.0403487       -3.0403487       -12731.08                                                       -12731.08
              1      -6368.6272      0.30643112      -3.0772921       -3.0772921        -12731.1                                                        -12731.1
              1      -6368.5034      0.30436365      -2.9798674       -2.9798674      -12731.047                                                      -12731.047
              1       -6368.809      0.32069798      -3.2317198       -3.2317198      -12731.155                                                      -12731.155
              1       -6368.846      0.31914077      -3.2588456       -3.2588456      -12731.174                                                      -12731.174
              1      -6368.7639      0.32210217      -3.1980189       -3.1980189      -12731.132                                                      -12731.132
              1      -6368.8303      0.31987399      -3.2474159       -3.2474159      -12731.166                                                      -12731.166
              1      -6368.8718       0.3173003      -3.2770093       -3.2770093       -12731.19                                                       -12731.19
              1      -6368.8676      0.31771972      -3.2741944       -3.2741944      -12731.187                                                      -12731.187
              1      -6368.8781      0.31545399       -3.280104        -3.280104      -12731.196                                                      -12731.196
              1      -6368.8614       0.3133373       -3.265011        -3.265011      -12731.193                                                      -12731.193
              1      -6368.7908      0.32130722      -3.2181742       -3.2181742      -12731.145                                                      -12731.145
              1      -6368.7454      0.32259334      -3.1841618       -3.1841618      -12731.123                                                      -12731.123
              1      -6368.6576      0.32456285      -3.1178278       -3.1178278       -12731.08                                                       -12731.08
              1      -6368.7566      0.30926255      -3.1798928       -3.1798928      -12731.153                                                      -12731.153
              2      -6368.8654      0.31790368      -3.2727132       -3.2727132      -12731.185                                                      -12731.185
              1      -6368.8572      0.31305717      -3.2615215       -3.2615215      -12731.191                                                      -12731.191
              1      -6368.8701      0.31406637      -3.2724578       -3.2724578      -12731.195                                                      -12731.195
              1      -6368.7365       0.3087482       -3.163903        -3.163903      -12731.145                                                      -12731.145
              1      -6368.3491      0.30222331      -2.8589949       -2.8589949       -12730.98                                                       -12730.98
              1        -6368.56      0.30525746      -3.0243173       -3.0243173      -12731.071                                                      -12731.071
              1       -6368.875      0.31467199      -3.2768474       -3.2768474      -12731.196                                                      -12731.196
              1      -6368.8126      0.31098597      -3.2248988       -3.2248988      -12731.175                                                      -12731.175
              1      -6368.8625      0.31341842      -3.2659564       -3.2659564      -12731.193                                                      -12731.193
              1      -6368.8744       0.3169615      -3.2787121       -3.2787121      -12731.191                                                      -12731.191
              1      -6367.8879       0.3344116      -2.5274618       -2.5274618      -12730.721                                                      -12730.721
              1      -6367.8886      0.33440518      -2.5279877       -2.5279877      -12730.721                                                      -12730.721
              1      -6368.0936      0.33235914      -2.6860524       -2.6860524      -12730.815                                                      -12730.815
              2      -6367.9397      0.33391662      -2.5674213       -2.5674213      -12730.745                                                      -12730.745
              1      -6368.6966      0.32374739      -3.1473844       -3.1473844      -12731.098                                                      -12731.098
              1      -6368.5375      0.32669691      -3.0264914       -3.0264914      -12731.022                                                      -12731.022
              1      -6368.6562      0.32459052      -3.1167733       -3.1167733      -12731.079                                                      -12731.079
              2      -6368.7516       0.3224337      -3.1887832       -3.1887832      -12731.126                                                      -12731.126
              1      -6368.7369      0.30875832       -3.164229        -3.164229      -12731.145                                                      -12731.145
              2      -6368.3833      0.30266652      -2.8856964       -2.8856964      -12730.995                                                      -12730.995
              1      -6368.8474      0.31906646      -3.2598706       -3.2598706      -12731.175                                                      -12731.175
              1      -6368.8004      0.32099539      -3.2253135       -3.2253135       -12731.15                                                       -12731.15
              1      -6368.8655      0.31789679      -3.2727714       -3.2727714      -12731.186                                                      -12731.186
              1      -6368.7852      0.32148115      -3.2140043       -3.2140043      -12731.142                                                      -12731.142
              2      -6367.9568      0.33375025      -2.5806083       -2.5806083      -12730.752                                                      -12730.752
              2      -6368.5805      0.32598391       -3.059259        -3.059259      -12731.043                                                      -12731.043
              1      -6368.4072       0.3029871      -2.9044652       -2.9044652      -12731.006                                                      -12731.006
              1      -6368.8611      0.31823188       -3.269697        -3.269697      -12731.183                                                      -12731.183
              1      -6368.6946      0.32379223      -3.1458358       -3.1458358      -12731.098                                                      -12731.098
              1      -6368.7844      0.32150811      -3.2133459       -3.2133459      -12731.142                                                      -12731.142
              3      -6368.1559      0.33168642      -2.7339584       -2.7339584      -12730.844                                                      -12730.844
              6      -6368.6587      0.32454183      -3.1186268       -3.1186268       -12731.08                                                       -12731.08
              1      -6368.4146      0.32851781       -2.932554        -2.932554      -12730.964                                                      -12730.964
              1      -6368.1293      0.33197755      -2.7134728       -2.7134728      -12730.832                                                      -12730.832
              1      -6368.8597      0.31322131      -3.2636085       -3.2636085      -12731.192                                                      -12731.192
              1      -6368.8544       0.3186676      -3.2649531       -3.2649531      -12731.179                                                      -12731.179
              1      -6368.6614      0.32448667      -3.1207141       -3.1207141      -12731.081                                                      -12731.081
              1      -6368.5872      0.32586875      -3.0643394       -3.0643394      -12731.046                                                      -12731.046
              1      -6368.8369      0.31197317      -3.2447324       -3.2447324      -12731.184                                                      -12731.184
              1      -6368.8487      0.31255821      -3.2544423       -3.2544423      -12731.189                                                      -12731.189
              2      -6368.6031      0.30599342      -3.0582517       -3.0582517       -12731.09                                                       -12731.09
              2      -6368.8612      0.31822726      -3.2697428       -3.2697428      -12731.183                                                      -12731.183
              1      -6368.7483      0.30904703      -3.1733359       -3.1733359       -12731.15                                                       -12731.15
              1      -6368.8335      0.31973404       -3.249782        -3.249782      -12731.168                                                      -12731.168
              1      -6368.8763      0.31663596      -3.2798678       -3.2798678      -12731.193                                                      -12731.193
              2       -6368.878      0.31615183      -3.2807153       -3.2807153      -12731.195                                                      -12731.195
              2      -6368.8651      0.31792909      -3.2724968       -3.2724968      -12731.185                                                      -12731.185
              1      -6368.8547      0.31864871      -3.2651762       -3.2651762      -12731.179                                                      -12731.179
              1      -6368.8188      0.32033672      -3.2389728       -3.2389728       -12731.16                                                       -12731.16
              1      -6368.6274      0.32514516      -3.0949132       -3.0949132      -12731.065                                                      -12731.065
              1      -6368.6432      0.32484586      -3.1068793       -3.1068793      -12731.073                                                      -12731.073
              1      -6368.8697      0.31752068      -3.2756277       -3.2756277      -12731.188                                                      -12731.188
              1      -6368.8349      0.31967593      -3.2507389       -3.2507389      -12731.168                                                      -12731.168
              1      -6368.6505      0.30687375       -3.095681        -3.095681       -12731.11                                                       -12731.11
              2      -6368.4415      0.30345997      -2.9313171       -2.9313171       -12731.02                                                       -12731.02
              1      -6367.5013       0.2939572      -2.2010221       -2.2010221      -12730.601                                                      -12730.601
              1      -6368.3677       0.3024639      -2.8735976       -2.8735976      -12730.988                                                      -12730.988
              1       -6368.744      0.32263103      -3.1830542       -3.1830542      -12731.122                                                      -12731.122
              1      -6368.5729      0.32611371      -3.0534619       -3.0534619      -12731.039                                                      -12731.039
              3      -6368.8675      0.31381822      -3.2701884       -3.2701884      -12731.195                                                      -12731.195
              1      -6368.8768       0.3165394        -3.28012         -3.28012      -12731.193                                                      -12731.193
              1      -6368.2097      0.30054889        -2.75024         -2.75024      -12730.919                                                      -12730.919
              2      -6368.2432      0.30093324      -2.7763061       -2.7763061      -12730.934                                                      -12730.934
              1      -6368.1152      0.29951247      -2.6766809       -2.6766809      -12730.877                                                      -12730.877
              1      -6368.2865      0.30144692      -2.8101173       -2.8101173      -12730.953                                                      -12730.953
              1      -6368.4129      0.30306325      -2.9088565       -2.9088565      -12731.008                                                      -12731.008
              2      -6368.8383      0.31203458      -3.2458231       -3.2458231      -12731.185                                                      -12731.185
              2      -6368.8656      0.31366005       -3.268599        -3.268599      -12731.194                                                      -12731.194
              1      -6368.6356      0.32499141      -3.1011101       -3.1011101      -12731.069                                                      -12731.069
              1      -6368.8539      0.31869963       -3.264571        -3.264571      -12731.179                                                      -12731.179
              4      -6367.9439      0.29778609      -2.5435524       -2.5435524      -12730.801                                                      -12730.801
              1      -6367.8858      0.29723797      -2.4985137       -2.4985137      -12730.775                                                      -12730.775
              1      -6368.4885      0.30413956      -2.9681666       -2.9681666      -12731.041                                                      -12731.041
              2      -6368.6361      0.32498163      -3.1015005       -3.1015005      -12731.069                                                      -12731.069
              1      -6368.3615       0.3023823      -2.8686737       -2.8686737      -12730.986                                                      -12730.986
              1      -6368.4699      0.30386514      -2.9535338       -2.9535338      -12731.033                                                      -12731.033
              1      -6366.8441      0.28928755       -1.695089        -1.695089      -12730.298                                                      -12730.298
              1      -6368.3526      0.30226839      -2.8617507       -2.8617507      -12730.982                                                      -12730.982
              2      -6368.1507      0.29989277      -2.7042268       -2.7042268      -12730.893                                                      -12730.893
              1      -6368.8556      0.31859913      -3.2657544       -3.2657544       -12731.18                                                       -12731.18
              1      -6368.8316       0.3117367      -3.2403761       -3.2403761      -12731.182                                                      -12731.182
              1      -6368.7094      0.32346175      -3.1570381       -3.1570381      -12731.105                                                      -12731.105
              1      -6368.7993      0.32103099      -3.2245203       -3.2245203       -12731.15                                                       -12731.15
              1      -6368.7467      0.30900462      -3.1720213       -3.1720213      -12731.149                                                      -12731.149
              3      -6368.6011      0.30595887      -3.0567126       -3.0567126      -12731.089                                                      -12731.089
              1      -6368.7528      0.32240078      -3.1897221       -3.1897221      -12731.126                                                      -12731.126
              1      -6368.1597        0.331645      -2.7368423       -2.7368423      -12730.846                                                      -12730.846
              2      -6368.2163       0.3310052        -2.78042         -2.78042      -12730.872                                                      -12730.872
              1      -6368.4198      0.32844603      -2.9365364       -2.9365364      -12730.967                                                      -12730.967
              1      -6368.1805      0.33141317      -2.7528427       -2.7528427      -12730.855                                                      -12730.855
              1       -6368.635      0.30657711      -3.0834537       -3.0834537      -12731.103                                                      -12731.103
              2      -6368.8777      0.31627328      -3.2806006       -3.2806006      -12731.194                                                      -12731.194
              1      -6367.8462       0.2968734      -2.4678183       -2.4678183      -12730.757                                                      -12730.757
              1      -6368.3442      0.30216146      -2.8551994       -2.8551994      -12730.978                                                      -12730.978
              1      -6368.7277      0.30853237      -3.1568432       -3.1568432      -12731.142                                                      -12731.142
              1       -6368.873      0.31715435      -3.2778054       -3.2778054       -12731.19                                                       -12731.19
              1      -6368.1953      0.33124584      -2.7642429       -2.7642429      -12730.862                                                      -12730.862
              1      -6368.6496      0.32472087      -3.1117587       -3.1117587      -12731.076                                                      -12731.076
              1      -6368.1064      0.33222304      -2.6959065       -2.6959065      -12730.821                                                      -12730.821
              2      -6366.4824      0.34479942       -1.437641        -1.437641       -12730.09                                                       -12730.09
              3      -6366.6792      0.34357735      -1.5907437       -1.5907437      -12730.177                                                      -12730.177
              1      -6367.1037       0.3407425      -1.9203419       -1.9203419      -12730.367                                                      -12730.367
              1       -6367.947        0.333846      -2.5730341       -2.5730341      -12730.748                                                      -12730.748
              4      -6368.8773      0.31639199      -3.2804251       -3.2804251      -12731.194                                                      -12731.194
              1      -6368.2742      0.30129904       -2.800504        -2.800504      -12730.947                                                      -12730.947
              2      -6368.5073      0.30442221      -2.9828883       -2.9828883      -12731.049                                                      -12731.049
              2      -6368.2063      0.30051037      -2.7475921       -2.7475921      -12730.918                                                      -12730.918
              2      -6368.1641      0.30003935      -2.7146721       -2.7146721      -12730.899                                                      -12730.899
              1      -6368.8741      0.31454268       -3.276047        -3.276047      -12731.196                                                      -12731.196
              3      -6368.8784       0.3159167      -3.2807511       -3.2807511      -12731.195                                                      -12731.195
              3      -6368.8718      0.31729468      -3.2770417       -3.2770417       -12731.19                                                       -12731.19
              1      -6366.4446      0.28682209      -1.3888764       -1.3888764      -12730.112                                                      -12730.112
              1       -6367.753      0.29604186      -2.3955943       -2.3955943      -12730.715                                                      -12730.715
              4      -6367.9626      0.29796616      -2.5580572       -2.5580572      -12730.809                                                      -12730.809
              1      -6368.4506      0.30358868      -2.9384534       -2.9384534      -12731.024                                                      -12731.024
              2      -6368.8736      0.31706775       -3.278233        -3.278233      -12731.191                                                      -12731.191
              1      -6368.8714      0.31733963      -3.2767785       -3.2767785      -12731.189                                                      -12731.189
              2      -6368.4893      0.30415085      -2.9687613       -2.9687613      -12731.041                                                      -12731.041
              2      -6368.8149      0.31107309      -3.2268234       -3.2268234      -12731.176                                                      -12731.176
              1      -6368.7821      0.30998378      -3.2003334       -3.2003334      -12731.164                                                      -12731.164
              2       -6368.864      0.31353469      -3.2672605       -3.2672605      -12731.194                                                      -12731.194
              2      -6362.6729      0.26977866        1.466816         1.466816       -12728.28                                                       -12728.28
              4      -6368.5529      0.30514147      -3.0187494       -3.0187494      -12731.068                                                      -12731.068
              4      -6367.7567      0.33561215      -2.4260186       -2.4260186      -12730.661                                                      -12730.661
              1      -6368.5618      0.30528748      -3.0257488       -3.0257488      -12731.072                                                      -12731.072
              2      -6368.7384      0.30879584      -3.1654334       -3.1654334      -12731.146                                                      -12731.146
              1       -6368.872      0.31427691      -3.2741687       -3.2741687      -12731.196                                                      -12731.196
              3      -6368.8675      0.31382366      -3.2702411       -3.2702411      -12731.195                                                      -12731.195
              2      -6368.8664      0.31782067      -3.2734002       -3.2734002      -12731.186                                                      -12731.186
              1       -6368.671      0.30728249      -3.1118888       -3.1118888      -12731.118                                                      -12731.118
              1      -6368.3271      0.30194576      -2.8418292       -2.8418292      -12730.971                                                      -12730.971
              1      -6367.8406      0.29682428      -2.4636372       -2.4636372      -12730.754                                                      -12730.754
              1      -6368.5569       0.3052071      -3.0219074       -3.0219074       -12731.07                                                       -12731.07
              1      -6368.8611      0.31823235      -3.2696924       -3.2696924      -12731.183                                                      -12731.183
              2      -6368.3169      0.32979928      -2.8576104       -2.8576104      -12730.918                                                      -12730.918
              1      -6366.8983      0.34215238      -1.7608841       -1.7608841      -12730.275                                                      -12730.275
