#        weight    minuslogpost         Omega_m   minuslogprior minuslogprior__0            chi2 chi2__original_functions_and_classes.SO_x_DESI_Likelihood
              2       28111.995       0.3130878      -2.7670157       -2.7670157       56229.523                                                 56229.523
              1       28111.148      0.31411894      -2.7693199       -2.7693199       56227.835                                                 56227.835
              1       28110.439      0.31608114      -2.7690058       -2.7690058       56226.415                                                 56226.415
              1       28110.513      0.31550555      -2.7697365       -2.7697365       56226.566                                                 56226.566
              2       28110.431      0.31638722      -2.7684014       -2.7684014       56226.399                                                 56226.399
              1       28111.129      0.31832151       -2.761115        -2.761115       56227.779                                                 56227.779
              2       28110.433      0.31613617      -2.7689082       -2.7689082       56226.403                                                 56226.403
              1       28110.445      0.31615435      -2.7688749       -2.7688749       56226.429                                                 56226.429
              1       28110.431      0.31606233      -2.7690381       -2.7690381       56226.399                                                 56226.399
              1       28110.719       0.3175781      -2.7646236       -2.7646236       56226.968                                                 56226.968
              1       28111.446      0.31874493      -2.7587213       -2.7587213        56228.41                                                  56228.41
