#        weight    minuslogpost         Omega_m   minuslogprior minuslogprior__0            chi2 chi2__functions_and_classes.SO_x_DESI_Likelihood
              1       44231.901      0.31775839      -3.2738956       -3.2738956        88470.35                                         88470.35
              2       44219.273      0.31836537      -3.2683332       -3.2683332       88445.082                                        88445.082
              1       44175.186      0.32048681      -3.2360299       -3.2360299       88356.844                                        88356.844
              4       44075.178      0.32531547      -3.0879264       -3.0879264       88156.531                                        88156.531
              1       44058.937      0.32610263      -3.0539595       -3.0539595       88123.983                                        88123.983
              1       44044.875      0.32678309      -3.0223778       -3.0223778       88095.794                                        88095.794
              1         44017.2      0.32812524      -2.9540524       -2.9540524       88040.309                                        88040.309
              2       43993.389      0.32928193      -2.8887452       -2.8887452       87992.556                                        87992.556
              1        43957.48      0.33103159      -2.7786581       -2.7786581       87920.518                                        87920.518
              1        43886.97      0.33447555      -2.5222196       -2.5222196       87778.985                                        87778.985
              1       43861.931      0.33570309       -2.418074        -2.418074       87728.699                                        87728.699
              1       43825.982       0.3374692      -2.2564853       -2.2564853       87656.476                                        87656.476
              1       43793.958      0.33904923       -2.100173        -2.100173       87592.117                                        87592.117
              1       43721.526      0.34262886      -1.7049971       -1.7049971       87446.463                                        87446.463
              1       43688.958        0.344247      -1.5076711       -1.5076711       87380.931                                        87380.931
              2       43616.233       0.3478737      -1.0231384       -1.0231384       87234.513                                        87234.513
              3       43590.424      0.34916552     -0.83642985      -0.83642985       87182.521                                        87182.521
              1       43566.874      0.35034763     -0.65907847      -0.65907847       87135.066                                        87135.066
              1       43543.257      0.35153735     -0.47431562      -0.47431562       87087.463                                        87087.463
              1       43538.635      0.35176959     -0.43751412      -0.43751412       87078.145                                        87078.145
              3        43525.99      0.35240838     -0.33505507      -0.33505507        87052.65                                         87052.65
              2       43484.484      0.35450818     0.014521877      0.014521877       86968.939                                        86968.939
              4       43481.682      0.35465012     0.038859759      0.038859759       86963.285                                        86963.285
              2       43479.897      0.35474171     0.054611312      0.054611312       86959.686                                        86959.686
              2       43478.909      0.35479257      0.06337448       0.06337448       86957.691                                        86957.691
              3       43462.393       0.3556298       0.2092811        0.2092811       86924.367                                        86924.367
              1       43446.351      0.35644412       0.3541811        0.3541811       86891.993                                        86891.993
              1       43426.217      0.35747015      0.54095173       0.54095173       86851.352                                        86851.352
              2       43411.818      0.35820432       0.6774666        0.6774666       86822.281                                        86822.281
              2       43411.661      0.35821231      0.67896543       0.67896543       86821.963                                        86821.963
              2       43392.933      0.35916998      0.86067203       0.86067203       86784.144                                        86784.144
              2       43384.364      0.35960764      0.94507012       0.94507012       86766.838                                        86766.838
              1       43343.886      0.36168439       1.3571525        1.3571525       86685.057                                        86685.057
              1       43324.324      0.36269084       1.5637554        1.5637554       86645.521                                        86645.521
              2       43287.528       0.3645904       1.9659608        1.9659608       86571.123                                        86571.123
              2       43255.543      0.36625247       2.3310354        2.3310354       86506.423                                        86506.423
              2       43213.694      0.36842838       2.8275334        2.8275334       86421.733                                        86421.733
              1       43183.234      0.37002199       3.2045117        3.2045117       86360.058                                        86360.058
              4       43180.933       0.3701425       3.2334775        3.2334775       86355.399                                        86355.399
              1       43146.238      0.37196463       3.6793226        3.6793226       86285.118                                        86285.118
              1       43114.207      0.37365426       4.1059315        4.1059315       86220.202                                        86220.202
              1         43010.1      0.37919484       5.5938719        5.5938719       86009.012                                        86009.012
              2       42969.367      0.38138967       6.2210324        6.2210324       85926.291                                        85926.291
              1       42935.828      0.38319711       6.7535712        6.7535712       85858.149                                        85858.149
              1       42891.991      0.38557716       7.4769683        7.4769683       85769.027                                        85769.027
              1        42689.45      0.39678286       11.221168        11.221168       85356.458                                        85356.458
              1       42680.278      0.39730527       11.409337        11.409337       85337.737                                        85337.737
              1       42577.151      0.40315614       13.599662        13.599662       85127.103                                        85127.103
              1       42557.666      0.40427481       14.035771        14.035771        85087.26                                         85087.26
              1       42406.535      0.41308207       17.663519        17.663519       84777.744                                        84777.744
              2       42390.308      0.41404323       18.080289        18.080289       84744.456                                        84744.456
              5        42308.63      0.41892275       20.259438        20.259438       84576.742                                        84576.742
              1       42135.763       0.4295247       25.358917        25.358917       84220.808                                        84220.808
              1       42071.025      0.43359673       27.450322        27.450322        84087.15                                         84087.15
              3       42028.643      0.43629452       28.876502        28.876502       83999.533                                        83999.533
              2       42010.352      0.43746717       29.506506        29.506506       83961.691                                        83961.691
              2       41805.984      0.45093288       37.178969        37.178969       83537.611                                        83537.611
              1       41774.402      0.45307865       38.476026        38.476026       83471.851                                        83471.851
              4       41679.453      0.45964146       42.570054        42.570054       83273.766                                        83273.766
              3         41658.3      0.46112557       43.522413        43.522413       83229.555                                        83229.555
              1       41588.057      0.46612296       46.801238        46.801238       83082.512                                        83082.512
              2       41563.721      0.46787894       47.979705        47.979705       83031.482                                        83031.482
              3       41499.241      0.47259948        51.21567         51.21567       82896.051                                        82896.051
              1       41468.601      0.47487521       52.811081        52.811081        82831.58                                         82831.58
              4       41405.791      0.47961542       56.208137        56.208137       82699.165                                        82699.165
              1       41369.115      0.48243006        58.27249         58.27249       82621.684                                        82621.684
              1       41358.435      0.48325691       58.885617        58.885617       82599.099                                        82599.099
              3       41316.536        0.486529       61.341769        61.341769       82510.389                                        82510.389
              2       41252.962      0.49159037       65.234743        65.234743       82375.455                                        82375.455
              2       41232.642      0.49323796       66.526551        66.526551       82332.231                                        82332.231
              3       41211.757       0.4949387       67.872693        67.872693       82287.769                                        82287.769
              1       41191.526      0.49660207       69.201694        69.201694       82244.648                                        82244.648
              1       41129.935      0.50174836       73.391349        73.391349       82113.088                                        82113.088
              2       41124.576      0.50220432        73.76823         73.76823       82101.616                                        82101.616
              1        41060.63      0.50770949        78.39152         78.39152       81964.478                                        81964.478
              4       41032.117       0.5102104       80.536296        80.536296       81903.161                                        81903.161
              2       41009.617      0.51221046       82.271551        82.271551       81854.692                                        81854.692
              1       40969.149      0.51586145       85.485008        85.485008       81767.328                                        81767.328
              1       40951.227      0.51750372       86.949784        86.949784       81728.555                                        81728.555
              1       40891.186      0.52310414       92.035065        92.035065       81598.303                                        81598.303
              2       40871.249      0.52500279       93.790716        93.790716       81554.916                                        81554.916
              1       40785.241      0.53344679        101.7928         101.7928       81366.897                                        81366.897
              1       40596.021      0.55371918       122.29792        122.29792       80947.445                                        80947.445
              1       40411.665      0.57661713       147.65543        147.65543       80528.019                                        80528.019
              2        40365.48      0.58305758       155.20757        155.20757       80420.546                                        80420.546
             13       40293.822      0.59382184        168.2414         168.2414        80251.16                                         80251.16
