#        weight    minuslogpost         Omega_m   minuslogprior minuslogprior__0            chi2 chi2__functions_and_classes.SO_x_DESI_Likelihood_w_emulator
              1      -10625.308      0.31677544      -2.3025851       -2.3025851       -21246.01                                                   -21246.01
              1      -10623.541      0.32661585      -2.3025851       -2.3025851      -21242.478                                                  -21242.478
              3      -10624.274      0.32397907      -2.3025851       -2.3025851      -21243.943                                                  -21243.943
              3      -10624.923      0.32066908      -2.3025851       -2.3025851      -21245.241                                                  -21245.241
              1      -10624.788       0.3214988      -2.3025851       -2.3025851      -21244.972                                                  -21244.972
              5      -10625.051      0.31974479      -2.3025851       -2.3025851      -21245.497                                                  -21245.497
              2      -10625.005      0.32009871      -2.3025851       -2.3025851      -21245.405                                                  -21245.405
              3      -10625.223      0.31189255      -2.3025851       -2.3025851      -21245.841                                                  -21245.841
              1      -10624.975      0.30963589      -2.3025851       -2.3025851      -21245.345                                                  -21245.345
              1      -10624.848      0.30878662      -2.3025851       -2.3025851       -21245.09                                                   -21245.09
              2       -10624.13      0.30528063      -2.3025851       -2.3025851      -21243.654                                                  -21243.654
              1      -10624.326      0.30610564      -2.3025851       -2.3025851      -21244.048                                                  -21244.048
              1      -10622.621      0.30039725      -2.3025851       -2.3025851      -21240.638                                                  -21240.638
              1       -10623.24      0.30217997      -2.3025851       -2.3025851      -21241.874                                                  -21241.874
              4      -10624.709      0.32194319      -2.3025851       -2.3025851      -21244.812                                                  -21244.812
              1      -10624.745      0.32174274      -2.3025851       -2.3025851      -21244.885                                                  -21244.885
              1      -10623.028      0.32814445      -2.3025851       -2.3025851      -21241.451                                                  -21241.451
              2      -10622.926      0.32842814      -2.3025851       -2.3025851      -21241.246                                                  -21241.246
              1      -10623.554      0.32657632      -2.3025851       -2.3025851      -21242.502                                                  -21242.502
              1      -10623.464      0.32685977      -2.3025851       -2.3025851      -21242.323                                                  -21242.323
              3      -10625.276      0.31735905      -2.3025851       -2.3025851      -21245.947                                                  -21245.947
              1      -10625.178      0.31137349      -2.3025851       -2.3025851       -21245.75                                                   -21245.75
              1      -10625.122      0.31914879      -2.3025851       -2.3025851      -21245.638                                                  -21245.638
              1      -10625.302      0.31689765      -2.3025851       -2.3025851      -21245.998                                                  -21245.998
              1      -10625.329      0.31624782      -2.3025851       -2.3025851      -21246.052                                                  -21246.052
              2      -10624.821      0.32130587      -2.3025851       -2.3025851      -21245.037                                                  -21245.037
              1      -10625.349      0.31492371      -2.3025851       -2.3025851      -21246.093                                                  -21246.093
              1      -10625.077       0.3195344      -2.3025851       -2.3025851      -21245.549                                                  -21245.549
              2      -10625.271      0.31744399      -2.3025851       -2.3025851      -21245.936                                                  -21245.936
              3      -10624.799      0.30849122      -2.3025851       -2.3025851      -21244.993                                                  -21244.993
              3      -10624.131      0.30528506      -2.3025851       -2.3025851      -21243.656                                                  -21243.656
              1      -10625.149      0.31108038      -2.3025851       -2.3025851      -21245.693                                                  -21245.693
              1      -10625.257      0.31234488      -2.3025851       -2.3025851      -21245.909                                                  -21245.909
              2      -10625.204      0.31166471      -2.3025851       -2.3025851      -21245.803                                                  -21245.803
              1      -10625.304      0.31684538      -2.3025851       -2.3025851      -21246.003                                                  -21246.003
              2      -10624.965        0.309564      -2.3025851       -2.3025851      -21245.325                                                  -21245.325
              1       -10625.27      0.31254154      -2.3025851       -2.3025851      -21245.935                                                  -21245.935
              1      -10625.349      0.31509961      -2.3025851       -2.3025851      -21246.093                                                  -21246.093
              2      -10625.043      0.31981145      -2.3025851       -2.3025851       -21245.48                                                   -21245.48
              1      -10625.349      0.31520681      -2.3025851       -2.3025851      -21246.092                                                  -21246.092
              1      -10625.242      0.31213032      -2.3025851       -2.3025851      -21245.878                                                  -21245.878
              2      -10625.148      0.31890336      -2.3025851       -2.3025851      -21245.691                                                  -21245.691
              2      -10625.339      0.31590519      -2.3025851       -2.3025851      -21246.072                                                  -21246.072
              5      -10625.257      0.31233813      -2.3025851       -2.3025851      -21245.908                                                  -21245.908
              1      -10625.349      0.31482875      -2.3025851       -2.3025851      -21246.093                                                  -21246.093
              2      -10624.224      0.32418185      -2.3025851       -2.3025851      -21243.843                                                  -21243.843
              3      -10624.646       0.3222719      -2.3025851       -2.3025851      -21244.687                                                  -21244.687
              2      -10624.197       0.3242901      -2.3025851       -2.3025851       -21243.79                                                   -21243.79
              1      -10624.604      0.32248424      -2.3025851       -2.3025851      -21244.603                                                  -21244.603
              2      -10625.277      0.31734469      -2.3025851       -2.3025851      -21245.948                                                  -21245.948
              1      -10625.216      0.31817427      -2.3025851       -2.3025851      -21245.828                                                  -21245.828
              2      -10625.349       0.3152094      -2.3025851       -2.3025851      -21246.092                                                  -21246.092
              3      -10625.335      0.31397174      -2.3025851       -2.3025851      -21246.066                                                  -21246.066
              2      -10625.279      0.31267606      -2.3025851       -2.3025851      -21245.952                                                  -21245.952
              1      -10625.307      0.31680011      -2.3025851       -2.3025851      -21246.008                                                  -21246.008
              3      -10624.894      0.30908272      -2.3025851       -2.3025851      -21245.183                                                  -21245.183
              1        -10625.2      0.31836128      -2.3025851       -2.3025851      -21245.795                                                  -21245.795
              2      -10625.348      0.31465078      -2.3025851       -2.3025851       -21246.09                                                   -21246.09
              1      -10625.277      0.31734589      -2.3025851       -2.3025851      -21245.948                                                  -21245.948
              3       -10624.17      0.32440086      -2.3025851       -2.3025851      -21243.734                                                  -21243.734
              3      -10622.686      0.32906874      -2.3025851       -2.3025851      -21240.768                                                  -21240.768
              4      -10624.168       0.3244057      -2.3025851       -2.3025851      -21243.732                                                  -21243.732
              1      -10624.315      0.32380871      -2.3025851       -2.3025851      -21244.024                                                  -21244.024
              1      -10623.999      0.32505202      -2.3025851       -2.3025851      -21243.393                                                  -21243.393
              2      -10625.053      0.31973195      -2.3025851       -2.3025851      -21245.501                                                  -21245.501
              2      -10624.889      0.30904826      -2.3025851       -2.3025851      -21245.173                                                  -21245.173
              1      -10623.998      0.30476402      -2.3025851       -2.3025851      -21243.391                                                  -21243.391
              3      -10624.154      0.30537649      -2.3025851       -2.3025851      -21243.702                                                  -21243.702
              2      -10622.654      0.30048631      -2.3025851       -2.3025851      -21240.703                                                  -21240.703
              1      -10625.055      0.31024786      -2.3025851       -2.3025851      -21245.505                                                  -21245.505
              1      -10624.128        0.305275      -2.3025851       -2.3025851      -21243.651                                                  -21243.651
              2      -10624.877      0.30897082      -2.3025851       -2.3025851      -21245.149                                                  -21245.149
              1      -10625.302       0.3131029      -2.3025851       -2.3025851      -21245.999                                                  -21245.999
              2      -10625.344      0.31565125      -2.3025851       -2.3025851      -21246.082                                                  -21246.082
              2      -10625.318      0.31653213      -2.3025851       -2.3025851      -21246.032                                                  -21246.032
              3      -10625.203      0.31833085      -2.3025851       -2.3025851      -21245.801                                                  -21245.801
              1      -10625.252      0.31771045      -2.3025851       -2.3025851        -21245.9                                                    -21245.9
              2      -10622.688      0.32906446      -2.3025851       -2.3025851      -21240.771                                                  -21240.771
              1      -10625.329      0.31623911      -2.3025851       -2.3025851      -21246.053                                                  -21246.053
              2      -10624.839      0.32120216      -2.3025851       -2.3025851      -21245.072                                                  -21245.072
              3      -10625.242      0.31213936      -2.3025851       -2.3025851       -21245.88                                                   -21245.88
              2      -10624.871      0.30893599      -2.3025851       -2.3025851      -21245.138                                                  -21245.138
              4      -10624.851      0.30880589      -2.3025851       -2.3025851      -21245.096                                                  -21245.096
              1      -10624.911      0.30919597      -2.3025851       -2.3025851      -21245.217                                                  -21245.217
              1      -10624.782      0.30839239      -2.3025851       -2.3025851       -21244.96                                                   -21244.96
              1      -10625.338      0.31404996      -2.3025851       -2.3025851       -21246.07                                                   -21246.07
              1      -10625.346      0.31446738      -2.3025851       -2.3025851      -21246.086                                                  -21246.086
              1      -10625.224      0.31808731      -2.3025851       -2.3025851      -21245.842                                                  -21245.842
              1      -10625.349      0.31491588      -2.3025851       -2.3025851      -21246.093                                                  -21246.093
              1      -10625.141      0.31896993      -2.3025851       -2.3025851      -21245.677                                                  -21245.677
              3      -10624.716       0.3219046      -2.3025851       -2.3025851      -21244.826                                                  -21244.826
              1       -10624.02      0.32497368      -2.3025851       -2.3025851      -21243.435                                                  -21243.435
              7      -10625.329      0.31374802      -2.3025851       -2.3025851      -21246.052                                                  -21246.052
              3      -10625.346      0.31449136      -2.3025851       -2.3025851      -21246.087                                                  -21246.087
              1      -10625.129      0.31907983      -2.3025851       -2.3025851      -21245.653                                                  -21245.653
              1      -10625.018      0.30995545      -2.3025851       -2.3025851      -21245.431                                                  -21245.431
              3      -10624.691      0.30787278      -2.3025851       -2.3025851      -21244.776                                                  -21244.776
              2       -10625.34      0.31584235      -2.3025851       -2.3025851      -21246.075                                                  -21246.075
              1      -10625.338      0.31407825      -2.3025851       -2.3025851      -21246.071                                                  -21246.071
              1      -10624.961      0.30953514      -2.3025851       -2.3025851      -21245.316                                                  -21245.316
              1      -10624.157      0.32444957      -2.3025851       -2.3025851      -21243.709                                                  -21243.709
              1      -10625.321       0.3164795      -2.3025851       -2.3025851      -21246.036                                                  -21246.036
              1      -10622.869      0.30108549      -2.3025851       -2.3025851      -21241.133                                                  -21241.133
              1      -10624.742      0.30815742      -2.3025851       -2.3025851      -21244.878                                                  -21244.878
              1       -10624.19      0.30552548      -2.3025851       -2.3025851      -21243.774                                                  -21243.774
              3      -10625.331      0.31618833      -2.3025851       -2.3025851      -21246.056                                                  -21246.056
              2      -10625.225      0.31806455      -2.3025851       -2.3025851      -21245.846                                                  -21245.846
              1      -10625.346      0.31551703      -2.3025851       -2.3025851      -21246.087                                                  -21246.087
              1      -10623.721      0.30375422      -2.3025851       -2.3025851      -21242.837                                                  -21242.837
              1      -10623.978       0.3046879      -2.3025851       -2.3025851      -21243.351                                                  -21243.351
              1      -10624.079       0.3050777      -2.3025851       -2.3025851      -21243.552                                                  -21243.552
              2      -10625.035      0.31008407      -2.3025851       -2.3025851      -21245.464                                                  -21245.464
              2       -10625.15      0.31109009      -2.3025851       -2.3025851      -21245.695                                                  -21245.695
              1      -10625.342      0.31576535      -2.3025851       -2.3025851      -21246.078                                                  -21246.078
              4      -10625.109      0.31070955      -2.3025851       -2.3025851      -21245.613                                                  -21245.613
              1      -10625.165      0.31873119      -2.3025851       -2.3025851      -21245.726                                                  -21245.726
              3      -10623.823      0.32568119      -2.3025851       -2.3025851      -21243.041                                                  -21243.041
              1      -10625.041      0.31013403      -2.3025851       -2.3025851      -21245.477                                                  -21245.477
              1      -10622.098      0.29903664      -2.3025851       -2.3025851      -21239.591                                                  -21239.591
              2      -10622.417       0.2998512      -2.3025851       -2.3025851      -21240.228                                                  -21240.228
              2      -10625.275      0.31737614      -2.3025851       -2.3025851      -21245.945                                                  -21245.945
              2      -10624.968      0.30958645      -2.3025851       -2.3025851      -21245.331                                                  -21245.331
              1      -10624.922      0.30926914      -2.3025851       -2.3025851      -21245.239                                                  -21245.239
              1      -10624.417      0.30651115      -2.3025851       -2.3025851      -21244.229                                                  -21244.229
              5      -10624.472       0.3067691      -2.3025851       -2.3025851      -21244.339                                                  -21244.339
              1      -10625.217      0.31182263      -2.3025851       -2.3025851       -21245.83                                                   -21245.83
              1      -10625.202      0.31164647      -2.3025851       -2.3025851        -21245.8                                                    -21245.8
              2      -10625.328      0.31373269      -2.3025851       -2.3025851      -21246.051                                                  -21246.051
              1      -10625.244      0.31215849      -2.3025851       -2.3025851      -21245.882                                                  -21245.882
              1      -10625.035      0.31987241      -2.3025851       -2.3025851      -21245.465                                                  -21245.465
              1      -10625.311      0.31670893      -2.3025851       -2.3025851      -21246.016                                                  -21246.016
              1      -10624.144      0.30533707      -2.3025851       -2.3025851      -21243.682                                                  -21243.682
              2      -10625.315      0.31338586      -2.3025851       -2.3025851      -21246.025                                                  -21246.025
              1      -10625.322       0.3135555      -2.3025851       -2.3025851      -21246.039                                                  -21246.039
              1      -10624.914      0.32072836      -2.3025851       -2.3025851      -21245.223                                                  -21245.223
              2       -10625.29      0.31712787      -2.3025851       -2.3025851      -21245.974                                                  -21245.974
              1      -10625.286      0.31719045      -2.3025851       -2.3025851      -21245.967                                                  -21245.967
              7       -10625.13      0.31907094      -2.3025851       -2.3025851      -21245.655                                                  -21245.655
              1      -10624.432      0.30657929      -2.3025851       -2.3025851      -21244.258                                                  -21244.258
              2      -10624.473      0.30677386      -2.3025851       -2.3025851      -21244.341                                                  -21244.341
              1      -10625.349      0.31484422      -2.3025851       -2.3025851      -21246.093                                                  -21246.093
              2      -10625.268      0.31250732      -2.3025851       -2.3025851      -21245.931                                                  -21245.931
              1      -10624.928       0.3093099      -2.3025851       -2.3025851      -21245.251                                                  -21245.251
              1      -10625.305      0.31316958      -2.3025851       -2.3025851      -21246.006                                                  -21246.006
              1      -10625.321      0.31351758      -2.3025851       -2.3025851      -21246.036                                                  -21246.036
              2      -10624.795      0.30846552      -2.3025851       -2.3025851      -21244.985                                                  -21244.985
              1      -10624.625      0.30752499      -2.3025851       -2.3025851      -21244.645                                                  -21244.645
              1      -10624.293      0.30596131      -2.3025851       -2.3025851      -21243.981                                                  -21243.981
              1       -10624.44        0.306619      -2.3025851       -2.3025851      -21244.275                                                  -21244.275
              2      -10624.169      0.30543968      -2.3025851       -2.3025851      -21243.733                                                  -21243.733
              3      -10624.979      0.30966525      -2.3025851       -2.3025851      -21245.353                                                  -21245.353
              1      -10625.257      0.31764023      -2.3025851       -2.3025851       -21245.91                                                   -21245.91
              1      -10625.347      0.31458092      -2.3025851       -2.3025851      -21246.089                                                  -21246.089
              2      -10625.337      0.31595393      -2.3025851       -2.3025851       -21246.07                                                   -21246.07
              1      -10624.635      0.30757854      -2.3025851       -2.3025851      -21244.665                                                  -21244.665
              1      -10624.896      0.30909514      -2.3025851       -2.3025851      -21245.187                                                  -21245.187
              2      -10625.288      0.31283732      -2.3025851       -2.3025851      -21245.971                                                  -21245.971
              4      -10624.534      0.30706627      -2.3025851       -2.3025851      -21244.463                                                  -21244.463
              3       -10625.03      0.31991009      -2.3025851       -2.3025851      -21245.455                                                  -21245.455
              2      -10625.001        0.309828      -2.3025851       -2.3025851      -21245.397                                                  -21245.397
              1      -10625.286       0.3127991      -2.3025851       -2.3025851      -21245.967                                                  -21245.967
              2      -10624.997      0.30979395      -2.3025851       -2.3025851      -21245.388                                                  -21245.388
              2      -10624.578      0.32261304      -2.3025851       -2.3025851      -21244.551                                                  -21244.551
              1      -10625.041      0.31982246      -2.3025851       -2.3025851      -21245.478                                                  -21245.478
              1      -10623.204      0.32764249      -2.3025851       -2.3025851      -21241.803                                                  -21241.803
              1      -10623.673      0.32618934      -2.3025851       -2.3025851      -21242.741                                                  -21242.741
              2      -10625.228      0.31194847      -2.3025851       -2.3025851       -21245.85                                                   -21245.85
              3      -10624.111       0.3052047      -2.3025851       -2.3025851      -21243.616                                                  -21243.616
              1       -10624.34      0.30616553      -2.3025851       -2.3025851      -21244.075                                                  -21244.075
              3      -10625.344      0.31433394      -2.3025851       -2.3025851      -21246.082                                                  -21246.082
              1      -10625.045      0.31979238      -2.3025851       -2.3025851      -21245.485                                                  -21245.485
              1      -10624.476      0.32309569      -2.3025851       -2.3025851      -21244.348                                                  -21244.348
              1      -10625.343      0.31571353      -2.3025851       -2.3025851       -21246.08                                                   -21246.08
              1      -10625.346       0.3154743      -2.3025851       -2.3025851      -21246.088                                                  -21246.088
              1      -10624.905      0.32078659      -2.3025851       -2.3025851      -21245.205                                                  -21245.205
              1      -10625.338      0.31407794      -2.3025851       -2.3025851      -21246.071                                                  -21246.071
              1      -10625.322      0.31644445      -2.3025851       -2.3025851      -21246.039                                                  -21246.039
              1      -10624.403      0.32342446      -2.3025851       -2.3025851      -21244.201                                                  -21244.201
              2      -10624.378       0.3235379      -2.3025851       -2.3025851       -21244.15                                                   -21244.15
              1      -10625.333       0.3161254      -2.3025851       -2.3025851       -21246.06                                                   -21246.06
              1      -10625.244      0.31782801      -2.3025851       -2.3025851      -21245.883                                                  -21245.883
              2      -10625.097      0.31936479      -2.3025851       -2.3025851      -21245.589                                                  -21245.589
              1      -10625.096      0.31937331      -2.3025851       -2.3025851      -21245.587                                                  -21245.587
              1      -10625.185      0.31853201      -2.3025851       -2.3025851      -21245.764                                                  -21245.764
              1      -10625.142      0.31895541      -2.3025851       -2.3025851       -21245.68                                                   -21245.68
              1      -10625.293      0.31705669      -2.3025851       -2.3025851      -21245.982                                                  -21245.982
              1      -10625.257      0.31233779      -2.3025851       -2.3025851      -21245.908                                                  -21245.908
              1       -10625.01      0.32005751      -2.3025851       -2.3025851      -21245.416                                                  -21245.416
              1      -10624.193      0.32430711      -2.3025851       -2.3025851      -21243.781                                                  -21243.781
              2      -10625.092      0.31055661      -2.3025851       -2.3025851      -21245.579                                                  -21245.579
              2      -10624.785      0.32151959      -2.3025851       -2.3025851      -21244.964                                                  -21244.964
              2      -10625.347      0.31540999      -2.3025851       -2.3025851      -21246.089                                                  -21246.089
              2      -10624.656      0.32221953      -2.3025851       -2.3025851      -21244.707                                                  -21244.707
              3      -10625.344      0.31436787      -2.3025851       -2.3025851      -21246.083                                                  -21246.083
              2      -10625.326      0.31366243      -2.3025851       -2.3025851      -21246.047                                                  -21246.047
              1      -10624.326      0.30610575      -2.3025851       -2.3025851      -21244.048                                                  -21244.048
              1      -10623.627      0.30343057      -2.3025851       -2.3025851      -21242.649                                                  -21242.649
              1      -10623.358       0.3025496      -2.3025851       -2.3025851      -21242.111                                                  -21242.111
              3      -10625.349      0.31477132      -2.3025851       -2.3025851      -21246.092                                                  -21246.092
              2      -10625.348      0.31526545      -2.3025851       -2.3025851      -21246.092                                                  -21246.092
              2      -10625.244      0.31216197      -2.3025851       -2.3025851      -21245.883                                                  -21245.883
              2      -10624.922      0.30926857      -2.3025851       -2.3025851      -21245.239                                                  -21245.239
              3      -10625.198      0.31159743      -2.3025851       -2.3025851      -21245.791                                                  -21245.791
              3      -10625.205      0.31167235      -2.3025851       -2.3025851      -21245.804                                                  -21245.804
              3      -10625.312      0.31330893      -2.3025851       -2.3025851      -21246.019                                                  -21246.019
              1      -10625.019      0.31999716      -2.3025851       -2.3025851      -21245.432                                                  -21245.432
              1      -10625.219      0.31184475      -2.3025851       -2.3025851      -21245.833                                                  -21245.833
              1      -10625.237      0.31206113      -2.3025851       -2.3025851      -21245.868                                                  -21245.868
              3       -10625.07       0.3195937      -2.3025851       -2.3025851      -21245.535                                                  -21245.535
              2      -10624.882      0.32093186      -2.3025851       -2.3025851       -21245.16                                                   -21245.16
              1      -10623.829      0.32566237      -2.3025851       -2.3025851      -21243.052                                                  -21243.052
              1      -10624.004      0.32503317      -2.3025851       -2.3025851      -21243.403                                                  -21243.403
              3      -10624.004      0.32503348      -2.3025851       -2.3025851      -21243.403                                                  -21243.403
              1      -10625.238      0.31789913      -2.3025851       -2.3025851      -21245.872                                                  -21245.872
              4       -10625.33      0.31620449      -2.3025851       -2.3025851      -21246.055                                                  -21246.055
              1      -10623.601      0.30334077      -2.3025851       -2.3025851      -21242.596                                                  -21242.596
              4      -10623.597      0.30332798      -2.3025851       -2.3025851      -21242.588                                                  -21242.588
              1      -10624.382      0.30635287      -2.3025851       -2.3025851      -21244.159                                                  -21244.159
              1      -10625.132      0.31905172      -2.3025851       -2.3025851      -21245.659                                                  -21245.659
              3      -10624.174      0.30546191      -2.3025851       -2.3025851      -21243.744                                                  -21243.744
              1      -10625.232      0.31798139      -2.3025851       -2.3025851      -21245.859                                                  -21245.859
              1      -10625.349      0.31505662      -2.3025851       -2.3025851      -21246.093                                                  -21246.093
              1      -10625.319       0.3134869      -2.3025851       -2.3025851      -21246.034                                                  -21246.034
              1      -10625.349      0.31495317      -2.3025851       -2.3025851      -21246.093                                                  -21246.093
              1      -10625.337      0.31402927      -2.3025851       -2.3025851      -21246.069                                                  -21246.069
              2      -10625.296      0.31700237      -2.3025851       -2.3025851      -21245.988                                                  -21245.988
              1      -10625.335      0.31605836      -2.3025851       -2.3025851      -21246.064                                                  -21246.064
              2      -10625.327      0.31370823      -2.3025851       -2.3025851       -21246.05                                                   -21246.05
              1      -10625.253      0.31228858      -2.3025851       -2.3025851      -21245.901                                                  -21245.901
              1      -10625.315      0.31661068      -2.3025851       -2.3025851      -21246.025                                                  -21246.025
              1      -10625.243      0.31783668      -2.3025851       -2.3025851      -21245.881                                                  -21245.881
              2      -10625.208      0.31827383      -2.3025851       -2.3025851      -21245.811                                                  -21245.811
              2      -10625.035       0.3198735      -2.3025851       -2.3025851      -21245.464                                                  -21245.464
              1      -10623.956      0.32520927      -2.3025851       -2.3025851      -21243.307                                                  -21243.307
              1      -10623.233      0.32755596      -2.3025851       -2.3025851      -21241.861                                                  -21241.861
              1      -10621.925      0.33092889      -2.3025851       -2.3025851      -21239.245                                                  -21239.245
              1      -10621.738      0.33135066      -2.3025851       -2.3025851      -21238.871                                                  -21238.871
              1      -10623.624      0.32635059      -2.3025851       -2.3025851      -21242.643                                                  -21242.643
              2      -10625.009      0.32007147      -2.3025851       -2.3025851      -21245.412                                                  -21245.412
              1      -10624.945      0.32052306      -2.3025851       -2.3025851      -21245.285                                                  -21245.285
              2      -10624.893      0.32086472      -2.3025851       -2.3025851      -21245.181                                                  -21245.181
              1      -10625.289      0.31285778      -2.3025851       -2.3025851      -21245.973                                                  -21245.973
              1      -10624.641      0.30760735      -2.3025851       -2.3025851      -21244.676                                                  -21244.676
              5      -10624.696      0.30790288      -2.3025851       -2.3025851      -21244.787                                                  -21244.787
              3      -10624.578      0.30728789      -2.3025851       -2.3025851      -21244.552                                                  -21244.552
              2      -10625.349      0.31525051      -2.3025851       -2.3025851      -21246.092                                                  -21246.092
              4      -10625.152      0.31110942      -2.3025851       -2.3025851      -21245.699                                                  -21245.699
              1      -10625.311      0.31670669      -2.3025851       -2.3025851      -21246.017                                                  -21246.017
              1      -10624.885      0.30902571      -2.3025851       -2.3025851      -21245.166                                                  -21245.166
              3      -10625.344        0.314385      -2.3025851       -2.3025851      -21246.084                                                  -21246.084
              3      -10625.224      0.31190458      -2.3025851       -2.3025851      -21245.843                                                  -21245.843
              3      -10625.291       0.3170969      -2.3025851       -2.3025851      -21245.977                                                  -21245.977
              2      -10625.144      0.31103448      -2.3025851       -2.3025851      -21245.683                                                  -21245.683
              2      -10625.001       0.3098277      -2.3025851       -2.3025851      -21245.397                                                  -21245.397
              1      -10625.344       0.3143491      -2.3025851       -2.3025851      -21246.082                                                  -21246.082
              1      -10625.045      0.31016774      -2.3025851       -2.3025851      -21245.485                                                  -21245.485
              2      -10625.291      0.31709938      -2.3025851       -2.3025851      -21245.977                                                  -21245.977
              1      -10625.029       0.3100377      -2.3025851       -2.3025851      -21245.452                                                  -21245.452
              1      -10625.102      0.31932546      -2.3025851       -2.3025851      -21245.599                                                  -21245.599
              3      -10625.191      0.31846274      -2.3025851       -2.3025851      -21245.777                                                  -21245.777
              3      -10625.021      0.31997696      -2.3025851       -2.3025851      -21245.437                                                  -21245.437
              2      -10625.298      0.31696792      -2.3025851       -2.3025851      -21245.991                                                  -21245.991
              2      -10624.939      0.30938098      -2.3025851       -2.3025851      -21245.272                                                  -21245.272
              1      -10625.324      0.31362038      -2.3025851       -2.3025851      -21246.044                                                  -21246.044
              1      -10625.202      0.31164595      -2.3025851       -2.3025851        -21245.8                                                    -21245.8
              1      -10625.295      0.31295442      -2.3025851       -2.3025851      -21245.984                                                  -21245.984
              1      -10625.076      0.31954381      -2.3025851       -2.3025851      -21245.547                                                  -21245.547
              4      -10625.333      0.31386799      -2.3025851       -2.3025851       -21246.06                                                   -21246.06
              1      -10625.339      0.31588411      -2.3025851       -2.3025851      -21246.073                                                  -21246.073
              1      -10624.818      0.32132367      -2.3025851       -2.3025851      -21245.031                                                  -21245.031
              2      -10624.683      0.30782988      -2.3025851       -2.3025851       -21244.76                                                   -21244.76
              2      -10624.685      0.30784249      -2.3025851       -2.3025851      -21244.765                                                  -21244.765
              2      -10625.308      0.31676794      -2.3025851       -2.3025851      -21246.011                                                  -21246.011
              1      -10623.786      0.32580882      -2.3025851       -2.3025851      -21242.967                                                  -21242.967
              1      -10625.283      0.31274201      -2.3025851       -2.3025851       -21245.96                                                   -21245.96
              1      -10625.156      0.31114828      -2.3025851       -2.3025851      -21245.706                                                  -21245.706
              5      -10625.233      0.31201887      -2.3025851       -2.3025851      -21245.861                                                  -21245.861
              1      -10624.682      0.30782723      -2.3025851       -2.3025851      -21244.759                                                  -21244.759
              1      -10623.895      0.30437816      -2.3025851       -2.3025851      -21243.185                                                  -21243.185
              2      -10624.114      0.30521583      -2.3025851       -2.3025851      -21243.622                                                  -21243.622
              2      -10622.931      0.30126355      -2.3025851       -2.3025851      -21241.258                                                  -21241.258
              2      -10623.709      0.30371277      -2.3025851       -2.3025851      -21242.813                                                  -21242.813
              1      -10625.265       0.3175362      -2.3025851       -2.3025851      -21245.924                                                  -21245.924
              6      -10625.334      0.31391652      -2.3025851       -2.3025851      -21246.063                                                  -21246.063
              1       -10625.32      0.31649475      -2.3025851       -2.3025851      -21246.035                                                  -21246.035
              2      -10625.194      0.31154904      -2.3025851       -2.3025851      -21245.782                                                  -21245.782
              1      -10625.304      0.31684337      -2.3025851       -2.3025851      -21246.004                                                  -21246.004
              1      -10625.231      0.31198687      -2.3025851       -2.3025851      -21245.856                                                  -21245.856
              1      -10625.347      0.31460004      -2.3025851       -2.3025851      -21246.089                                                  -21246.089
              2      -10625.219      0.31813831      -2.3025851       -2.3025851      -21245.834                                                  -21245.834
              2      -10625.347      0.31459191      -2.3025851       -2.3025851      -21246.089                                                  -21246.089
              3      -10624.938      0.32057183      -2.3025851       -2.3025851       -21245.27                                                   -21245.27
              1      -10625.257      0.31764128      -2.3025851       -2.3025851       -21245.91                                                   -21245.91
              3       -10625.34      0.31417197      -2.3025851       -2.3025851      -21246.076                                                  -21246.076
              1      -10625.059      0.31968397      -2.3025851       -2.3025851      -21245.513                                                  -21245.513
              3      -10625.071      0.31958802      -2.3025851       -2.3025851      -21245.536                                                  -21245.536
              1       -10624.66      0.30770846      -2.3025851       -2.3025851      -21244.715                                                  -21244.715
              1       -10622.74      0.30072428      -2.3025851       -2.3025851      -21240.876                                                  -21240.876
              1      -10625.317      0.31656746      -2.3025851       -2.3025851      -21246.029                                                  -21246.029
              3      -10625.203      0.31165537      -2.3025851       -2.3025851      -21245.801                                                  -21245.801
              1      -10625.339      0.31588555      -2.3025851       -2.3025851      -21246.073                                                  -21246.073
              1      -10624.618      0.30748943      -2.3025851       -2.3025851      -21244.631                                                  -21244.631
              4      -10625.348      0.31536499      -2.3025851       -2.3025851       -21246.09                                                   -21246.09
              2      -10625.339      0.31410211      -2.3025851       -2.3025851      -21246.072                                                  -21246.072
              1      -10625.339      0.31410192      -2.3025851       -2.3025851      -21246.072                                                  -21246.072
              3      -10625.349        0.314933      -2.3025851       -2.3025851      -21246.093                                                  -21246.093
              2      -10625.181       0.3114081      -2.3025851       -2.3025851      -21245.757                                                  -21245.757
              1      -10625.245      0.31217615      -2.3025851       -2.3025851      -21245.885                                                  -21245.885
              1      -10624.379      0.32353341      -2.3025851       -2.3025851      -21244.152                                                  -21244.152
              1      -10624.412      0.32338714      -2.3025851       -2.3025851      -21244.219                                                  -21244.219
              1      -10625.226      0.31805823      -2.3025851       -2.3025851      -21245.847                                                  -21245.847
              1       -10625.32      0.31648943      -2.3025851       -2.3025851      -21246.035                                                  -21246.035
              1      -10625.343       0.3143218      -2.3025851       -2.3025851      -21246.081                                                  -21246.081
              1      -10625.258      0.31763074      -2.3025851       -2.3025851      -21245.911                                                  -21245.911
              2      -10625.265      0.31245684      -2.3025851       -2.3025851      -21245.924                                                  -21245.924
              1      -10625.348      0.31531579      -2.3025851       -2.3025851      -21246.091                                                  -21246.091
              1      -10625.105      0.31066769      -2.3025851       -2.3025851      -21245.604                                                  -21245.604
              2        -10625.3      0.31305684      -2.3025851       -2.3025851      -21245.995                                                  -21245.995
              1      -10625.105      0.31067434      -2.3025851       -2.3025851      -21245.606                                                  -21245.606
              1       -10624.61      0.30745016      -2.3025851       -2.3025851      -21244.616                                                  -21244.616
              3      -10625.015      0.30993395      -2.3025851       -2.3025851      -21245.425                                                  -21245.425
              2       -10624.99       0.3202086      -2.3025851       -2.3025851      -21245.374                                                  -21245.374
              1      -10624.982      0.32026306      -2.3025851       -2.3025851      -21245.359                                                  -21245.359
              4      -10625.239       0.3178969      -2.3025851       -2.3025851      -21245.872                                                  -21245.872
              1      -10624.898        0.320834      -2.3025851       -2.3025851      -21245.191                                                  -21245.191
              1      -10625.147      0.31106157      -2.3025851       -2.3025851      -21245.689                                                  -21245.689
              2      -10625.286      0.31279183      -2.3025851       -2.3025851      -21245.966                                                  -21245.966
              2      -10625.141      0.31896851      -2.3025851       -2.3025851      -21245.677                                                  -21245.677
              1      -10625.306      0.31317966      -2.3025851       -2.3025851      -21246.007                                                  -21246.007
              3      -10625.347      0.31546473      -2.3025851       -2.3025851      -21246.088                                                  -21246.088
              1      -10625.261      0.31240032      -2.3025851       -2.3025851      -21245.917                                                  -21245.917
              2      -10625.178      0.31137817      -2.3025851       -2.3025851      -21245.751                                                  -21245.751
              2      -10625.349      0.31506107      -2.3025851       -2.3025851      -21246.093                                                  -21246.093
              1      -10625.338      0.31591873      -2.3025851       -2.3025851      -21246.071                                                  -21246.071
              1      -10625.322      0.31355807      -2.3025851       -2.3025851      -21246.039                                                  -21246.039
              1      -10625.026      0.31001914      -2.3025851       -2.3025851      -21245.447                                                  -21245.447
              1      -10625.204      0.31166156      -2.3025851       -2.3025851      -21245.802                                                  -21245.802
              1      -10625.349      0.31503493      -2.3025851       -2.3025851      -21246.094                                                  -21246.094
              1      -10623.796      0.30401701      -2.3025851       -2.3025851      -21242.986                                                  -21242.986
              3      -10625.167      0.31126616      -2.3025851       -2.3025851       -21245.73                                                   -21245.73
              2      -10625.152      0.31886355      -2.3025851       -2.3025851      -21245.699                                                  -21245.699
              2      -10625.056      0.31970911      -2.3025851       -2.3025851      -21245.506                                                  -21245.506
              1      -10624.523      0.30701511      -2.3025851       -2.3025851      -21244.442                                                  -21244.442
              1      -10623.849      0.30420818      -2.3025851       -2.3025851      -21243.093                                                  -21243.093
              1      -10625.349      0.31480632      -2.3025851       -2.3025851      -21246.093                                                  -21246.093
              1      -10625.117      0.31919265      -2.3025851       -2.3025851      -21245.629                                                  -21245.629
              1      -10624.839      0.32119925      -2.3025851       -2.3025851      -21245.073                                                  -21245.073
              1      -10624.562      0.30720275      -2.3025851       -2.3025851      -21244.518                                                  -21244.518
              1      -10624.685      0.30784219      -2.3025851       -2.3025851      -21244.764                                                  -21244.764
              1      -10625.139      0.31898888      -2.3025851       -2.3025851      -21245.673                                                  -21245.673
              1      -10625.349       0.3148639      -2.3025851       -2.3025851      -21246.093                                                  -21246.093
              2      -10624.361      0.30625978      -2.3025851       -2.3025851      -21244.117                                                  -21244.117
              1      -10623.704      0.32608709      -2.3025851       -2.3025851      -21242.802                                                  -21242.802
              1      -10624.171      0.32439718      -2.3025851       -2.3025851      -21243.736                                                  -21243.736
              1      -10625.126      0.31910919      -2.3025851       -2.3025851      -21245.647                                                  -21245.647
              1      -10625.345      0.31440684      -2.3025851       -2.3025851      -21246.084                                                  -21246.084
              1      -10624.999      0.30981429      -2.3025851       -2.3025851      -21245.393                                                  -21245.393
              3      -10625.349      0.31492999      -2.3025851       -2.3025851      -21246.093                                                  -21246.093
              2      -10625.251      0.31226052      -2.3025851       -2.3025851      -21245.897                                                  -21245.897
              2       -10625.22      0.31185773      -2.3025851       -2.3025851      -21245.836                                                  -21245.836
              1      -10625.328      0.31628723      -2.3025851       -2.3025851       -21246.05                                                   -21246.05
              1      -10625.348       0.3146625      -2.3025851       -2.3025851      -21246.091                                                  -21246.091
              4      -10623.394      0.32707663      -2.3025851       -2.3025851      -21242.182                                                  -21242.182
              2      -10625.347      0.31456329      -2.3025851       -2.3025851      -21246.089                                                  -21246.089
              1      -10624.946      0.32051642      -2.3025851       -2.3025851      -21245.287                                                  -21245.287
              5      -10625.037      0.31985698      -2.3025851       -2.3025851      -21245.469                                                  -21245.469
              3      -10624.772      0.30833225      -2.3025851       -2.3025851      -21244.939                                                  -21244.939
              2      -10625.074       0.3104058      -2.3025851       -2.3025851      -21245.543                                                  -21245.543
              1      -10625.185      0.31145078      -2.3025851       -2.3025851      -21245.765                                                  -21245.765
              1      -10625.077      0.31042793      -2.3025851       -2.3025851      -21245.549                                                  -21245.549
              2      -10625.349      0.31491446      -2.3025851       -2.3025851      -21246.093                                                  -21246.093
              2       -10625.29      0.31286315      -2.3025851       -2.3025851      -21245.974                                                  -21245.974
              1      -10625.202      0.31164353      -2.3025851       -2.3025851      -21245.799                                                  -21245.799
              1       -10622.11      0.29906662      -2.3025851       -2.3025851      -21239.614                                                  -21239.614
              2      -10624.723      0.30805439      -2.3025851       -2.3025851      -21244.841                                                  -21244.841
              2      -10625.205      0.31167715      -2.3025851       -2.3025851      -21245.805                                                  -21245.805
              1      -10625.245      0.31217462      -2.3025851       -2.3025851      -21245.885                                                  -21245.885
              1       -10625.16      0.31878209      -2.3025851       -2.3025851      -21245.715                                                  -21245.715
              1      -10624.723      0.30805532      -2.3025851       -2.3025851      -21244.842                                                  -21244.842
              2      -10623.992        0.304741      -2.3025851       -2.3025851      -21243.379                                                  -21243.379
              1      -10625.317      0.31342731      -2.3025851       -2.3025851      -21246.029                                                  -21246.029
              1      -10625.338      0.31406865      -2.3025851       -2.3025851      -21246.071                                                  -21246.071
              1      -10625.129      0.31088973      -2.3025851       -2.3025851      -21245.653                                                  -21245.653
              2       -10624.94      0.30939192      -2.3025851       -2.3025851      -21245.275                                                  -21245.275
              2      -10625.272      0.31256113      -2.3025851       -2.3025851      -21245.938                                                  -21245.938
              2      -10625.349      0.31518565      -2.3025851       -2.3025851      -21246.093                                                  -21246.093
              1      -10625.215       0.3117914      -2.3025851       -2.3025851      -21245.825                                                  -21245.825
              1       -10625.34       0.3158628      -2.3025851       -2.3025851      -21246.074                                                  -21246.074
              2      -10625.196      0.31840289      -2.3025851       -2.3025851      -21245.788                                                  -21245.788
              1      -10625.347      0.31542099      -2.3025851       -2.3025851      -21246.089                                                  -21246.089
              2      -10625.049      0.31976008      -2.3025851       -2.3025851      -21245.494                                                  -21245.494
              1      -10625.207      0.31828192      -2.3025851       -2.3025851      -21245.809                                                  -21245.809
              2      -10624.666      0.32216756      -2.3025851       -2.3025851      -21244.727                                                  -21244.727
              1      -10624.583      0.32258795      -2.3025851       -2.3025851      -21244.561                                                  -21244.561
              2       -10625.33      0.31620291      -2.3025851       -2.3025851      -21246.055                                                  -21246.055
              1      -10624.869      0.32101523      -2.3025851       -2.3025851      -21245.133                                                  -21245.133
              1      -10625.343      0.31568674      -2.3025851       -2.3025851      -21246.081                                                  -21246.081
              2      -10625.347      0.31453757      -2.3025851       -2.3025851      -21246.088                                                  -21246.088
              1      -10625.153      0.31885482      -2.3025851       -2.3025851      -21245.701                                                  -21245.701
              2      -10625.345      0.31556245      -2.3025851       -2.3025851      -21246.085                                                  -21246.085
              1      -10624.699      0.30792123      -2.3025851       -2.3025851      -21244.793                                                  -21244.793
              1      -10625.115      0.31920629      -2.3025851       -2.3025851      -21245.626                                                  -21245.626
              2       -10624.76      0.32166031      -2.3025851       -2.3025851      -21244.915                                                  -21244.915
              1      -10624.505      0.32296429      -2.3025851       -2.3025851      -21244.404                                                  -21244.404
              1      -10625.314       0.3133684      -2.3025851       -2.3025851      -21246.024                                                  -21246.024
              2      -10624.764       0.3082863      -2.3025851       -2.3025851      -21244.923                                                  -21244.923
              1      -10623.805      0.30405153      -2.3025851       -2.3025851      -21243.005                                                  -21243.005
              2      -10625.348      0.31537332      -2.3025851       -2.3025851       -21246.09                                                   -21246.09
              1      -10625.149      0.31108391      -2.3025851       -2.3025851      -21245.693                                                  -21245.693
              1      -10623.796      0.30401762      -2.3025851       -2.3025851      -21242.986                                                  -21242.986
              1      -10623.067      0.30165811      -2.3025851       -2.3025851      -21241.528                                                  -21241.528
              1      -10624.528      0.30703849      -2.3025851       -2.3025851      -21244.452                                                  -21244.452
              2       -10625.29      0.31286684      -2.3025851       -2.3025851      -21245.974                                                  -21245.974
              1        -10625.3      0.31305772      -2.3025851       -2.3025851      -21245.995                                                  -21245.995
              2      -10625.303       0.3131114      -2.3025851       -2.3025851          -21246                                                      -21246
              1      -10625.212      0.31822197      -2.3025851       -2.3025851      -21245.819                                                  -21245.819
              1      -10624.972      0.32033419      -2.3025851       -2.3025851      -21245.339                                                  -21245.339
              1      -10625.327       0.3137061      -2.3025851       -2.3025851       -21246.05                                                   -21246.05
              1      -10625.313      0.31333207      -2.3025851       -2.3025851      -21246.021                                                  -21246.021
              1      -10625.256      0.31232669      -2.3025851       -2.3025851      -21245.907                                                  -21245.907
              1      -10625.212      0.31176069      -2.3025851       -2.3025851      -21245.819                                                  -21245.819
              1      -10625.326      0.31365933      -2.3025851       -2.3025851      -21246.046                                                  -21246.046
              1      -10624.397      0.30641879      -2.3025851       -2.3025851      -21244.188                                                  -21244.188
              1      -10624.388      0.30638111      -2.3025851       -2.3025851      -21244.171                                                  -21244.171
              2      -10624.744      0.30817291      -2.3025851       -2.3025851      -21244.884                                                  -21244.884
              3      -10625.077      0.31953879      -2.3025851       -2.3025851      -21245.548                                                  -21245.548
              4      -10625.023      0.31996613      -2.3025851       -2.3025851       -21245.44                                                   -21245.44
              1      -10624.629      0.32236034      -2.3025851       -2.3025851      -21244.652                                                  -21244.652
              1      -10625.335      0.31393651      -2.3025851       -2.3025851      -21246.064                                                  -21246.064
              1      -10625.341      0.31421013      -2.3025851       -2.3025851      -21246.077                                                  -21246.077
              1      -10625.184      0.31143839      -2.3025851       -2.3025851      -21245.762                                                  -21245.762
              1      -10623.597      0.30332716      -2.3025851       -2.3025851      -21242.588                                                  -21242.588
              1      -10624.676       0.3077964      -2.3025851       -2.3025851      -21244.747                                                  -21244.747
              1      -10624.063      0.30501563      -2.3025851       -2.3025851      -21243.521                                                  -21243.521
              3      -10625.315      0.31338132      -2.3025851       -2.3025851      -21246.025                                                  -21246.025
              1       -10624.85      0.32113142      -2.3025851       -2.3025851      -21245.096                                                  -21245.096
              1      -10623.177      0.32772069      -2.3025851       -2.3025851      -21241.749                                                  -21241.749
              2      -10625.196      0.31840316      -2.3025851       -2.3025851      -21245.788                                                  -21245.788
              3       -10625.17      0.31868084      -2.3025851       -2.3025851      -21245.735                                                  -21245.735
              3      -10625.099      0.31935057      -2.3025851       -2.3025851      -21245.593                                                  -21245.593
              1      -10624.754      0.32169358      -2.3025851       -2.3025851      -21244.903                                                  -21244.903
              1      -10625.116      0.31077138      -2.3025851       -2.3025851      -21245.627                                                  -21245.627
              2      -10625.248      0.31777323      -2.3025851       -2.3025851      -21245.891                                                  -21245.891
              2      -10625.245      0.31217282      -2.3025851       -2.3025851      -21245.885                                                  -21245.885
              3      -10625.122      0.31914648      -2.3025851       -2.3025851      -21245.639                                                  -21245.639
              2       -10625.23       0.3119763      -2.3025851       -2.3025851      -21245.855                                                  -21245.855
              2      -10625.029      0.31003723      -2.3025851       -2.3025851      -21245.452                                                  -21245.452
              1      -10624.775      0.30835089      -2.3025851       -2.3025851      -21244.945                                                  -21244.945
              1      -10625.334      0.31607573      -2.3025851       -2.3025851      -21246.063                                                  -21246.063
              4      -10624.681      0.30782059      -2.3025851       -2.3025851      -21244.756                                                  -21244.756
              1      -10625.006      0.32008999      -2.3025851       -2.3025851      -21245.407                                                  -21245.407
              3      -10625.307      0.31678075      -2.3025851       -2.3025851       -21246.01                                                   -21246.01
              1      -10625.295      0.31702709      -2.3025851       -2.3025851      -21245.985                                                  -21245.985
              2       -10625.29      0.31287029      -2.3025851       -2.3025851      -21245.975                                                  -21245.975
              1      -10625.349      0.31503071      -2.3025851       -2.3025851      -21246.094                                                  -21246.094
              3      -10624.708      0.32194519      -2.3025851       -2.3025851      -21244.811                                                  -21244.811
              1      -10624.592      0.30735765      -2.3025851       -2.3025851       -21244.58                                                   -21244.58
              1      -10624.376      0.30632591      -2.3025851       -2.3025851      -21244.147                                                  -21244.147
              2      -10625.347      0.31458928      -2.3025851       -2.3025851      -21246.089                                                  -21246.089
              1      -10625.229      0.31196757      -2.3025851       -2.3025851      -21245.853                                                  -21245.853
              1      -10624.633      0.30756727      -2.3025851       -2.3025851      -21244.661                                                  -21244.661
              4      -10625.159       0.3111793      -2.3025851       -2.3025851      -21245.713                                                  -21245.713
              1      -10625.349      0.31522786      -2.3025851       -2.3025851      -21246.092                                                  -21246.092
              3      -10625.302      0.31310136      -2.3025851       -2.3025851      -21245.999                                                  -21245.999
              2      -10624.429      0.32331262      -2.3025851       -2.3025851      -21244.252                                                  -21244.252
              2      -10625.187      0.31850046      -2.3025851       -2.3025851       -21245.77                                                   -21245.77
              2      -10624.353      0.32364339      -2.3025851       -2.3025851      -21244.102                                                  -21244.102
              1      -10623.344      0.30250389      -2.3025851       -2.3025851      -21242.082                                                  -21242.082
              1      -10625.189      0.31149533      -2.3025851       -2.3025851      -21245.773                                                  -21245.773
              1      -10625.339      0.31410389      -2.3025851       -2.3025851      -21246.072                                                  -21246.072
              2      -10625.348       0.3152805      -2.3025851       -2.3025851      -21246.091                                                  -21246.091
              3      -10625.199      0.31160453      -2.3025851       -2.3025851      -21245.792                                                  -21245.792
              1      -10623.918      0.32534792      -2.3025851       -2.3025851       -21243.23                                                   -21243.23
              1       -10623.47      0.32683922      -2.3025851       -2.3025851      -21242.336                                                  -21242.336
              2      -10624.023      0.32496346      -2.3025851       -2.3025851      -21243.441                                                  -21243.441
              2      -10625.287      0.31718021      -2.3025851       -2.3025851      -21245.968                                                  -21245.968
              3      -10624.183      0.30549846      -2.3025851       -2.3025851      -21243.761                                                  -21243.761
              2      -10623.071      0.30166983      -2.3025851       -2.3025851      -21241.536                                                  -21241.536
              6      -10623.247      0.30220345      -2.3025851       -2.3025851      -21241.889                                                  -21241.889
              1      -10624.149      0.30536004      -2.3025851       -2.3025851      -21243.694                                                  -21243.694
              2      -10624.423      0.30654068      -2.3025851       -2.3025851      -21244.242                                                  -21244.242
              2      -10624.585      0.30731892      -2.3025851       -2.3025851      -21244.564                                                  -21244.564
              1      -10625.347      0.31540827      -2.3025851       -2.3025851      -21246.089                                                  -21246.089
              2      -10625.146      0.31892351      -2.3025851       -2.3025851      -21245.687                                                  -21245.687
              4      -10624.768      0.30830742      -2.3025851       -2.3025851      -21244.931                                                  -21244.931
              1      -10624.947      0.30944195      -2.3025851       -2.3025851      -21245.289                                                  -21245.289
              1      -10624.969      0.30959106      -2.3025851       -2.3025851      -21245.332                                                  -21245.332
              2      -10624.389      0.32348612      -2.3025851       -2.3025851      -21244.173                                                  -21244.173
              2      -10624.909      0.32075925      -2.3025851       -2.3025851      -21245.214                                                  -21245.214
              1      -10625.343      0.31571566      -2.3025851       -2.3025851       -21246.08                                                   -21246.08
              2      -10625.017       0.3099483      -2.3025851       -2.3025851      -21245.429                                                  -21245.429
              1      -10623.229      0.30214738      -2.3025851       -2.3025851      -21241.853                                                  -21241.853
              1      -10621.536      0.29768936      -2.3025851       -2.3025851      -21238.466                                                  -21238.466
              5      -10623.486      0.30295876      -2.3025851       -2.3025851      -21242.366                                                  -21242.366
              2      -10624.128      0.30527407      -2.3025851       -2.3025851      -21243.651                                                  -21243.651
              1      -10625.293       0.3170566      -2.3025851       -2.3025851      -21245.982                                                  -21245.982
              1      -10624.086       0.3247272      -2.3025851       -2.3025851      -21243.566                                                  -21243.566
              1       -10624.66      0.32219829      -2.3025851       -2.3025851      -21244.716                                                  -21244.716
              1      -10625.198      0.31839029      -2.3025851       -2.3025851       -21245.79                                                   -21245.79
              2      -10625.016      0.30994208      -2.3025851       -2.3025851      -21245.427                                                  -21245.427
              2      -10625.304      0.31314156      -2.3025851       -2.3025851      -21246.003                                                  -21246.003
              3      -10624.454      0.32319825      -2.3025851       -2.3025851      -21244.303                                                  -21244.303
              1      -10622.843      0.32865372      -2.3025851       -2.3025851       -21241.08                                                   -21241.08
              1      -10624.901      0.32081641      -2.3025851       -2.3025851      -21245.196                                                  -21245.196
              1      -10624.052      0.32485408      -2.3025851       -2.3025851      -21243.499                                                  -21243.499
              2      -10624.091      0.30512694      -2.3025851       -2.3025851      -21243.577                                                  -21243.577
              1      -10625.325      0.31635399      -2.3025851       -2.3025851      -21246.045                                                  -21246.045
              1      -10623.247      0.30220171      -2.3025851       -2.3025851      -21241.888                                                  -21241.888
              1      -10623.761      0.30389424      -2.3025851       -2.3025851      -21242.917                                                  -21242.917
              1       -10625.12      0.31916135      -2.3025851       -2.3025851      -21245.636                                                  -21245.636
              1        -10625.1      0.31934305      -2.3025851       -2.3025851      -21245.594                                                  -21245.594
              1      -10625.342      0.31576883      -2.3025851       -2.3025851      -21246.078                                                  -21246.078
              1       -10625.17      0.31129254      -2.3025851       -2.3025851      -21245.735                                                  -21245.735
              1      -10625.346       0.3144921      -2.3025851       -2.3025851      -21246.087                                                  -21246.087
              1      -10625.277      0.31265122      -2.3025851       -2.3025851      -21245.949                                                  -21245.949
              2      -10625.337      0.31596428      -2.3025851       -2.3025851      -21246.069                                                  -21246.069
              1      -10625.307       0.3167859      -2.3025851       -2.3025851      -21246.009                                                  -21246.009
              1       -10625.34      0.31585401      -2.3025851       -2.3025851      -21246.074                                                  -21246.074
              2       -10625.27       0.3174516      -2.3025851       -2.3025851      -21245.935                                                  -21245.935
              4      -10625.285      0.31277608      -2.3025851       -2.3025851      -21245.964                                                  -21245.964
