#        weight    minuslogpost         Omega_m   minuslogprior minuslogprior__0            chi2 chi2__functions_and_classes.SO_x_DESI_Likelihood_w_emulator
              4      -10625.021      0.31997626      -2.3025851       -2.3025851      -21245.437                                                  -21245.437
              2      -10625.067      0.31961743      -2.3025851       -2.3025851      -21245.529                                                  -21245.529
              1      -10624.884      0.32092405      -2.3025851       -2.3025851      -21245.162                                                  -21245.162
              1      -10624.922      0.32067543      -2.3025851       -2.3025851      -21245.239                                                  -21245.239
              1       -10624.98      0.32027895      -2.3025851       -2.3025851      -21245.355                                                  -21245.355
              1      -10624.654      0.32223267      -2.3025851       -2.3025851      -21244.702                                                  -21244.702
              2       -10625.33      0.31377051      -2.3025851       -2.3025851      -21246.054                                                  -21246.054
              1       -10625.04      0.31012972      -2.3025851       -2.3025851      -21245.476                                                  -21245.476
              2      -10625.252      0.31771565      -2.3025851       -2.3025851      -21245.899                                                  -21245.899
              1      -10625.218      0.31815638      -2.3025851       -2.3025851      -21245.831                                                  -21245.831
              2      -10625.289      0.31284759      -2.3025851       -2.3025851      -21245.972                                                  -21245.972
              1      -10625.255      0.31231076      -2.3025851       -2.3025851      -21245.904                                                  -21245.904
              2      -10625.334      0.31390559      -2.3025851       -2.3025851      -21246.062                                                  -21246.062
              2      -10624.209      0.30560396      -2.3025851       -2.3025851      -21243.813                                                  -21243.813
              1      -10624.624       0.3075177      -2.3025851       -2.3025851      -21244.642                                                  -21244.642
              1      -10624.691      0.30787322      -2.3025851       -2.3025851      -21244.776                                                  -21244.776
              1      -10624.091      0.30512425      -2.3025851       -2.3025851      -21243.576                                                  -21243.576
              1      -10625.347      0.31453409      -2.3025851       -2.3025851      -21246.088                                                  -21246.088
              1      -10625.319      0.31348481      -2.3025851       -2.3025851      -21246.033                                                  -21246.033
              2      -10625.347      0.31459977      -2.3025851       -2.3025851      -21246.089                                                  -21246.089
              4      -10624.186      0.32433597      -2.3025851       -2.3025851      -21243.767                                                  -21243.767
              1      -10624.705      0.32196136      -2.3025851       -2.3025851      -21244.805                                                  -21244.805
              1      -10624.114      0.32461844      -2.3025851       -2.3025851      -21243.623                                                  -21243.623
              1      -10623.231      0.30215264      -2.3025851       -2.3025851      -21241.857                                                  -21241.857
              1      -10624.498       0.3068913      -2.3025851       -2.3025851      -21244.391                                                  -21244.391
              4      -10625.349      0.31502032      -2.3025851       -2.3025851      -21246.094                                                  -21246.094
              1      -10625.347      0.31453367      -2.3025851       -2.3025851      -21246.088                                                  -21246.088
              1      -10625.102        0.310643      -2.3025851       -2.3025851      -21245.599                                                  -21245.599
              2        -10625.2      0.31162358      -2.3025851       -2.3025851      -21245.796                                                  -21245.796
              1      -10623.094      0.32795973      -2.3025851       -2.3025851      -21241.583                                                  -21241.583
              1      -10624.156      0.32445375      -2.3025851       -2.3025851      -21243.707                                                  -21243.707
              2       -10625.23       0.3180065      -2.3025851       -2.3025851      -21245.855                                                  -21245.855
              1       -10625.04      0.31983107      -2.3025851       -2.3025851      -21245.475                                                  -21245.475
              2      -10625.239       0.3178944      -2.3025851       -2.3025851      -21245.872                                                  -21245.872
              1       -10625.11      0.31071367      -2.3025851       -2.3025851      -21245.614                                                  -21245.614
              1      -10623.231      0.30215402      -2.3025851       -2.3025851      -21241.858                                                  -21241.858
              1      -10625.229      0.31196349      -2.3025851       -2.3025851      -21245.853                                                  -21245.853
              1      -10624.398        0.306426      -2.3025851       -2.3025851      -21244.191                                                  -21244.191
              2      -10624.516      0.30698038      -2.3025851       -2.3025851      -21244.427                                                  -21244.427
              1      -10625.346      0.31449088      -2.3025851       -2.3025851      -21246.087                                                  -21246.087
              2       -10625.32      0.31350814      -2.3025851       -2.3025851      -21246.035                                                  -21246.035
              1      -10624.687      0.32205902      -2.3025851       -2.3025851      -21244.768                                                  -21244.768
              2      -10624.749       0.3082002      -2.3025851       -2.3025851      -21244.893                                                  -21244.893
              2      -10625.098      0.31936108      -2.3025851       -2.3025851       -21245.59                                                   -21245.59
              1      -10625.324      0.31360232      -2.3025851       -2.3025851      -21246.042                                                  -21246.042
              1      -10625.093      0.31939975      -2.3025851       -2.3025851      -21245.581                                                  -21245.581
              1      -10625.326      0.31634181      -2.3025851       -2.3025851      -21246.046                                                  -21246.046
              4      -10625.335      0.31394641      -2.3025851       -2.3025851      -21246.064                                                  -21246.064
              3      -10624.937      0.32057887      -2.3025851       -2.3025851      -21245.268                                                  -21245.268
              1      -10624.312      0.32381978      -2.3025851       -2.3025851      -21244.019                                                  -21244.019
              1      -10625.209       0.3182661      -2.3025851       -2.3025851      -21245.812                                                  -21245.812
              1      -10625.347      0.31544643      -2.3025851       -2.3025851      -21246.088                                                  -21246.088
              1      -10625.277      0.31265178      -2.3025851       -2.3025851      -21245.949                                                  -21245.949
              1      -10624.564      0.30721654      -2.3025851       -2.3025851      -21244.524                                                  -21244.524
              2       -10624.96      0.30952747      -2.3025851       -2.3025851      -21245.314                                                  -21245.314
              4      -10625.237       0.3120717      -2.3025851       -2.3025851       -21245.87                                                   -21245.87
              1      -10625.334       0.3160789      -2.3025851       -2.3025851      -21246.063                                                  -21246.063
              6      -10625.313      0.31333538      -2.3025851       -2.3025851      -21246.021                                                  -21246.021
              4      -10625.349      0.31520123      -2.3025851       -2.3025851      -21246.092                                                  -21246.092
              2      -10625.051      0.31975015      -2.3025851       -2.3025851      -21245.496                                                  -21245.496
              2      -10625.122       0.3108228      -2.3025851       -2.3025851      -21245.638                                                  -21245.638
              2      -10625.126      0.31085879      -2.3025851       -2.3025851      -21245.646                                                  -21245.646
              1      -10625.304      0.31684785      -2.3025851       -2.3025851      -21246.003                                                  -21246.003
              1      -10625.044      0.31016194      -2.3025851       -2.3025851      -21245.484                                                  -21245.484
              1      -10625.324      0.31639382      -2.3025851       -2.3025851      -21246.042                                                  -21246.042
              2      -10625.216      0.31180245      -2.3025851       -2.3025851      -21245.826                                                  -21245.826
              1      -10624.375      0.32355002      -2.3025851       -2.3025851      -21244.145                                                  -21244.145
              2      -10625.332      0.31613319      -2.3025851       -2.3025851       -21246.06                                                   -21246.06
              1      -10625.008      0.30988179      -2.3025851       -2.3025851      -21245.411                                                  -21245.411
              1      -10624.591      0.32254969      -2.3025851       -2.3025851      -21244.577                                                  -21244.577
              3      -10625.049      0.31019483      -2.3025851       -2.3025851      -21245.492                                                  -21245.492
              4      -10625.349      0.31487918      -2.3025851       -2.3025851      -21246.093                                                  -21246.093
              1      -10624.957      0.30950598      -2.3025851       -2.3025851      -21245.308                                                  -21245.308
              1      -10625.307      0.31320274      -2.3025851       -2.3025851      -21246.009                                                  -21246.009
              1      -10625.299      0.31695437      -2.3025851       -2.3025851      -21245.993                                                  -21245.993
              1      -10625.249      0.31776211      -2.3025851       -2.3025851      -21245.892                                                  -21245.892
              1      -10624.428      0.32331591      -2.3025851       -2.3025851      -21244.251                                                  -21244.251
              1      -10624.836      0.32121742      -2.3025851       -2.3025851      -21245.067                                                  -21245.067
              1      -10625.349      0.31474413      -2.3025851       -2.3025851      -21246.092                                                  -21246.092
              7       -10625.06      0.31967181      -2.3025851       -2.3025851      -21245.516                                                  -21245.516
              1      -10624.874      0.32098512      -2.3025851       -2.3025851      -21245.143                                                  -21245.143
              4      -10624.289      0.32391502      -2.3025851       -2.3025851      -21243.973                                                  -21243.973
              2      -10624.936      0.32058424      -2.3025851       -2.3025851      -21245.266                                                  -21245.266
              1      -10625.182      0.31141442      -2.3025851       -2.3025851      -21245.758                                                  -21245.758
              1      -10624.793      0.32146969      -2.3025851       -2.3025851      -21244.982                                                  -21244.982
              1      -10625.167      0.31125866      -2.3025851       -2.3025851      -21245.728                                                  -21245.728
              2       -10624.91       0.3091891      -2.3025851       -2.3025851      -21245.215                                                  -21245.215
              1      -10624.985      0.30970813      -2.3025851       -2.3025851      -21245.364                                                  -21245.364
              2      -10624.488      0.30684537      -2.3025851       -2.3025851      -21244.372                                                  -21244.372
              1      -10624.772      0.30833373      -2.3025851       -2.3025851       -21244.94                                                   -21244.94
              1      -10624.362      0.30626468      -2.3025851       -2.3025851       -21244.12                                                   -21244.12
              1       -10625.09      0.31053566      -2.3025851       -2.3025851      -21245.574                                                  -21245.574
              1      -10625.349      0.31515319      -2.3025851       -2.3025851      -21246.093                                                  -21246.093
              3       -10625.24      0.31210644      -2.3025851       -2.3025851      -21245.875                                                  -21245.875
              1      -10625.347      0.31458284      -2.3025851       -2.3025851      -21246.089                                                  -21246.089
              2       -10625.17      0.31129697      -2.3025851       -2.3025851      -21245.735                                                  -21245.735
              1      -10625.132      0.31905094      -2.3025851       -2.3025851      -21245.659                                                  -21245.659
              1      -10625.349       0.3148882      -2.3025851       -2.3025851      -21246.093                                                  -21246.093
              1      -10625.344      0.31561677      -2.3025851       -2.3025851      -21246.084                                                  -21246.084
              3      -10625.338      0.31407918      -2.3025851       -2.3025851      -21246.071                                                  -21246.071
              2      -10625.053      0.31973368      -2.3025851       -2.3025851        -21245.5                                                    -21245.5
              1      -10625.212      0.31821985      -2.3025851       -2.3025851       -21245.82                                                   -21245.82
              1      -10625.308       0.3167685      -2.3025851       -2.3025851      -21246.011                                                  -21246.011
              2      -10624.895      0.32085389      -2.3025851       -2.3025851      -21245.184                                                  -21245.184
              1      -10624.643      0.32228632      -2.3025851       -2.3025851      -21244.681                                                  -21244.681
              1      -10624.707      0.32195429      -2.3025851       -2.3025851      -21244.808                                                  -21244.808
              1      -10625.008      0.32007662      -2.3025851       -2.3025851      -21245.411                                                  -21245.411
              2      -10625.322      0.31643464      -2.3025851       -2.3025851      -21246.039                                                  -21246.039
              2      -10624.865      0.32103842      -2.3025851       -2.3025851      -21245.126                                                  -21245.126
              1      -10625.261      0.31758919      -2.3025851       -2.3025851      -21245.917                                                  -21245.917
              4      -10625.144       0.3189393      -2.3025851       -2.3025851      -21245.683                                                  -21245.683
              1      -10625.214      0.31819874      -2.3025851       -2.3025851      -21245.823                                                  -21245.823
              2      -10624.814      0.32134938      -2.3025851       -2.3025851      -21245.022                                                  -21245.022
              1      -10622.649      0.32916422      -2.3025851       -2.3025851      -21240.694                                                  -21240.694
              1      -10622.342      0.32993867      -2.3025851       -2.3025851      -21240.079                                                  -21240.079
              1      -10621.945      0.33088283      -2.3025851       -2.3025851      -21239.285                                                  -21239.285
              2      -10623.865      0.32553472      -2.3025851       -2.3025851      -21243.124                                                  -21243.124
              1      -10623.869       0.3255178      -2.3025851       -2.3025851      -21243.133                                                  -21243.133
              1      -10624.956      0.32044452      -2.3025851       -2.3025851      -21245.308                                                  -21245.308
              1       -10625.07      0.31036934      -2.3025851       -2.3025851      -21245.535                                                  -21245.535
              1      -10625.348       0.3147084      -2.3025851       -2.3025851      -21246.091                                                  -21246.091
              1      -10625.343       0.3142899      -2.3025851       -2.3025851       -21246.08                                                   -21246.08
              1      -10624.457      0.30669768      -2.3025851       -2.3025851      -21244.309                                                  -21244.309
              3      -10624.225      0.30567212      -2.3025851       -2.3025851      -21243.845                                                  -21243.845
              1      -10625.293      0.31705873      -2.3025851       -2.3025851      -21245.982                                                  -21245.982
              1        -10625.1      0.31934373      -2.3025851       -2.3025851      -21245.594                                                  -21245.594
              1      -10625.343      0.31431847      -2.3025851       -2.3025851      -21246.081                                                  -21246.081
              1      -10624.254      0.32406086      -2.3025851       -2.3025851      -21243.903                                                  -21243.903
              1      -10625.258      0.31236137      -2.3025851       -2.3025851      -21245.911                                                  -21245.911
              2      -10625.281      0.31727599      -2.3025851       -2.3025851      -21245.957                                                  -21245.957
              3      -10624.882      0.32093613      -2.3025851       -2.3025851      -21245.158                                                  -21245.158
              1      -10624.702      0.32197665      -2.3025851       -2.3025851        -21244.8                                                    -21244.8
              1      -10625.344      0.31560988      -2.3025851       -2.3025851      -21246.084                                                  -21246.084
              1      -10625.281      0.31727361      -2.3025851       -2.3025851      -21245.957                                                  -21245.957
              1      -10625.134      0.31903192      -2.3025851       -2.3025851      -21245.664                                                  -21245.664
              1      -10625.304      0.31314222      -2.3025851       -2.3025851      -21246.003                                                  -21246.003
              2      -10625.348      0.31533525      -2.3025851       -2.3025851      -21246.091                                                  -21246.091
              1      -10625.165      0.31873207      -2.3025851       -2.3025851      -21245.725                                                  -21245.725
              1      -10624.985      0.32024286      -2.3025851       -2.3025851      -21245.365                                                  -21245.365
              1      -10625.108      0.31069934      -2.3025851       -2.3025851      -21245.611                                                  -21245.611
              1      -10625.338      0.31591841      -2.3025851       -2.3025851      -21246.071                                                  -21246.071
              1      -10625.264      0.31245277      -2.3025851       -2.3025851      -21245.924                                                  -21245.924
              1       -10623.84      0.30417569      -2.3025851       -2.3025851      -21243.075                                                  -21243.075
              1      -10625.116       0.3107711      -2.3025851       -2.3025851      -21245.627                                                  -21245.627
              2      -10625.333      0.31389042      -2.3025851       -2.3025851      -21246.061                                                  -21246.061
              1      -10624.285      0.30592735      -2.3025851       -2.3025851      -21243.966                                                  -21243.966
              2      -10625.244      0.31216359      -2.3025851       -2.3025851      -21245.883                                                  -21245.883
              1      -10625.298      0.31697643      -2.3025851       -2.3025851       -21245.99                                                   -21245.99
              1      -10625.187      0.31850903      -2.3025851       -2.3025851      -21245.768                                                  -21245.768
              2      -10625.324      0.31360148      -2.3025851       -2.3025851      -21246.042                                                  -21246.042
              2      -10624.966       0.3095742      -2.3025851       -2.3025851      -21245.327                                                  -21245.327
              1      -10625.294      0.31294867      -2.3025851       -2.3025851      -21245.983                                                  -21245.983
              2      -10624.588      0.30733627      -2.3025851       -2.3025851      -21244.571                                                  -21244.571
              1      -10624.647      0.30764039      -2.3025851       -2.3025851      -21244.689                                                  -21244.689
              2      -10622.145      0.29915607      -2.3025851       -2.3025851      -21239.686                                                  -21239.686
              1      -10622.518        0.300119      -2.3025851       -2.3025851      -21240.431                                                  -21240.431
              2      -10621.208      0.29694854      -2.3025851       -2.3025851       -21237.81                                                   -21237.81
              2      -10621.377      0.29732579      -2.3025851       -2.3025851      -21238.148                                                  -21238.148
              1      -10623.219      0.30211503      -2.3025851       -2.3025851      -21241.832                                                  -21241.832
              1      -10623.347      0.30251414      -2.3025851       -2.3025851      -21242.089                                                  -21242.089
              2      -10625.343      0.31432741      -2.3025851       -2.3025851      -21246.082                                                  -21246.082
              4      -10625.316      0.31659817      -2.3025851       -2.3025851      -21246.026                                                  -21246.026
              1      -10624.519      0.32289852      -2.3025851       -2.3025851      -21244.432                                                  -21244.432
              2      -10623.017       0.3281742      -2.3025851       -2.3025851       -21241.43                                                   -21241.43
              2      -10623.535      0.30312233      -2.3025851       -2.3025851      -21242.465                                                  -21242.465
              3      -10624.831      0.30868219      -2.3025851       -2.3025851      -21245.056                                                  -21245.056
              1      -10625.208      0.31171328      -2.3025851       -2.3025851      -21245.811                                                  -21245.811
              1      -10625.127      0.31087501      -2.3025851       -2.3025851       -21245.65                                                   -21245.65
              1      -10625.309      0.31674504      -2.3025851       -2.3025851      -21246.013                                                  -21246.013
              1       -10625.21       0.3182543      -2.3025851       -2.3025851      -21245.814                                                  -21245.814
              1      -10625.252      0.31772105      -2.3025851       -2.3025851      -21245.898                                                  -21245.898
              2      -10625.345      0.31444893      -2.3025851       -2.3025851      -21246.086                                                  -21246.086
              1       -10625.22      0.31812562      -2.3025851       -2.3025851      -21245.836                                                  -21245.836
              1      -10624.721      0.30804471      -2.3025851       -2.3025851      -21244.838                                                  -21244.838
              1      -10624.964       0.3203928      -2.3025851       -2.3025851      -21245.323                                                  -21245.323
              2      -10624.902      0.30913199      -2.3025851       -2.3025851      -21245.198                                                  -21245.198
              2      -10625.345      0.31441626      -2.3025851       -2.3025851      -21246.085                                                  -21246.085
              1      -10625.256      0.31233007      -2.3025851       -2.3025851      -21245.907                                                  -21245.907
              1      -10625.337      0.31402875      -2.3025851       -2.3025851      -21246.069                                                  -21246.069
              1      -10625.178      0.31860029      -2.3025851       -2.3025851      -21245.751                                                  -21245.751
              1      -10624.601      0.32249893      -2.3025851       -2.3025851      -21244.597                                                  -21244.597
              1      -10625.259      0.31761764      -2.3025851       -2.3025851      -21245.913                                                  -21245.913
              1      -10623.938      0.32527435      -2.3025851       -2.3025851      -21243.271                                                  -21243.271
              1       -10625.18      0.31857696      -2.3025851       -2.3025851      -21245.755                                                  -21245.755
              1      -10624.556      0.30717335      -2.3025851       -2.3025851      -21244.507                                                  -21244.507
              1      -10625.349      0.31483593      -2.3025851       -2.3025851      -21246.093                                                  -21246.093
              1      -10625.195       0.3184166      -2.3025851       -2.3025851      -21245.785                                                  -21245.785
              1      -10624.803      0.32141193      -2.3025851       -2.3025851      -21245.002                                                  -21245.002
              2      -10624.776      0.32156775      -2.3025851       -2.3025851      -21244.947                                                  -21244.947
              1      -10625.155      0.31883903      -2.3025851       -2.3025851      -21245.704                                                  -21245.704
              1      -10625.114      0.31921961      -2.3025851       -2.3025851      -21245.623                                                  -21245.623
              2      -10625.237      0.31206143      -2.3025851       -2.3025851      -21245.868                                                  -21245.868
              1      -10625.341      0.31422567      -2.3025851       -2.3025851      -21246.078                                                  -21246.078
              3      -10625.091      0.31941728      -2.3025851       -2.3025851      -21245.577                                                  -21245.577
              1      -10625.336      0.31398295      -2.3025851       -2.3025851      -21246.066                                                  -21246.066
              2       -10625.31      0.31671757      -2.3025851       -2.3025851      -21246.016                                                  -21246.016
              1      -10625.338       0.3140652      -2.3025851       -2.3025851      -21246.071                                                  -21246.071
              3      -10625.317      0.31342023      -2.3025851       -2.3025851      -21246.028                                                  -21246.028
              2      -10624.377      0.30633262      -2.3025851       -2.3025851       -21244.15                                                   -21244.15
              2      -10624.922      0.32067862      -2.3025851       -2.3025851      -21245.238                                                  -21245.238
              1      -10625.315      0.31661469      -2.3025851       -2.3025851      -21246.025                                                  -21246.025
              2      -10625.348      0.31462388      -2.3025851       -2.3025851       -21246.09                                                   -21246.09
              1      -10625.293      0.31293237      -2.3025851       -2.3025851      -21245.982                                                  -21245.982
              1      -10625.043       0.3101482      -2.3025851       -2.3025851       -21245.48                                                   -21245.48
              1      -10624.926      0.30929419      -2.3025851       -2.3025851      -21245.247                                                  -21245.247
              1      -10625.347       0.3154651      -2.3025851       -2.3025851      -21246.088                                                  -21246.088
              1       -10623.52      0.32668518      -2.3025851       -2.3025851      -21242.434                                                  -21242.434
              2      -10624.346      0.32367423      -2.3025851       -2.3025851      -21244.087                                                  -21244.087
              1      -10624.103      0.32465865      -2.3025851       -2.3025851      -21243.602                                                  -21243.602
              2      -10625.131      0.31906152      -2.3025851       -2.3025851      -21245.657                                                  -21245.657
              1      -10625.327      0.31629306      -2.3025851       -2.3025851      -21246.049                                                  -21246.049
              1      -10625.338      0.31406479      -2.3025851       -2.3025851      -21246.071                                                  -21246.071
              1      -10625.314      0.31662841      -2.3025851       -2.3025851      -21246.024                                                  -21246.024
              1      -10624.866      0.32103642      -2.3025851       -2.3025851      -21245.126                                                  -21245.126
              1      -10623.908      0.32538382      -2.3025851       -2.3025851       -21243.21                                                   -21243.21
              1      -10625.096      0.31059068      -2.3025851       -2.3025851      -21245.587                                                  -21245.587
              1      -10625.344      0.31433827      -2.3025851       -2.3025851      -21246.082                                                  -21246.082
              1      -10624.287      0.30593464      -2.3025851       -2.3025851      -21243.969                                                  -21243.969
              1      -10624.951      0.32048099      -2.3025851       -2.3025851      -21245.297                                                  -21245.297
              2      -10625.105      0.31067048      -2.3025851       -2.3025851      -21245.605                                                  -21245.605
              1      -10624.785      0.30840979      -2.3025851       -2.3025851      -21244.966                                                  -21244.966
              3      -10624.993      0.30976606      -2.3025851       -2.3025851       -21245.38                                                   -21245.38
              2      -10625.217      0.31816942      -2.3025851       -2.3025851      -21245.828                                                  -21245.828
              1      -10625.349      0.31508354      -2.3025851       -2.3025851      -21246.093                                                  -21246.093
              1      -10625.349      0.31493172      -2.3025851       -2.3025851      -21246.093                                                  -21246.093
              1      -10625.278      0.31732598      -2.3025851       -2.3025851      -21245.951                                                  -21245.951
              2      -10625.349      0.31491152      -2.3025851       -2.3025851      -21246.093                                                  -21246.093
              6      -10625.046      0.31978646      -2.3025851       -2.3025851      -21245.487                                                  -21245.487
              1       -10624.22        0.324199      -2.3025851       -2.3025851      -21243.835                                                  -21243.835
              1      -10624.566       0.3226706      -2.3025851       -2.3025851      -21244.527                                                  -21244.527
              1      -10623.629        0.326334      -2.3025851       -2.3025851      -21242.653                                                  -21242.653
              3      -10623.423      0.32698711      -2.3025851       -2.3025851      -21242.241                                                  -21242.241
              1      -10624.007      0.32502388      -2.3025851       -2.3025851      -21243.408                                                  -21243.408
              1       -10625.04      0.31983056      -2.3025851       -2.3025851      -21245.476                                                  -21245.476
              5      -10625.257      0.31764596      -2.3025851       -2.3025851      -21245.909                                                  -21245.909
              1      -10625.312      0.31331924      -2.3025851       -2.3025851       -21246.02                                                   -21246.02
              2      -10625.336      0.31599391      -2.3025851       -2.3025851      -21246.068                                                  -21246.068
              3      -10625.262      0.31756749      -2.3025851       -2.3025851       -21245.92                                                   -21245.92
              2      -10625.295      0.31295707      -2.3025851       -2.3025851      -21245.984                                                  -21245.984
              2      -10625.346      0.31452609      -2.3025851       -2.3025851      -21246.088                                                  -21246.088
              1      -10624.985      0.32024518      -2.3025851       -2.3025851      -21245.364                                                  -21245.364
              4       -10625.05      0.31975337      -2.3025851       -2.3025851      -21245.495                                                  -21245.495
              2       -10625.34      0.31414811      -2.3025851       -2.3025851      -21246.075                                                  -21246.075
              2      -10625.245      0.31781632      -2.3025851       -2.3025851      -21245.884                                                  -21245.884
              2      -10624.883       0.3090114      -2.3025851       -2.3025851      -21245.161                                                  -21245.161
              1      -10624.606      0.30742526      -2.3025851       -2.3025851      -21244.606                                                  -21244.606
              2      -10624.152      0.30537088      -2.3025851       -2.3025851      -21243.699                                                  -21243.699
              2      -10624.622      0.30750945      -2.3025851       -2.3025851      -21244.639                                                  -21244.639
              7      -10625.083      0.31047669      -2.3025851       -2.3025851       -21245.56                                                   -21245.56
              2      -10625.075      0.31041517      -2.3025851       -2.3025851      -21245.546                                                  -21245.546
              2       -10624.96      0.30953123      -2.3025851       -2.3025851      -21245.315                                                  -21245.315
              2       -10625.31      0.31673545      -2.3025851       -2.3025851      -21246.014                                                  -21246.014
              3      -10624.809      0.32137856      -2.3025851       -2.3025851      -21245.013                                                  -21245.013
              2      -10623.465      0.32685767      -2.3025851       -2.3025851      -21242.324                                                  -21242.324
              6      -10620.606      0.33370438      -2.3025851       -2.3025851      -21236.607                                                  -21236.607
              2          -10623      0.32822446      -2.3025851       -2.3025851      -21241.394                                                  -21241.394
              3      -10624.404      0.32342208      -2.3025851       -2.3025851      -21244.202                                                  -21244.202
              1      -10625.319      0.31348989      -2.3025851       -2.3025851      -21246.034                                                  -21246.034
              1      -10625.015      0.32002079      -2.3025851       -2.3025851      -21245.426                                                  -21245.426
              1      -10625.274      0.31738381      -2.3025851       -2.3025851      -21245.944                                                  -21245.944
              1      -10625.124      0.31912978      -2.3025851       -2.3025851      -21245.642                                                  -21245.642
              1      -10624.909      0.32076226      -2.3025851       -2.3025851      -21245.213                                                  -21245.213
              1      -10625.326      0.31366186      -2.3025851       -2.3025851      -21246.047                                                  -21246.047
              1      -10624.733      0.32181261      -2.3025851       -2.3025851       -21244.86                                                   -21244.86
              1      -10625.347      0.31542071      -2.3025851       -2.3025851      -21246.089                                                  -21246.089
              1      -10625.299      0.31694251      -2.3025851       -2.3025851      -21245.994                                                  -21245.994
              1      -10625.328      0.31373675      -2.3025851       -2.3025851      -21246.052                                                  -21246.052
              2      -10625.061      0.31966416      -2.3025851       -2.3025851      -21245.518                                                  -21245.518
              1      -10625.297      0.31299896      -2.3025851       -2.3025851      -21245.989                                                  -21245.989
              6      -10625.085      0.31050068      -2.3025851       -2.3025851      -21245.566                                                  -21245.566
              1      -10625.237      0.31791448      -2.3025851       -2.3025851      -21245.869                                                  -21245.869
              1      -10625.282      0.31273505      -2.3025851       -2.3025851      -21245.959                                                  -21245.959
              1      -10623.254      0.30222395      -2.3025851       -2.3025851      -21241.903                                                  -21241.903
              1      -10623.873      0.30429555      -2.3025851       -2.3025851       -21243.14                                                   -21243.14
              1      -10624.118      0.30523481      -2.3025851       -2.3025851      -21243.631                                                  -21243.631
              1      -10625.268       0.3125056      -2.3025851       -2.3025851      -21245.931                                                  -21245.931
              1      -10624.726      0.30806885      -2.3025851       -2.3025851      -21244.847                                                  -21244.847
              1      -10625.267      0.31750681      -2.3025851       -2.3025851      -21245.928                                                  -21245.928
              1      -10625.349      0.31492043      -2.3025851       -2.3025851      -21246.093                                                  -21246.093
              1       -10625.09       0.3105423      -2.3025851       -2.3025851      -21245.576                                                  -21245.576
              2      -10624.432      0.30658121      -2.3025851       -2.3025851      -21244.259                                                  -21244.259
              5       -10625.27      0.31254218      -2.3025851       -2.3025851      -21245.935                                                  -21245.935
              2      -10624.985      0.32024459      -2.3025851       -2.3025851      -21245.365                                                  -21245.365
              3      -10625.347      0.31542006      -2.3025851       -2.3025851      -21246.089                                                  -21246.089
              1      -10624.475      0.30677959      -2.3025851       -2.3025851      -21244.344                                                  -21244.344
              1      -10624.204      0.30558304      -2.3025851       -2.3025851      -21243.802                                                  -21243.802
              1      -10625.319      0.31348601      -2.3025851       -2.3025851      -21246.033                                                  -21246.033
              1      -10625.331      0.31382286      -2.3025851       -2.3025851      -21246.057                                                  -21246.057
              1      -10625.267      0.31248432      -2.3025851       -2.3025851      -21245.928                                                  -21245.928
              1      -10625.217      0.31182127      -2.3025851       -2.3025851       -21245.83                                                   -21245.83
              2      -10625.326      0.31365326      -2.3025851       -2.3025851      -21246.046                                                  -21246.046
              2      -10624.755       0.3082358      -2.3025851       -2.3025851      -21244.906                                                  -21244.906
              3      -10624.687      0.30785579      -2.3025851       -2.3025851      -21244.769                                                  -21244.769
              1      -10625.107      0.31068982      -2.3025851       -2.3025851      -21245.609                                                  -21245.609
              3      -10624.168      0.30543422      -2.3025851       -2.3025851       -21243.73                                                   -21243.73
              2      -10625.124      0.31084438      -2.3025851       -2.3025851      -21245.643                                                  -21245.643
              4      -10625.346      0.31447702      -2.3025851       -2.3025851      -21246.086                                                  -21246.086
              1      -10625.347      0.31456821      -2.3025851       -2.3025851      -21246.089                                                  -21246.089
              1      -10625.306      0.31681783      -2.3025851       -2.3025851      -21246.006                                                  -21246.006
              1      -10625.243      0.31214605      -2.3025851       -2.3025851      -21245.881                                                  -21245.881
              1      -10625.163      0.31122242      -2.3025851       -2.3025851      -21245.721                                                  -21245.721
              1      -10625.154      0.31884526      -2.3025851       -2.3025851      -21245.703                                                  -21245.703
              3      -10624.718      0.30802248      -2.3025851       -2.3025851       -21244.83                                                   -21244.83
              2      -10625.234      0.31203361      -2.3025851       -2.3025851      -21245.863                                                  -21245.863
              2      -10625.103      0.31065518      -2.3025851       -2.3025851      -21245.601                                                  -21245.601
              1      -10625.234      0.31203196      -2.3025851       -2.3025851      -21245.863                                                  -21245.863
              5      -10625.179      0.31858916      -2.3025851       -2.3025851      -21245.753                                                  -21245.753
              1      -10625.346      0.31446581      -2.3025851       -2.3025851      -21246.086                                                  -21246.086
              3      -10623.131      0.32785338      -2.3025851       -2.3025851      -21241.657                                                  -21241.657
              2       -10623.22      0.32759629      -2.3025851       -2.3025851      -21241.834                                                  -21241.834
              1      -10625.315      0.31337318      -2.3025851       -2.3025851      -21246.024                                                  -21246.024
              1      -10625.335      0.31604837      -2.3025851       -2.3025851      -21246.065                                                  -21246.065
              3      -10625.183      0.31142956      -2.3025851       -2.3025851      -21245.761                                                  -21245.761
              1      -10621.991      0.29877275      -2.3025851       -2.3025851      -21239.377                                                  -21239.377
              1      -10623.121      0.30181811      -2.3025851       -2.3025851      -21241.636                                                  -21241.636
              2      -10624.629      0.30754383      -2.3025851       -2.3025851      -21244.652                                                  -21244.652
              2      -10625.201      0.31162941      -2.3025851       -2.3025851      -21245.797                                                  -21245.797
              3      -10625.346      0.31550435      -2.3025851       -2.3025851      -21246.087                                                  -21246.087
              6      -10624.057      0.32483531      -2.3025851       -2.3025851      -21243.509                                                  -21243.509
              1      -10623.421      0.32699251      -2.3025851       -2.3025851      -21242.237                                                  -21242.237
              1      -10624.416      0.32336921      -2.3025851       -2.3025851      -21244.227                                                  -21244.227
              1      -10625.117      0.31077764      -2.3025851       -2.3025851      -21245.628                                                  -21245.628
              4      -10625.098      0.31061065      -2.3025851       -2.3025851      -21245.591                                                  -21245.591
              1      -10624.607       0.3224693      -2.3025851       -2.3025851      -21244.609                                                  -21244.609
              1      -10624.986      0.32023875      -2.3025851       -2.3025851      -21245.366                                                  -21245.366
              1      -10625.015      0.32002479      -2.3025851       -2.3025851      -21245.425                                                  -21245.425
              2      -10625.273      0.31739897      -2.3025851       -2.3025851      -21245.942                                                  -21245.942
              1       -10625.24      0.31788236      -2.3025851       -2.3025851      -21245.874                                                  -21245.874
              3      -10623.893      0.30437095      -2.3025851       -2.3025851      -21243.181                                                  -21243.181
              1      -10624.603      0.30741336      -2.3025851       -2.3025851      -21244.602                                                  -21244.602
              2      -10624.952      0.32047324      -2.3025851       -2.3025851      -21245.299                                                  -21245.299
              1      -10624.732       0.3218174      -2.3025851       -2.3025851      -21244.858                                                  -21244.858
              2      -10625.079      0.31952227      -2.3025851       -2.3025851      -21245.552                                                  -21245.552
              1      -10624.771      0.32160029      -2.3025851       -2.3025851      -21244.936                                                  -21244.936
              3      -10625.257      0.31765217      -2.3025851       -2.3025851      -21245.908                                                  -21245.908
              5      -10624.785       0.3215158      -2.3025851       -2.3025851      -21244.966                                                  -21244.966
              1       -10625.33      0.31621289      -2.3025851       -2.3025851      -21246.055                                                  -21246.055
              4      -10624.563      0.32268689      -2.3025851       -2.3025851      -21244.521                                                  -21244.521
              1      -10625.025      0.31994606      -2.3025851       -2.3025851      -21245.446                                                  -21245.446
              3      -10624.752       0.3082138      -2.3025851       -2.3025851      -21244.898                                                  -21244.898
              1      -10623.737      0.30381177      -2.3025851       -2.3025851       -21242.87                                                   -21242.87
              1      -10625.348      0.31463433      -2.3025851       -2.3025851       -21246.09                                                   -21246.09
              1       -10625.34      0.31417754      -2.3025851       -2.3025851      -21246.076                                                  -21246.076
              2      -10625.272      0.31256675      -2.3025851       -2.3025851      -21245.939                                                  -21245.939
              2      -10624.738      0.30813857      -2.3025851       -2.3025851      -21244.872                                                  -21244.872
              1      -10625.027      0.31002154      -2.3025851       -2.3025851      -21245.448                                                  -21245.448
              1      -10623.608      0.30336459      -2.3025851       -2.3025851       -21242.61                                                   -21242.61
              2      -10623.959      0.30461624      -2.3025851       -2.3025851      -21243.314                                                  -21243.314
              1      -10625.236      0.31205375      -2.3025851       -2.3025851      -21245.867                                                  -21245.867
              3      -10624.814      0.30858057      -2.3025851       -2.3025851      -21245.023                                                  -21245.023
              1      -10624.113      0.30521442      -2.3025851       -2.3025851      -21243.621                                                  -21243.621
              2      -10624.091      0.30512512      -2.3025851       -2.3025851      -21243.576                                                  -21243.576
              1      -10622.131      0.29912078      -2.3025851       -2.3025851      -21239.658                                                  -21239.658
              1       -10623.26       0.3022416      -2.3025851       -2.3025851      -21241.914                                                  -21241.914
              1      -10624.752      0.30821377      -2.3025851       -2.3025851      -21244.898                                                  -21244.898
              2      -10623.366        0.302575      -2.3025851       -2.3025851      -21242.127                                                  -21242.127
              3      -10624.018      0.30484132      -2.3025851       -2.3025851      -21243.431                                                  -21243.431
              1      -10623.136      0.30186602      -2.3025851       -2.3025851      -21241.667                                                  -21241.667
              2      -10622.215       0.2993309      -2.3025851       -2.3025851      -21239.825                                                  -21239.825
              1      -10622.187      0.29925967      -2.3025851       -2.3025851      -21239.768                                                  -21239.768
              1      -10621.964      0.29870626      -2.3025851       -2.3025851      -21239.323                                                  -21239.323
              1      -10624.981       0.3096801      -2.3025851       -2.3025851      -21245.357                                                  -21245.357
              5      -10625.058      0.31969431      -2.3025851       -2.3025851       -21245.51                                                   -21245.51
              1      -10625.294      0.31294741      -2.3025851       -2.3025851      -21245.983                                                  -21245.983
              2      -10625.183      0.31143251      -2.3025851       -2.3025851      -21245.761                                                  -21245.761
              1       -10624.99      0.30974372      -2.3025851       -2.3025851      -21245.374                                                  -21245.374
              3      -10625.162      0.31121241      -2.3025851       -2.3025851      -21245.719                                                  -21245.719
              1      -10624.822      0.32129829      -2.3025851       -2.3025851      -21245.039                                                  -21245.039
              1      -10624.241       0.3241135      -2.3025851       -2.3025851      -21243.877                                                  -21243.877
              2      -10625.208      0.31827523      -2.3025851       -2.3025851       -21245.81                                                   -21245.81
              2      -10625.343      0.31568311      -2.3025851       -2.3025851      -21246.081                                                  -21246.081
              2      -10625.057      0.31026173      -2.3025851       -2.3025851      -21245.508                                                  -21245.508
              3      -10625.246       0.3177955      -2.3025851       -2.3025851      -21245.887                                                  -21245.887
              3      -10625.271      0.31743555      -2.3025851       -2.3025851      -21245.937                                                  -21245.937
              1      -10625.331        0.313828      -2.3025851       -2.3025851      -21246.058                                                  -21246.058
              2      -10625.343       0.3157165      -2.3025851       -2.3025851       -21246.08                                                   -21246.08
              2      -10624.944      0.30942106      -2.3025851       -2.3025851      -21245.283                                                  -21245.283
              2      -10625.349      0.31483679      -2.3025851       -2.3025851      -21246.093                                                  -21246.093
              4      -10625.345       0.3143948      -2.3025851       -2.3025851      -21246.084                                                  -21246.084
              2      -10625.276      0.31735014      -2.3025851       -2.3025851      -21245.948                                                  -21245.948
              2      -10625.187      0.31850282      -2.3025851       -2.3025851      -21245.769                                                  -21245.769
              1      -10624.531      0.32283823      -2.3025851       -2.3025851      -21244.458                                                  -21244.458
              1      -10624.689      0.32204622      -2.3025851       -2.3025851      -21244.773                                                  -21244.773
              2      -10625.299      0.31303273      -2.3025851       -2.3025851      -21245.992                                                  -21245.992
              1      -10624.588      0.30733396      -2.3025851       -2.3025851       -21244.57                                                   -21244.57
              1      -10625.296      0.31700934      -2.3025851       -2.3025851      -21245.987                                                  -21245.987
              1      -10624.935      0.30935671      -2.3025851       -2.3025851      -21245.265                                                  -21245.265
              1      -10624.468      0.32313563      -2.3025851       -2.3025851       -21244.33                                                   -21244.33
              1      -10624.441      0.32325624      -2.3025851       -2.3025851      -21244.277                                                  -21244.277
              2      -10624.981      0.32027477      -2.3025851       -2.3025851      -21245.356                                                  -21245.356
              1       -10625.32      0.31650525      -2.3025851       -2.3025851      -21246.034                                                  -21246.034
              1      -10624.832      0.32124254      -2.3025851       -2.3025851      -21245.059                                                  -21245.059
              1      -10625.349        0.315208      -2.3025851       -2.3025851      -21246.092                                                  -21246.092
              1      -10624.746      0.32173955      -2.3025851       -2.3025851      -21244.886                                                  -21244.886
              1      -10624.382      0.32351817      -2.3025851       -2.3025851      -21244.159                                                  -21244.159
              1      -10625.333      0.31389271      -2.3025851       -2.3025851      -21246.061                                                  -21246.061
              1      -10625.349      0.31505742      -2.3025851       -2.3025851      -21246.093                                                  -21246.093
              5      -10625.346      0.31450698      -2.3025851       -2.3025851      -21246.087                                                  -21246.087
              1      -10625.318      0.31653971      -2.3025851       -2.3025851      -21246.031                                                  -21246.031
              3      -10625.343      0.31570691      -2.3025851       -2.3025851       -21246.08                                                   -21246.08
              1      -10625.325      0.31364616      -2.3025851       -2.3025851      -21246.045                                                  -21246.045
              2      -10624.642      0.32229172      -2.3025851       -2.3025851      -21244.679                                                  -21244.679
              2      -10624.764      0.32164056      -2.3025851       -2.3025851      -21244.922                                                  -21244.922
              1      -10625.217      0.31181932      -2.3025851       -2.3025851      -21245.829                                                  -21245.829
              1      -10624.645       0.3076271      -2.3025851       -2.3025851      -21244.684                                                  -21244.684
              3      -10624.884      0.30901599      -2.3025851       -2.3025851      -21245.163                                                  -21245.163
              1      -10624.753      0.30822454      -2.3025851       -2.3025851      -21244.902                                                  -21244.902
              3      -10624.917      0.30923105      -2.3025851       -2.3025851      -21245.228                                                  -21245.228
              1      -10624.803       0.3085131      -2.3025851       -2.3025851      -21245.001                                                  -21245.001
              1      -10625.269      0.31252159      -2.3025851       -2.3025851      -21245.933                                                  -21245.933
              6      -10625.199      0.31837142      -2.3025851       -2.3025851      -21245.793                                                  -21245.793
              4      -10625.339      0.31411745      -2.3025851       -2.3025851      -21246.073                                                  -21246.073
              4      -10625.247      0.31779123      -2.3025851       -2.3025851      -21245.888                                                  -21245.888
              1      -10625.332      0.31613699      -2.3025851       -2.3025851      -21246.059                                                  -21246.059
              2      -10625.061      0.31029163      -2.3025851       -2.3025851      -21245.516                                                  -21245.516
              1      -10625.272      0.31256774      -2.3025851       -2.3025851      -21245.939                                                  -21245.939
              2      -10625.176      0.31135022      -2.3025851       -2.3025851      -21245.746                                                  -21245.746
              2      -10624.043       0.3049391      -2.3025851       -2.3025851      -21243.482                                                  -21243.482
              1      -10624.911       0.3091913      -2.3025851       -2.3025851      -21245.216                                                  -21245.216
              1      -10625.259      0.31761504      -2.3025851       -2.3025851      -21245.913                                                  -21245.913
              2      -10625.099      0.31061937      -2.3025851       -2.3025851      -21245.593                                                  -21245.593
              2      -10625.276      0.31735042      -2.3025851       -2.3025851      -21245.948                                                  -21245.948
              1      -10625.225      0.31806778      -2.3025851       -2.3025851      -21245.845                                                  -21245.845
              2      -10625.348      0.31467009      -2.3025851       -2.3025851      -21246.091                                                  -21246.091
              2      -10625.346      0.31448166      -2.3025851       -2.3025851      -21246.087                                                  -21246.087
              1      -10624.752      0.32170641      -2.3025851       -2.3025851      -21244.898                                                  -21244.898
              1      -10624.916      0.32071789      -2.3025851       -2.3025851      -21245.226                                                  -21245.226
              1       -10625.03       0.3199101      -2.3025851       -2.3025851      -21245.455                                                  -21245.455
              2      -10625.287      0.31717242      -2.3025851       -2.3025851      -21245.969                                                  -21245.969
              1       -10624.65      0.32225143      -2.3025851       -2.3025851      -21244.695                                                  -21244.695
              1      -10624.821      0.32130881      -2.3025851       -2.3025851      -21245.036                                                  -21245.036
              1      -10624.791      0.32148479      -2.3025851       -2.3025851      -21244.976                                                  -21244.976
              2      -10625.217      0.31181562      -2.3025851       -2.3025851      -21245.829                                                  -21245.829
              1       -10625.17      0.31868738      -2.3025851       -2.3025851      -21245.734                                                  -21245.734
              3      -10625.106      0.31929015      -2.3025851       -2.3025851      -21245.607                                                  -21245.607
              1      -10625.168      0.31870328      -2.3025851       -2.3025851      -21245.731                                                  -21245.731
              3      -10624.538      0.32280485      -2.3025851       -2.3025851      -21244.472                                                  -21244.472
              2      -10624.716      0.32190088      -2.3025851       -2.3025851      -21244.828                                                  -21244.828
              4      -10624.944      0.30942181      -2.3025851       -2.3025851      -21245.284                                                  -21245.284
              3      -10625.294      0.31295276      -2.3025851       -2.3025851      -21245.984                                                  -21245.984
              2      -10625.058      0.31027287      -2.3025851       -2.3025851      -21245.511                                                  -21245.511
              1      -10624.835      0.30871098      -2.3025851       -2.3025851      -21245.066                                                  -21245.066
              2      -10625.296      0.31298366      -2.3025851       -2.3025851      -21245.987                                                  -21245.987
              1      -10625.241      0.31212086      -2.3025851       -2.3025851      -21245.877                                                  -21245.877
              2      -10625.339      0.31410316      -2.3025851       -2.3025851      -21246.072                                                  -21246.072
              2      -10625.346      0.31449438      -2.3025851       -2.3025851      -21246.087                                                  -21246.087
              2      -10625.339      0.31588584      -2.3025851       -2.3025851      -21246.073                                                  -21246.073
              4      -10625.321      0.31646923      -2.3025851       -2.3025851      -21246.037                                                  -21246.037
              1      -10625.343      0.31430678      -2.3025851       -2.3025851      -21246.081                                                  -21246.081
              1      -10624.501      0.32297985      -2.3025851       -2.3025851      -21244.398                                                  -21244.398
              1      -10624.782      0.30838974      -2.3025851       -2.3025851      -21244.959                                                  -21244.959
              1      -10624.931      0.30933028      -2.3025851       -2.3025851      -21245.257                                                  -21245.257
              1      -10625.347         0.31541      -2.3025851       -2.3025851      -21246.089                                                  -21246.089
              1      -10624.639      0.32231034      -2.3025851       -2.3025851      -21244.672                                                  -21244.672
              2      -10625.179      0.31858732      -2.3025851       -2.3025851      -21245.754                                                  -21245.754
              2      -10624.446      0.32323617      -2.3025851       -2.3025851      -21244.286                                                  -21244.286
              1      -10625.244      0.31782074      -2.3025851       -2.3025851      -21245.884                                                  -21245.884
              2      -10623.769      0.30392326      -2.3025851       -2.3025851      -21242.934                                                  -21242.934
              1      -10624.209      0.30560374      -2.3025851       -2.3025851      -21243.812                                                  -21243.812
              1      -10625.175      0.31134934      -2.3025851       -2.3025851      -21245.746                                                  -21245.746
              1      -10625.289      0.31713324      -2.3025851       -2.3025851      -21245.973                                                  -21245.973
              3      -10624.991      0.32020294      -2.3025851       -2.3025851      -21245.376                                                  -21245.376
              2      -10624.418      0.32335916      -2.3025851       -2.3025851      -21244.231                                                  -21244.231
              1      -10624.233      0.32414863      -2.3025851       -2.3025851       -21243.86                                                   -21243.86
              3      -10625.206      0.31829768      -2.3025851       -2.3025851      -21245.806                                                  -21245.806
              1      -10624.361      0.32361091      -2.3025851       -2.3025851      -21244.117                                                  -21244.117
              1      -10625.083      0.31047757      -2.3025851       -2.3025851       -21245.56                                                   -21245.56
              2      -10625.148      0.31106846      -2.3025851       -2.3025851       -21245.69                                                   -21245.69
              3      -10625.222      0.31810527      -2.3025851       -2.3025851      -21245.839                                                  -21245.839
              1      -10624.035      0.30490676      -2.3025851       -2.3025851      -21243.465                                                  -21243.465
              3      -10624.621      0.30750712      -2.3025851       -2.3025851      -21244.638                                                  -21244.638
              1      -10623.461      0.30287795      -2.3025851       -2.3025851      -21242.316                                                  -21242.316
              1      -10625.258       0.3123546      -2.3025851       -2.3025851      -21245.911                                                  -21245.911
              5      -10624.584      0.30731294      -2.3025851       -2.3025851      -21244.562                                                  -21244.562
              3      -10625.191      0.31152246      -2.3025851       -2.3025851      -21245.778                                                  -21245.778
              2      -10625.274      0.31738959      -2.3025851       -2.3025851      -21245.943                                                  -21245.943
              1      -10624.598      0.30738691      -2.3025851       -2.3025851      -21244.591                                                  -21244.591
              1      -10625.159      0.31118568      -2.3025851       -2.3025851      -21245.714                                                  -21245.714
              1      -10624.752      0.30821741      -2.3025851       -2.3025851      -21244.899                                                  -21244.899
              1      -10625.348       0.3153235      -2.3025851       -2.3025851      -21246.091                                                  -21246.091
              1      -10625.293      0.31706427      -2.3025851       -2.3025851      -21245.981                                                  -21245.981
              2      -10624.741      0.32176352      -2.3025851       -2.3025851      -21244.878                                                  -21244.878
              1      -10625.349      0.31518957      -2.3025851       -2.3025851      -21246.093                                                  -21246.093
              2      -10625.082      0.31046942      -2.3025851       -2.3025851      -21245.558                                                  -21245.558
              1      -10625.337      0.31595569      -2.3025851       -2.3025851       -21246.07                                                   -21246.07
              4      -10625.339      0.31411636      -2.3025851       -2.3025851      -21246.073                                                  -21246.073
              2      -10625.082      0.31949363      -2.3025851       -2.3025851      -21245.559                                                  -21245.559
              1      -10624.065      0.32480569      -2.3025851       -2.3025851      -21243.525                                                  -21243.525
              1      -10625.343       0.3156802      -2.3025851       -2.3025851      -21246.081                                                  -21246.081
              1      -10625.338      0.31405552      -2.3025851       -2.3025851       -21246.07                                                   -21246.07
              7      -10625.021      0.31997817      -2.3025851       -2.3025851      -21245.437                                                  -21245.437
              2      -10623.232      0.32755825      -2.3025851       -2.3025851      -21241.859                                                  -21241.859
              1      -10622.576      0.32935281      -2.3025851       -2.3025851      -21240.548                                                  -21240.548
              1      -10624.732      0.32181745      -2.3025851       -2.3025851      -21244.858                                                  -21244.858
              1       -10625.29      0.31286612      -2.3025851       -2.3025851      -21245.974                                                  -21245.974
              2      -10625.349      0.31481709      -2.3025851       -2.3025851      -21246.093                                                  -21246.093
              1      -10625.345      0.31560607      -2.3025851       -2.3025851      -21246.084                                                  -21246.084
              2      -10625.339      0.31586676      -2.3025851       -2.3025851      -21246.074                                                  -21246.074
              1       -10625.28      0.31728861      -2.3025851       -2.3025851      -21245.955                                                  -21245.955
              2      -10625.042      0.31981513      -2.3025851       -2.3025851      -21245.479                                                  -21245.479
              4      -10625.072      0.31958008      -2.3025851       -2.3025851      -21245.538                                                  -21245.538
              1      -10624.674      0.30778361      -2.3025851       -2.3025851      -21244.742                                                  -21244.742
              1      -10625.119       0.3108002      -2.3025851       -2.3025851      -21245.634                                                  -21245.634
              1      -10625.346      0.31548049      -2.3025851       -2.3025851      -21246.087                                                  -21246.087
              1       -10625.33        0.313797      -2.3025851       -2.3025851      -21246.056                                                  -21246.056
              2      -10625.348      0.31465137      -2.3025851       -2.3025851       -21246.09                                                   -21246.09
              1       -10624.49      0.32303526      -2.3025851       -2.3025851      -21244.374                                                  -21244.374
              1      -10625.338      0.31594834      -2.3025851       -2.3025851       -21246.07                                                   -21246.07
              1      -10625.349       0.3147958      -2.3025851       -2.3025851      -21246.092                                                  -21246.092
              2      -10625.122      0.31082105      -2.3025851       -2.3025851      -21245.638                                                  -21245.638
              2      -10625.344      0.31561265      -2.3025851       -2.3025851      -21246.084                                                  -21246.084
              2        -10625.3      0.31692945      -2.3025851       -2.3025851      -21245.995                                                  -21245.995
              2      -10625.341      0.31580647      -2.3025851       -2.3025851      -21246.076                                                  -21246.076
              4      -10625.345      0.31443162      -2.3025851       -2.3025851      -21246.085                                                  -21246.085
              3       -10624.93      0.30932329      -2.3025851       -2.3025851      -21245.255                                                  -21245.255
              3      -10625.261      0.31239699      -2.3025851       -2.3025851      -21245.916                                                  -21245.916
              2       -10624.46      0.32316982      -2.3025851       -2.3025851      -21244.315                                                  -21244.315
              1      -10625.298      0.31697568      -2.3025851       -2.3025851       -21245.99                                                   -21245.99
              1       -10625.31      0.31671967      -2.3025851       -2.3025851      -21246.016                                                  -21246.016
              1      -10625.297      0.31300008      -2.3025851       -2.3025851      -21245.989                                                  -21245.989
              1      -10625.313      0.31664876      -2.3025851       -2.3025851      -21246.022                                                  -21246.022
