#        weight    minuslogpost         Omega_m   minuslogprior minuslogprior__0            chi2 chi2__functions_and_classes.SO_x_DESI_Likelihood_original
              1       28110.454      0.31594896      -2.7692205       -2.7692205       56226.446                                                 56226.446
              1       28110.616      0.31516651      -2.7699187       -2.7699187       56226.771                                                 56226.771
              1       28111.078       0.3142116      -2.7694437       -2.7694437       56227.694                                                 56227.694
              1        28111.15      0.31411707      -2.7693173       -2.7693173       56227.838                                                 56227.838
              2       28111.181      0.31405562      -2.7692274       -2.7692274         56227.9                                                   56227.9
              1       28110.458      0.31590414      -2.7692869       -2.7692869       56226.455                                                 56226.455
              4       28110.529      0.31543142       -2.769792        -2.769792       56226.597                                                 56226.597
              1       28110.454      0.31661444      -2.7678558       -2.7678558       56226.443                                                 56226.443
              1       28110.435      0.31629658       -2.768596        -2.768596       56226.406                                                 56226.406
              2       28110.587      0.31523557      -2.7698965       -2.7698965       56226.713                                                 56226.713
              1       28110.525      0.31699836      -2.7667462       -2.7667462       56226.584                                                 56226.584
              1       28110.707      0.31491116      -2.7699346       -2.7699346       56226.954                                                 56226.954
              1       28110.706      0.31755154      -2.7647326       -2.7647326       56226.941                                                 56226.941
              1       28111.695      0.31340134      -2.7678963       -2.7678963       56228.925                                                 56228.925
              1       28111.769      0.31333179      -2.7677146       -2.7677146       56229.073                                                 56229.073
              1       28112.142      0.31295328      -2.7665897       -2.7665897       56229.818                                                 56229.818
              2       28111.342      0.31384974      -2.7688824       -2.7688824       56228.221                                                 56228.221
              1       28110.617      0.31513509      -2.7699263       -2.7699263       56226.774                                                 56226.774
              1       28110.698       0.3175326      -2.7648097       -2.7648097       56226.926                                                 56226.926
              1       28110.569      0.31715862      -2.7662132       -2.7662132        56226.67                                                  56226.67
              1       28111.832      0.31919334      -2.7558736       -2.7558736       56229.177                                                 56229.177
              1       28112.041      0.31938687      -2.7545452       -2.7545452       56229.591                                                 56229.591
              1       28112.112      0.31946432      -2.7539968       -2.7539968       56229.732                                                 56229.732
              1       28112.374      0.31970948      -2.7521975       -2.7521975       56230.252                                                 56230.252
              1       28111.899      0.31926541      -2.7553859       -2.7553859       56229.309                                                 56229.309
              3       28110.804      0.31774732      -2.7639027       -2.7639027       56227.137                                                 56227.137
              1       28110.662      0.31739326      -2.7653588       -2.7653588       56226.854                                                 56226.854
              2        28110.44      0.31636156      -2.7684578       -2.7684578       56226.416                                                 56226.416
              2       28111.037      0.31427078      -2.7695155       -2.7695155       56227.613                                                 56227.613
              1       28111.244      0.31395921      -2.7690743       -2.7690743       56228.027                                                 56228.027
              1       28110.611       0.3151556      -2.7699216       -2.7699216       56226.762                                                 56226.762
              1       28110.576      0.31529702      -2.7698703       -2.7698703       56226.692                                                 56226.692
              1        28110.46       0.3166722      -2.7677039       -2.7677039       56226.455                                                 56226.455
              1       28110.511      0.31694874      -2.7669028       -2.7669028       56226.557                                                 56226.557
              1       28110.451      0.31579949      -2.7694296       -2.7694296       56226.441                                                 56226.441
              3       28110.531      0.31541368       -2.769804        -2.769804       56226.601                                                 56226.601
              1       28110.851      0.31785849      -2.7634041       -2.7634041       56227.229                                                 56227.229
              2       28112.111      0.31946306      -2.7540058       -2.7540058       56229.729                                                 56229.729
              2       28111.181      0.31840011      -2.7606923       -2.7606923       56227.883                                                 56227.883
              1       28110.509      0.31556536      -2.7696852       -2.7696852       56226.557                                                 56226.557
              1         28110.5      0.31561856      -2.7696348       -2.7696348       56226.539                                                 56226.539
              8        28110.61      0.31730033      -2.7657077       -2.7657077       56226.752                                                 56226.752
              2        28111.15      0.31835466      -2.7609379       -2.7609379       56227.821                                                 56227.821
              1       28111.461      0.31876565      -2.7585968       -2.7585968        56228.44                                                  56228.44
              3       28110.487      0.31677656       -2.767416        -2.767416        56226.51                                                  56226.51
              1       28110.511      0.31690494      -2.7670379       -2.7670379       56226.555                                                 56226.555
              2       28110.445      0.31644356      -2.7682738       -2.7682738       56226.427                                                 56226.427
              1       28110.453      0.31651754      -2.7680986       -2.7680986       56226.442                                                 56226.442
              1       28110.432      0.31639897      -2.7683752       -2.7683752       56226.401                                                 56226.401
              2       28110.772        0.317658       -2.764289        -2.764289       56227.072                                                 56227.072
              2       28111.679      0.31902439      -2.7569843       -2.7569843       56228.873                                                 56228.873
              1       28114.133      0.32103975       -2.740758        -2.740758       56233.747                                                 56233.747
              2       28113.871      0.32086192      -2.7424513       -2.7424513       56233.227                                                 56233.227
              1       28113.384      0.32052443      -2.7455254       -2.7455254       56232.258                                                 56232.258
              2       28112.194      0.31955042      -2.7533759       -2.7533759       56229.896                                                 56229.896
              1       28110.579      0.31718457      -2.7661231       -2.7661231       56226.689                                                 56226.689
              1       28110.657      0.31505441      -2.7699386       -2.7699386       56226.854                                                 56226.854
              3       28111.419      0.31373328      -2.7686573       -2.7686573       56228.375                                                 56228.375
              2       28111.106      0.31419042      -2.7694166       -2.7694166       56227.751                                                 56227.751
              1       28110.453      0.31595898      -2.7692052       -2.7692052       56226.445                                                 56226.445
              1       28110.449      0.31585303      -2.7693588       -2.7693588       56226.436                                                 56226.436
              2       28110.454       0.3166162      -2.7678512       -2.7678512       56226.443                                                 56226.443
              1       28111.567      0.31889867      -2.7577812       -2.7577812       56228.649                                                 56228.649
              3       28111.237      0.31847457      -2.7602828       -2.7602828       56227.996                                                 56227.996
              2        28111.13      0.31832457      -2.7610987       -2.7610987       56227.783                                                 56227.783
              1       28110.784      0.31768904      -2.7641562       -2.7641562       56227.097                                                 56227.097
              1         28110.5      0.31688221      -2.7671068       -2.7671068       56226.534                                                 56226.534
              2       28111.183       0.3184033      -2.7606749       -2.7606749       56227.887                                                 56227.887
              2       28111.323      0.31861748       -2.759472        -2.759472       56228.165                                                 56228.165
              1       28110.572      0.31719876      -2.7660733       -2.7660733       56226.675                                                 56226.675
              1       28110.689      0.31751143      -2.7648951       -2.7648951       56226.908                                                 56226.908
              1       28110.882      0.31454521      -2.7697755       -2.7697755       56227.303                                                 56227.303
              1       28110.847      0.31785018      -2.7634421       -2.7634421        56227.22                                                  56227.22
              2       28110.802      0.31774439      -2.7639156       -2.7639156       56227.132                                                 56227.132
              6       28110.451      0.31657606      -2.7679538       -2.7679538       56226.438                                                 56226.438
              2       28110.679      0.31746362      -2.7650854       -2.7650854       56226.888                                                 56226.888
              2       28110.435      0.31629617      -2.7685969       -2.7685969       56226.406                                                 56226.406
              2       28110.743      0.31481366      -2.7699131       -2.7699131       56227.026                                                 56227.026
              5       28111.219      0.31399496      -2.7691328       -2.7691328       56227.975                                                 56227.975
              2       28110.822      0.31468325      -2.7698607       -2.7698607       56227.184                                                 56227.184
              1       28111.014      0.31814748      -2.7620156       -2.7620156       56227.552                                                 56227.552
              1       28110.804       0.3177474      -2.7639023       -2.7639023       56227.137                                                 56227.137
              1       28110.603       0.3172777      -2.7657906       -2.7657906       56226.738                                                 56226.738
              2       28111.772      0.31910783      -2.7564415       -2.7564415       56229.057                                                 56229.057
              3       28111.655      0.31900185      -2.7571291       -2.7571291       56228.824                                                 56228.824
              6       28111.817      0.31916832       -2.756041        -2.756041       56229.147                                                 56229.147
              1       28110.671      0.31742056      -2.7652536       -2.7652536       56226.872                                                 56226.872
              1       28110.551      0.31706552      -2.7665278       -2.7665278       56226.635                                                 56226.635
              2       28111.777      0.31332263      -2.7676901       -2.7676901       56229.089                                                 56229.089
              1       28112.612      0.31252352      -2.7650346       -2.7650346       56230.754                                                 56230.754
              5       28110.509      0.31693554      -2.7669439       -2.7669439       56226.552                                                 56226.552
              1        28110.44      0.31636172      -2.7684575       -2.7684575       56226.416                                                 56226.416
              1       28110.693      0.31752077      -2.7648575       -2.7648575       56226.917                                                 56226.917
              1       28110.884      0.31790186      -2.7632043       -2.7632043       56227.295                                                 56227.295
              2       28110.716      0.31489444       -2.769932        -2.769932       56226.972                                                 56226.972
              1       28111.616      0.31350413      -2.7681508       -2.7681508       56228.768                                                 56228.768
              2       28110.575      0.31717506      -2.7661562       -2.7661562       56226.683                                                 56226.683
              4       28110.528      0.31701392      -2.7666962       -2.7666962        56226.59                                                  56226.59
              2       28110.596      0.31521335      -2.7699045       -2.7699045       56226.731                                                 56226.731
              1       28111.793      0.31914435      -2.7562004       -2.7562004       56229.098                                                 56229.098
              3       28110.857      0.31786801      -2.7633606       -2.7633606        56227.24                                                  56227.24
              1       28111.389      0.31376415      -2.7687191       -2.7687191       56228.315                                                 56228.315
              1       28110.439       0.3160374        -2.76908         -2.76908       56226.416                                                 56226.416
              3       28110.521       0.3169861      -2.7667853       -2.7667853       56226.577                                                 56226.577
              3       28111.165      0.31407955      -2.7692631       -2.7692631       56227.869                                                 56227.869
              1       28110.472      0.31569612      -2.7695532       -2.7695532       56226.482                                                 56226.482
              1       28111.663      0.31344171      -2.7679983       -2.7679983       56228.861                                                 56228.861
              3       28111.228      0.31398112      -2.7691104       -2.7691104       56227.995                                                 56227.995
              5       28110.461      0.31668086      -2.7676807       -2.7676807       56226.457                                                 56226.457
              1       28110.455      0.31659824      -2.7678974       -2.7678974       56226.446                                                 56226.446
              2       28110.488      0.31677792      -2.7674121       -2.7674121        56226.51                                                  56226.51
              1       28110.437       0.3160466      -2.7690646       -2.7690646       56226.412                                                 56226.412
              1       28110.813      0.31778203      -2.7637492       -2.7637492       56227.153                                                 56227.153
              3       28110.794      0.31772525      -2.7639993       -2.7639993       56227.116                                                 56227.116
              2       28110.802      0.31775933      -2.7638498       -2.7638498       56227.131                                                 56227.131
              2       28111.127      0.31828743      -2.7612952       -2.7612952       56227.776                                                 56227.776
              1       28111.338      0.31385488      -2.7688919       -2.7688919       56228.214                                                 56228.214
              1       28111.129      0.31830911      -2.7611808       -2.7611808        56227.78                                                  56227.78
              2        28110.44      0.31636616      -2.7684478       -2.7684478       56226.416                                                 56226.416
              3       28110.619      0.31512836      -2.7699277       -2.7699277       56226.779                                                 56226.779
              3       28110.888      0.31453368       -2.769767        -2.769767       56227.316                                                 56227.316
              1       28110.923      0.31796329      -2.7629161       -2.7629161       56227.372                                                 56227.372
              1       28111.976      0.31933929      -2.7548774       -2.7548774       56229.462                                                 56229.462
              1       28111.182      0.31840221      -2.7606809       -2.7606809       56227.886                                                 56227.886
              1       28110.824      0.31469659      -2.7698673       -2.7698673       56227.188                                                 56227.188
              1       28110.667      0.31503187      -2.7699401       -2.7699401       56226.874                                                 56226.874
              1       28110.708      0.31755455      -2.7647203       -2.7647203       56226.946                                                 56226.946
              1       28111.279      0.31851297      -2.7600681       -2.7600681       56228.078                                                 56228.078
              1       28110.437      0.31631144       -2.768565        -2.768565       56226.412                                                 56226.412
              1        28111.04      0.31426699      -2.7695111       -2.7695111       56227.618                                                 56227.618
              1       28110.555      0.31708302      -2.7664698       -2.7664698       56226.643                                                 56226.643
              4       28111.052      0.31424537      -2.7694853       -2.7694853       56227.642                                                 56227.642
              2       28111.922      0.31316003      -2.7672325       -2.7672325       56229.378                                                 56229.378
              3       28110.449      0.31648624      -2.7681738       -2.7681738       56226.435                                                 56226.435
              1       28110.656      0.31738393      -2.7653944       -2.7653944       56226.843                                                 56226.843
              1       28110.459      0.31587716      -2.7693254       -2.7693254       56226.458                                                 56226.458
              2       28110.473      0.31665186       -2.767758        -2.767758       56226.482                                                 56226.482
              1       28112.084      0.31299958      -2.7667396       -2.7667396       56229.702                                                 56229.702
              1       28111.637      0.31347138      -2.7680716       -2.7680716       56228.811                                                 56228.811
              6       28112.586      0.31990067      -2.7507277       -2.7507277       56230.674                                                 56230.674
              1        28112.69      0.31999369      -2.7499913       -2.7499913        56230.88                                                  56230.88
              1       28112.069      0.31941917      -2.7543177       -2.7543177       56229.646                                                 56229.646
              2       28110.438      0.31608814      -2.7689937       -2.7689937       56226.413                                                 56226.413
              2       28110.453      0.31651531       -2.768104        -2.768104       56226.442                                                 56226.442
              1       28110.445      0.31615308      -2.7688772       -2.7688772       56226.429                                                 56226.429
              2       28110.437      0.31610302      -2.7689676       -2.7689676       56226.413                                                 56226.413
              1       28110.441      0.31635402      -2.7684742       -2.7684742       56226.419                                                 56226.419
              3       28110.989      0.31809491      -2.7622782       -2.7622782       56227.502                                                 56227.502
              2       28110.499      0.31562365      -2.7696298       -2.7696298       56226.538                                                 56226.538
              1       28110.432      0.31640315      -2.7683659       -2.7683659         56226.4                                                   56226.4
              2        28110.45      0.31649002      -2.7681648       -2.7681648       56226.436                                                 56226.436
              1       28110.459      0.31667058      -2.7677082       -2.7677082       56226.454                                                 56226.454
              4        28110.46      0.31653925      -2.7680455       -2.7680455       56226.456                                                 56226.456
              1       28110.983      0.31808559      -2.7623243       -2.7623243       56227.491                                                 56227.491
              1       28111.965      0.31932829      -2.7549537       -2.7549537        56229.44                                                  56229.44
              1       28112.441       0.3197782      -2.7516759       -2.7516759       56230.385                                                 56230.385
              1       28112.142      0.31950725      -2.7536887       -2.7536887       56229.791                                                 56229.791
              1       28110.957      0.31802974      -2.7625975       -2.7625975        56227.44                                                  56227.44
              2       28112.122      0.31947406      -2.7539271       -2.7539271       56229.752                                                 56229.752
              5       28110.697      0.31752969      -2.7648214       -2.7648214       56226.924                                                 56226.924
              2       28111.297      0.31854362      -2.7598951       -2.7598951       56228.113                                                 56228.113
              1        28111.42      0.31871616       -2.758893        -2.758893       56228.357                                                 56228.357
              2       28112.448       0.3197859      -2.7516171       -2.7516171         56230.4                                                   56230.4
              1       28112.362       0.3127492       -2.765888        -2.765888       56230.255                                                 56230.255
              1       28111.185      0.31404925      -2.7692178       -2.7692178       56227.908                                                 56227.908
              2       28110.531      0.31541682      -2.7698019       -2.7698019       56226.601                                                 56226.601
              1       28111.353      0.31865488      -2.7592544       -2.7592544       56228.224                                                 56228.224
              5       28110.461      0.31668131      -2.7676795       -2.7676795       56226.457                                                 56226.457
              2       28110.843      0.31784308      -2.7634744       -2.7634744       56227.214                                                 56227.214
              1       28110.851      0.31785898      -2.7634019       -2.7634019       56227.229                                                 56227.229
              1       28110.535      0.31540118      -2.7698122       -2.7698122        56226.61                                                  56226.61
              3       28111.211      0.31400679      -2.7691517       -2.7691517        56227.96                                                  56227.96
              3       28110.691      0.31495039       -2.769939        -2.769939       56226.922                                                 56226.922
              3       28110.439      0.31603211      -2.7690887       -2.7690887       56226.416                                                 56226.416
              2       28110.438      0.31597942      -2.7691735       -2.7691735       56226.414                                                 56226.414
              2       28110.896      0.31791501      -2.7631431       -2.7631431       56227.317                                                 56227.317
              1       28110.566      0.31532818      -2.7698548       -2.7698548       56226.672                                                 56226.672
              1       28110.632      0.31508949      -2.7699345       -2.7699345       56226.803                                                 56226.803
              1       28110.765      0.31764366      -2.7643498       -2.7643498       56227.059                                                 56227.059
              1       28110.956      0.31802744      -2.7626086       -2.7626086       56227.438                                                 56227.438
              1       28113.054      0.32027462      -2.7476836       -2.7476836       56231.603                                                 56231.603
              1       28112.261      0.31961316      -2.7529159       -2.7529159       56230.028                                                 56230.028
              1       28112.546      0.31986794      -2.7509835       -2.7509835       56230.594                                                 56230.594
              1         28113.5      0.32060631      -2.7447964       -2.7447964       56232.489                                                 56232.489
              1        28110.46      0.31586684      -2.7693398       -2.7693398       56226.459                                                 56226.459
              2       28110.574       0.3172286      -2.7659676       -2.7659676       56226.681                                                 56226.681
              3       28110.471      0.31664378      -2.7677793       -2.7677793       56226.478                                                 56226.478
              1       28110.661      0.31739173      -2.7653646       -2.7653646       56226.853                                                 56226.853
              1       28110.578      0.31528788      -2.7698746       -2.7698746       56226.696                                                 56226.696
              4       28111.041       0.3142654      -2.7695092       -2.7695092        56227.62                                                  56227.62
              1       28110.493      0.31685023      -2.7672022       -2.7672022        56226.52                                                  56226.52
              1       28110.486      0.31677105      -2.7674316       -2.7674316       56226.507                                                 56226.507
              1       28110.435      0.31628668      -2.7686165       -2.7686165       56226.407                                                 56226.407
              1       28110.773      0.31766225      -2.7642709       -2.7642709       56227.075                                                 56227.075
              2       28110.614       0.3151702      -2.7699177       -2.7699177       56226.769                                                 56226.769
              1        28110.52      0.31548078       -2.769756        -2.769756        56226.58                                                  56226.58
              3        28110.92      0.31449209      -2.7697345       -2.7697345       56227.379                                                 56227.379
              1       28110.718      0.31489072      -2.7699314       -2.7699314       56226.975                                                 56226.975
              2           28111      0.31433529      -2.7695875       -2.7695875        56227.54                                                  56227.54
              2       28110.431      0.31606214      -2.7690384       -2.7690384       56226.399                                                 56226.399
              2       28110.433      0.31642537      -2.7683156       -2.7683156       56226.402                                                 56226.402
              2       28111.067      0.31820788      -2.7617085       -2.7617085       56227.658                                                 56227.658
              3        28110.46      0.31667194      -2.7677046       -2.7677046       56226.455                                                 56226.455
              2       28110.436      0.31632252      -2.7685417       -2.7685417       56226.408                                                 56226.408
              1        28111.91       0.3131727      -2.7672697       -2.7672697       56229.354                                                 56229.354
              1       28111.137      0.31833691      -2.7610329       -2.7610329       56227.797                                                 56227.797
              1       28110.676      0.31745243      -2.7651294       -2.7651294       56226.882                                                 56226.882
              1       28110.465      0.31671035      -2.7676007       -2.7676007       56226.466                                                 56226.466
              1       28110.793      0.31770739      -2.7640769       -2.7640769       56227.115                                                 56227.115
              2       28110.651      0.31736297       -2.765474        -2.765474       56226.833                                                 56226.833
              3       28110.471      0.31569897      -2.7695501       -2.7695501       56226.481                                                 56226.481
              1       28110.575      0.31711978      -2.7663461       -2.7663461       56226.682                                                 56226.682
              1       28110.498      0.31681915      -2.7672935       -2.7672935        56226.53                                                  56226.53
              3       28110.496       0.3168836      -2.7671026       -2.7671026       56226.526                                                 56226.526
              1       28110.932      0.31797705      -2.7628507       -2.7628507        56227.39                                                  56227.39
              1       28111.194      0.31841912      -2.7605886       -2.7605886       56227.909                                                 56227.909
              3       28110.436      0.31632787      -2.7685303       -2.7685303       56226.409                                                 56226.409
              1       28110.655      0.31737928      -2.7654121       -2.7654121        56226.84                                                  56226.84
              1       28110.836      0.31462947      -2.7698311       -2.7698311       56227.212                                                 56227.212
              1       28110.657      0.31505311      -2.7699387       -2.7699387       56226.855                                                 56226.855
              1       28110.936      0.31444663      -2.7696959       -2.7696959       56227.411                                                 56227.411
              1       28111.837      0.31326587      -2.7675351       -2.7675351       56229.209                                                 56229.209
              2       28113.023      0.31218394      -2.7635968       -2.7635968       56231.573                                                 56231.573
              4       28114.018      0.31147588      -2.7600054       -2.7600054       56233.555                                                 56233.555
              1       28112.883       0.3122934      -2.7640804       -2.7640804       56231.295                                                 56231.295
              1       28111.333      0.31862913      -2.7594044       -2.7594044       56228.184                                                 56228.184
              1       28110.575      0.31712434      -2.7663307       -2.7663307       56226.683                                                 56226.683
              3        28110.49      0.31679814      -2.7673543       -2.7673543       56226.515                                                 56226.515
              1       28111.055      0.31424016       -2.769479        -2.769479       56227.649                                                 56227.649
              2       28110.611       0.3151557      -2.7699215       -2.7699215       56226.762                                                 56226.762
              1       28111.149      0.31411755      -2.7693179       -2.7693179       56227.837                                                 56227.837
              2       28110.453      0.31596223      -2.7692002       -2.7692002       56226.444                                                 56226.444
              3       28110.696      0.31498043      -2.7699406       -2.7699406       56226.932                                                 56226.932
              1       28110.851       0.3178587      -2.7634032       -2.7634032       56227.229                                                 56227.229
              2       28110.618      0.31513273      -2.7699268       -2.7699268       56226.775                                                 56226.775
              1       28110.505      0.31560599      -2.7696471       -2.7696471       56226.548                                                 56226.548
              4       28110.578      0.31724509      -2.7659086       -2.7659086       56226.688                                                 56226.688
              1       28110.495      0.31686582      -2.7671559       -2.7671559       56226.525                                                 56226.525
              1        28110.87       0.3178966      -2.7632287       -2.7632287       56227.266                                                 56227.266
              1       28110.789      0.31474906      -2.7698905       -2.7698905       56227.117                                                 56227.117
              1       28111.636      0.31897995      -2.7572689       -2.7572689       56228.787                                                 56228.787
              1       28111.934      0.31929767      -2.7551649       -2.7551649       56229.378                                                 56229.378
              1       28111.446       0.3187464      -2.7587125       -2.7587125        56228.41                                                  56228.41
              1       28110.488      0.31677724      -2.7674141       -2.7674141        56226.51                                                  56226.51
              2       28111.573      0.31356036      -2.7682829       -2.7682829       56228.683                                                 56228.683
              1       28110.967      0.31438937      -2.7696426       -2.7696426       56227.473                                                 56227.473
              1       28112.049      0.31939409      -2.7544945       -2.7544945       56229.606                                                 56229.606
              1       28110.594      0.31522042      -2.7699021       -2.7699021       56226.727                                                 56226.727
              1       28111.157      0.31410574      -2.7693012       -2.7693012       56227.853                                                 56227.853
              4       28110.511      0.31554745      -2.7697012       -2.7697012       56226.561                                                 56226.561
              1        28110.46      0.31587636      -2.7693265       -2.7693265       56226.458                                                 56226.458
              2       28110.511      0.31690581      -2.7670352       -2.7670352       56226.556                                                 56226.556
              2       28110.837      0.31782743      -2.7635454       -2.7635454       56227.201                                                 56227.201
              2       28110.459      0.31661967      -2.7678423       -2.7678423       56226.454                                                 56226.454
              1       28111.269      0.31850095      -2.7601356       -2.7601356       56228.058                                                 56228.058
              1       28110.487      0.31677931      -2.7674082       -2.7674082       56226.509                                                 56226.509
              1       28110.605      0.31728358      -2.7657691       -2.7657691       56226.742                                                 56226.742
              1       28110.567       0.3153273      -2.7698552       -2.7698552       56226.673                                                 56226.673
              1       28110.698      0.31753113      -2.7648156       -2.7648156       56226.925                                                 56226.925
              3       28110.933      0.31797979      -2.7628376       -2.7628376       56227.393                                                 56227.393
              4       28111.126      0.31828624      -2.7613014       -2.7613014       56227.774                                                 56227.774
              1        28111.32      0.31859764      -2.7595865       -2.7595865        56228.16                                                  56228.16
              1       28110.902      0.31792553      -2.7630939       -2.7630939        56227.33                                                  56227.33
              4        28111.32      0.31861352      -2.7594949       -2.7594949       56228.159                                                 56228.159
              1        28113.46      0.32057877      -2.7450428       -2.7450428        56232.41                                                  56232.41
              1       28112.414      0.31974588      -2.7519222       -2.7519222       56230.332                                                 56230.332
              1       28110.631       0.3150926      -2.7699341       -2.7699341       56226.801                                                 56226.801
              2       28110.445      0.31643716      -2.7682886       -2.7682886       56226.427                                                 56226.427
              1       28110.507      0.31550984       -2.769733        -2.769733       56226.553                                                 56226.553
              1       28111.697      0.31904321      -2.7568629       -2.7568629       56228.907                                                 56228.907
              1       28111.151      0.31835848      -2.7609174       -2.7609174       56227.824                                                 56227.824
              2       28110.716      0.31489407      -2.7699319       -2.7699319       56226.973                                                 56226.973
              3       28110.445       0.3164598      -2.7682361       -2.7682361       56226.426                                                 56226.426
              1       28110.565      0.31716747      -2.7661826       -2.7661826       56226.663                                                 56226.663
              4       28110.719       0.3148875      -2.7699308       -2.7699308       56226.978                                                 56226.978
              1       28110.497      0.31681373      -2.7673092       -2.7673092       56226.529                                                 56226.529
              2       28110.429      0.31611163      -2.7689523       -2.7689523       56226.395                                                 56226.395
              1       28110.631      0.31509014      -2.7699344       -2.7699344       56226.803                                                 56226.803
              1       28110.774      0.31766278      -2.7642686       -2.7642686       56227.076                                                 56227.076
              1       28111.932      0.31929573      -2.7551783       -2.7551783       56229.374                                                 56229.374
              1       28112.408      0.31974096      -2.7519596       -2.7519596       56230.321                                                 56230.321
              1       28112.021      0.31306637      -2.7669498       -2.7669498       56229.576                                                 56229.576
              1       28110.452      0.31581024      -2.7694157       -2.7694157       56226.442                                                 56226.442
              1       28110.768      0.31765296      -2.7643104       -2.7643104       56227.065                                                 56227.065
              3       28110.439      0.31599864      -2.7691431       -2.7691431       56226.417                                                 56226.417
              5        28110.56      0.31534978       -2.769843        -2.769843        56226.66                                                  56226.66
              1       28110.435      0.31631657      -2.7685542       -2.7685542       56226.408                                                 56226.408
              2       28110.511      0.31694845      -2.7669037       -2.7669037       56226.556                                                 56226.556
              3       28111.124      0.31831477      -2.7611508       -2.7611508        56227.77                                                  56227.77
              1       28111.405      0.31870026      -2.7589874       -2.7589874       56228.327                                                 56228.327
              1       28111.057      0.31819082      -2.7617958       -2.7617958       56227.638                                                 56227.638
              1       28110.858      0.31787108      -2.7633464       -2.7633464       56227.243                                                 56227.243
              1       28111.333      0.31863039      -2.7593971       -2.7593971       56228.186                                                 56228.186
              1       28110.456      0.31591472      -2.7692716       -2.7692716       56226.451                                                 56226.451
              1       28110.751      0.31479941      -2.7699087       -2.7699087       56227.042                                                 56227.042
              1       28111.566      0.31888609      -2.7578596       -2.7578596       56228.648                                                 56228.648
              2       28110.824       0.3178015      -2.7636622       -2.7636622       56227.176                                                 56227.176
              1       28110.438      0.31618146      -2.7688242       -2.7688242       56226.414                                                 56226.414
              3       28110.521      0.31698319      -2.7667945       -2.7667945       56226.575                                                 56226.575
              1       28110.565      0.31710423      -2.7663987       -2.7663987       56226.663                                                 56226.663
              1       28110.465      0.31575032      -2.7694905       -2.7694905       56226.469                                                 56226.469
              1       28110.662      0.31743944      -2.7651802       -2.7651802       56226.855                                                 56226.855
              2       28112.744      0.32003509      -2.7496592       -2.7496592       56230.987                                                 56230.987
              2       28111.026      0.31816739       -2.761915        -2.761915       56227.575                                                 56227.575
              1       28112.207       0.3195614      -2.7532959       -2.7532959       56229.921                                                 56229.921
              2       28111.271      0.31850355       -2.760121        -2.760121       56228.062                                                 56228.062
              2       28111.981       0.3193443      -2.7548426       -2.7548426       56229.472                                                 56229.472
              5       28110.438      0.31608667      -2.7689962       -2.7689962       56226.413                                                 56226.413
              2       28110.802       0.3177431      -2.7639212       -2.7639212       56227.132                                                 56227.132
              1       28110.435      0.31605632      -2.7690483       -2.7690483       56226.408                                                 56226.408
              1       28110.639      0.31734509      -2.7655413       -2.7655413       56226.809                                                 56226.809
              1       28110.428      0.31611974      -2.7689379       -2.7689379       56226.394                                                 56226.394
              2       28110.571      0.31721429      -2.7660185       -2.7660185       56226.674                                                 56226.674
              1        28111.17      0.31838328      -2.7607836       -2.7607836       56227.862                                                 56227.862
              1       28110.953      0.31800666      -2.7627089       -2.7627089       56227.432                                                 56227.432
              1       28110.642      0.31735041      -2.7655214       -2.7655214       56226.816                                                 56226.816
              5       28110.654      0.31737182      -2.7654405       -2.7654405       56226.839                                                 56226.839
              1       28111.616      0.31349303      -2.7681242       -2.7681242       56228.769                                                 56228.769
              1       28110.437      0.31609449      -2.7689826       -2.7689826       56226.413                                                 56226.413
              1       28110.435      0.31630169      -2.7685854       -2.7685854       56226.407                                                 56226.407
              1       28110.595      0.31521518      -2.7699039       -2.7699039       56226.731                                                 56226.731
              2       28110.949      0.31441133      -2.7696637       -2.7696637       56227.437                                                 56227.437
              5       28110.794      0.31473388      -2.7698843       -2.7698843       56227.129                                                 56227.129
              1       28111.179      0.31406177      -2.7692367       -2.7692367       56227.896                                                 56227.896
              1       28111.134      0.31829959      -2.7612311       -2.7612311       56227.791                                                 56227.791
              2       28111.107      0.31418873      -2.7694144       -2.7694144       56227.753                                                 56227.753
              3       28110.548      0.31705466      -2.7665636       -2.7665636        56226.63                                                  56226.63
              1       28110.438      0.31623676      -2.7687173       -2.7687173       56226.413                                                 56226.413
              1       28111.543      0.31359852      -2.7683696       -2.7683696       56228.623                                                 56228.623
              1       28111.515      0.31361895      -2.7684151       -2.7684151       56228.566                                                 56228.566
              1       28110.439      0.31584357      -2.7693716       -2.7693716       56226.416                                                 56226.416
              5       28110.613       0.3151731      -2.7699169       -2.7699169       56226.766                                                 56226.766
              3       28111.836      0.31326689       -2.767538        -2.767538       56229.207                                                 56229.207
              2        28111.58      0.31355279      -2.7682654       -2.7682654       56228.696                                                 56228.696
              2       28110.829      0.31467897      -2.7698585       -2.7698585       56227.197                                                 56227.197
              5       28110.437      0.31630917      -2.7685698       -2.7685698       56226.412                                                 56226.412
              1       28110.564      0.31713994      -2.7662774       -2.7662774        56226.66                                                  56226.66
              1       28110.491      0.31680701      -2.7673287       -2.7673287       56226.518                                                 56226.518
              5       28110.807      0.31775369      -2.7638747       -2.7638747       56227.143                                                 56227.143
              1       28110.556      0.31536913      -2.7698319       -2.7698319       56226.651                                                 56226.651
              1       28110.566      0.31718819      -2.7661104       -2.7661104       56226.664                                                 56226.664
              1        28110.45      0.31655217      -2.7680135       -2.7680135       56226.437                                                 56226.437
              1       28110.958      0.31802997      -2.7625964       -2.7625964        56227.44                                                  56227.44
              1       28111.317      0.31860756      -2.7595293       -2.7595293       56228.152                                                 56228.152
              2       28110.511      0.31553531      -2.7697117       -2.7697117       56226.562                                                 56226.562
              1        28110.44      0.31636757      -2.7684447       -2.7684447       56226.416                                                 56226.416
              1       28110.458      0.31591355      -2.7692733       -2.7692733       56226.454                                                 56226.454
              2       28110.578      0.31712846      -2.7663167       -2.7663167       56226.688                                                 56226.688
              1       28110.461      0.31668517      -2.7676691       -2.7676691       56226.458                                                 56226.458
              1       28110.494       0.3168554      -2.7671869       -2.7671869       56226.523                                                 56226.523
              1       28110.492      0.31680924      -2.7673222       -2.7673222       56226.518                                                 56226.518
              2       28110.435      0.31627922      -2.7686318       -2.7686318       56226.406                                                 56226.406
              1       28110.549      0.31705618      -2.7665586       -2.7665586       56226.631                                                 56226.631
              4       28110.438      0.31610167        -2.76897         -2.76897       56226.413                                                 56226.413
              1       28110.675      0.31745117      -2.7651343       -2.7651343       56226.881                                                 56226.881
              2       28110.807      0.31776959      -2.7638044       -2.7638044       56227.141                                                 56227.141
              1       28110.704      0.31754661      -2.7647527       -2.7647527       56226.937                                                 56226.937
              2       28110.719      0.31488854       -2.769931        -2.769931       56226.977                                                 56226.977
              2       28110.454      0.31595424      -2.7692125       -2.7692125       56226.446                                                 56226.446
              1       28110.663      0.31739936      -2.7653354       -2.7653354       56226.857                                                 56226.857
              2       28110.436      0.31598387      -2.7691665       -2.7691665       56226.411                                                 56226.411
              1       28110.887      0.31453662      -2.7697691       -2.7697691       56227.313                                                 56227.313
              1       28112.182      0.31290163      -2.7664184       -2.7664184       56229.897                                                 56229.897
              1       28112.664      0.31247544      -2.7648422       -2.7648422       56230.857                                                 56230.857
              1        28111.16      0.31836828      -2.7608647       -2.7608647       56227.842                                                 56227.842
              1       28110.686      0.31748274      -2.7650097       -2.7650097       56226.901                                                 56226.901
              1       28110.775      0.31477565      -2.7699007       -2.7699007        56227.09                                                  56227.09
              1       28110.692      0.31494909      -2.7699388       -2.7699388       56226.923                                                 56226.923
              2       28111.012      0.31814488      -2.7620287       -2.7620287       56227.549                                                 56227.549
              1       28111.004      0.31812979      -2.7621045       -2.7621045       56227.532                                                 56227.532
              3       28110.431      0.31638654      -2.7684029       -2.7684029       56226.399                                                 56226.399
              1       28110.793       0.3177174      -2.7640335       -2.7640335       56227.115                                                 56227.115
              6       28110.677       0.3174591      -2.7651032       -2.7651032       56226.884                                                 56226.884
              3       28110.719      0.31757606      -2.7646321       -2.7646321       56226.966                                                 56226.966
              1       28110.576      0.31717901      -2.7661425       -2.7661425       56226.685                                                 56226.685
              1       28110.574      0.31711521      -2.7663616       -2.7663616        56226.68                                                  56226.68
              1       28111.348      0.31864908      -2.7592883       -2.7592883       56228.215                                                 56228.215
              5       28110.446      0.31614973      -2.7688834       -2.7688834        56226.43                                                  56226.43
              1       28110.506      0.31551296      -2.7697304       -2.7697304       56226.552                                                 56226.552
              1       28110.636      0.31733498      -2.7655792       -2.7655792       56226.803                                                 56226.803
              1        28111.63      0.31897212      -2.7573187       -2.7573187       56228.774                                                 56228.774
              3       28110.453      0.31650687      -2.7681244       -2.7681244       56226.442                                                 56226.442
              1       28110.834      0.31463368      -2.7698336       -2.7698336       56227.207                                                 56227.207
              1       28110.439      0.31603421      -2.7690852       -2.7690852       56226.416                                                 56226.416
              2       28110.512       0.3155415      -2.7697063       -2.7697063       56226.563                                                 56226.563
              3       28111.169      0.31838172      -2.7607921       -2.7607921        56227.86                                                  56227.86
              1       28110.568      0.31715526      -2.7662248       -2.7662248       56226.668                                                 56226.668
              5       28110.704      0.31754759      -2.7647488       -2.7647488       56226.938                                                 56226.938
              1       28111.313      0.31855568      -2.7598266       -2.7598266       56228.146                                                 56228.146
              1       28111.201      0.31843098      -2.7605236       -2.7605236       56227.923                                                 56227.923
              3       28111.172       0.3183876      -2.7607602       -2.7607602       56227.866                                                 56227.866
              3       28111.359      0.31866321      -2.7592056       -2.7592056       56228.236                                                 56228.236
              1       28111.569      0.31888786      -2.7578486       -2.7578486       56228.653                                                 56228.653
              4       28110.598      0.31520712      -2.7699066       -2.7699066       56226.736                                                 56226.736
              3       28110.719      0.31757781      -2.7646248       -2.7646248       56226.968                                                 56226.968
              1       28110.692      0.31496865      -2.7699401       -2.7699401       56226.923                                                 56226.923
              4       28111.882      0.31321313      -2.7673866       -2.7673866       56229.299                                                 56229.299
              1       28110.925      0.31447504      -2.7697205       -2.7697205       56227.389                                                 56227.389
              1       28110.461      0.31666823      -2.7677145       -2.7677145       56226.458                                                 56226.458
              1       28110.458      0.31589043      -2.7693066       -2.7693066       56226.454                                                 56226.454
              2       28110.702      0.31492725      -2.7699367       -2.7699367       56226.943                                                 56226.943
              2       28110.726      0.31486202      -2.7699257       -2.7699257       56226.991                                                 56226.991
              1       28110.534      0.31540634      -2.7698088       -2.7698088       56226.607                                                 56226.607
              1       28111.486      0.31878641      -2.7584714       -2.7584714       56228.489                                                 56228.489
              2       28110.949      0.31801515       -2.762668        -2.762668       56227.423                                                 56227.423
              1       28110.606      0.31728686      -2.7657571       -2.7657571       56226.744                                                 56226.744
              1        28111.26      0.31848969      -2.7601986       -2.7601986       56228.041                                                 56228.041
              4       28110.505      0.31560057      -2.7696524       -2.7696524        56226.55                                                  56226.55
              1       28110.439      0.31619538      -2.7687978       -2.7687978       56226.415                                                 56226.415
              1       28111.545       0.3135871      -2.7683439       -2.7683439       56228.626                                                 56228.626
              2       28110.735      0.31483734      -2.7699198       -2.7699198        56227.01                                                  56227.01
              2       28111.427      0.31872574       -2.758836        -2.758836       56228.371                                                 56228.371
              1       28111.158      0.31836538      -2.7608803       -2.7608803       56227.838                                                 56227.838
              3       28113.267      0.31199517      -2.7627177       -2.7627177        56232.06                                                  56232.06
              1       28111.199      0.31402488      -2.7691802       -2.7691802       56227.937                                                 56227.937
              4       28110.669      0.31502568      -2.7699404       -2.7699404       56226.879                                                 56226.879
              4        28110.61      0.31518236      -2.7699143       -2.7699143        56226.76                                                  56226.76
              1       28110.631      0.31509511      -2.7699337       -2.7699337       56226.802                                                 56226.802
              1       28111.466      0.31877278      -2.7585538       -2.7585538       56228.449                                                 56228.449
              1       28111.951       0.3131296      -2.7671422       -2.7671422       56229.437                                                 56229.437
              2       28110.608      0.31729155      -2.7657399       -2.7657399       56226.747                                                 56226.747
              2       28110.513      0.31691078        -2.76702         -2.76702       56226.561                                                 56226.561
              1       28111.788      0.31913681      -2.7562504       -2.7562504       56229.089                                                 56229.089
              3       28110.439      0.31597092      -2.7691868       -2.7691868       56226.416                                                 56226.416
              1       28111.231      0.31846533      -2.7603341       -2.7603341       56227.982                                                 56227.982
              2       28111.577      0.31891138      -2.7577018       -2.7577018       56228.669                                                 56228.669
              1       28110.694      0.31752276      -2.7648495       -2.7648495       56226.918                                                 56226.918
              2       28110.887      0.31790436      -2.7631927       -2.7631927         56227.3                                                   56227.3
              2        28110.93      0.31797384      -2.7628659       -2.7628659       56227.386                                                 56227.386
              3       28110.439      0.31603255       -2.769088        -2.769088       56226.416                                                 56226.416
              5       28110.445      0.31643414      -2.7682955       -2.7682955       56226.426                                                 56226.426
              1        28110.61      0.31729888      -2.7657131       -2.7657131       56226.751                                                 56226.751
              1       28111.231       0.3184654      -2.7603337       -2.7603337       56227.983                                                 56227.983
              1       28110.702      0.31492715      -2.7699367       -2.7699367       56226.943                                                 56226.943
              1        28110.45      0.31579571      -2.7694344       -2.7694344       56226.439                                                 56226.439
              1       28110.563      0.31533786      -2.7698496       -2.7698496       56226.667                                                 56226.667
              1       28110.674      0.31744716      -2.7651501       -2.7651501       56226.878                                                 56226.878
              2       28110.446      0.31614981      -2.7688833       -2.7688833        56226.43                                                  56226.43
              1       28110.431      0.31606826       -2.769028        -2.769028       56226.399                                                 56226.399
              2       28111.193      0.31841751      -2.7605974       -2.7605974       56227.906                                                 56227.906
              2       28110.511      0.31694697      -2.7669084       -2.7669084       56226.556                                                 56226.556
              1        28110.87      0.31456153      -2.7697871       -2.7697871        56227.28                                                  56227.28
              1       28110.901      0.31792341      -2.7631039       -2.7631039       56227.328                                                 56227.328
              1       28110.471      0.31570278      -2.7695458       -2.7695458       56226.481                                                 56226.481
              1       28111.018      0.31815381      -2.7619837       -2.7619837        56227.56                                                  56227.56
              1       28110.438      0.31617042       -2.768845        -2.768845       56226.415                                                 56226.415
              2       28110.664      0.31740205       -2.765325        -2.765325        56226.86                                                  56226.86
              4       28113.332      0.32048492      -2.7458735       -2.7458735       56232.156                                                 56232.156
              1       28111.839      0.31919992      -2.7558295       -2.7558295       56229.189                                                 56229.189
              1       28110.517      0.31692736      -2.7669691       -2.7669691       56226.568                                                 56226.568
              1       28110.486      0.31676876      -2.7674381       -2.7674381       56226.506                                                 56226.506
              1       28112.033      0.31937895      -2.7546008       -2.7546008       56229.575                                                 56229.575
              1       28111.294      0.31853265      -2.7599572       -2.7599572       56228.107                                                 56228.107
              1       28110.475      0.31568589      -2.7695646       -2.7695646       56226.488                                                 56226.488
              5       28110.455       0.3165335      -2.7680596       -2.7680596       56226.446                                                 56226.446
              4       28111.298      0.31854568      -2.7598834       -2.7598834       56228.115                                                 56228.115
              1       28111.323      0.31859324      -2.7596118       -2.7596118       56228.166                                                 56228.166
              1       28112.509      0.31983842      -2.7512127       -2.7512127       56230.521                                                 56230.521
              1       28111.828      0.31918848      -2.7559063       -2.7559063       56229.167                                                 56229.167
              3        28110.81      0.31777662      -2.7637732       -2.7637732       56227.148                                                 56227.148
              8       28110.474      0.31569033      -2.7695597       -2.7695597       56226.487                                                 56226.487
              1        28110.65      0.31507148      -2.7699368       -2.7699368       56226.839                                                 56226.839
              2       28111.869      0.31323428      -2.7674467       -2.7674467       56229.274                                                 56229.274
              1       28111.161      0.31410073       -2.769294        -2.769294        56227.86                                                  56227.86
              3       28110.481      0.31674021      -2.7675182       -2.7675182       56226.497                                                 56226.497
              1        28110.44      0.31620214      -2.7687848       -2.7687848       56226.418                                                 56226.418
              1       28110.647      0.31507698      -2.7699362       -2.7699362       56226.835                                                 56226.835
              1       28110.986      0.31437791      -2.7696313       -2.7696313       56227.512                                                 56227.512
              1       28110.513      0.31695189       -2.766893        -2.766893       56226.561                                                 56226.561
              1        28112.24      0.31284744      -2.7662341       -2.7662341       56230.012                                                 56230.012
              1       28111.082      0.31420642      -2.7694371       -2.7694371       56227.702                                                 56227.702
              1       28111.643      0.31898696      -2.7572243       -2.7572243         56228.8                                                   56228.8
              4       28110.488      0.31678349      -2.7673963       -2.7673963        56226.51                                                  56226.51
              1       28110.452      0.31580999      -2.7694161       -2.7694161       56226.442                                                 56226.442
              4       28110.813      0.31471204      -2.7698746       -2.7698746       56227.165                                                 56227.165
              2       28110.437      0.31604603      -2.7690656       -2.7690656       56226.413                                                 56226.413
              2       28110.445      0.31644463      -2.7682714       -2.7682714       56226.427                                                 56226.427
              3       28110.468      0.31662196      -2.7678363       -2.7678363       56226.473                                                 56226.473
              3       28110.596      0.31521331      -2.7699045       -2.7699045       56226.731                                                 56226.731
              2       28110.434      0.31613349      -2.7689131       -2.7689131       56226.406                                                 56226.406
