#        weight    minuslogpost         Omega_m   minuslogprior minuslogprior__0            chi2 chi2__functions_and_classes.SO_x_DESI_Likelihood_original
              1       45008.615      0.31535509      -2.7698401       -2.7698401       90022.769                                                 90022.769
              1       45006.523      0.31593647      -2.7692393       -2.7692393       90018.584                                                 90018.584
              1       45005.825      0.31612684      -2.7689251       -2.7689251       90017.187                                                 90017.187
              1       45003.955       0.3166503      -2.7677621       -2.7677621       90013.445                                                 90013.445
              3       45001.124      0.31743395      -2.7652016       -2.7652016       90007.778                                                 90007.778
              1       44999.897      0.31777333      -2.7637878       -2.7637878       90005.322                                                 90005.322
              1       44997.261      0.31851081      -2.7600803       -2.7600803       90000.041                                                 90000.041
              3       44998.175      0.31825649      -2.7614571       -2.7614571       90001.873                                                 90001.873
              1       44991.771      0.32003192      -2.7496848       -2.7496848        89989.04                                                  89989.04
              4       44993.811      0.31946691      -2.7539783       -2.7539783       89993.131                                                 89993.131
              3       44977.687      0.32394534      -2.7059256       -2.7059256       89960.787                                                 89960.787
              2       44972.403       0.3254126      -2.6832031       -2.6832031       89950.173                                                 89950.173
              1       44973.007       0.3252476      -2.6859302       -2.6859302       89951.386                                                 89951.386
              2       44968.898      0.32638928      -2.6661684       -2.6661684       89943.129                                                 89943.129
              2       44954.665      0.33034192      -2.5816412       -2.5816412       89914.493                                                 89914.493
              3       44954.463      0.33039937      -2.5802285       -2.5802285       89914.087                                                 89914.087
              1       44954.278      0.33045611       -2.578828        -2.578828       89913.713                                                 89913.713
              1        44953.41      0.33069211       -2.572947        -2.572947       89911.966                                                 89911.966
              1       44949.654      0.33173589      -2.5458689       -2.5458689         89904.4                                                   89904.4
              3       44946.957      0.33248879      -2.5252547       -2.5252547       89898.964                                                 89898.964
              1       44938.963      0.33470917      -2.4591798       -2.4591798       89882.844                                                 89882.844
              1       44934.672      0.33590628      -2.4202829       -2.4202829       89874.186                                                 89874.186
              1       44932.002      0.33664592      -2.3951042       -2.3951042       89868.793                                                 89868.793
              1       44928.417      0.33765143      -2.3594713       -2.3594713       89861.553                                                 89861.553
              1       44918.278      0.34046914      -2.2509991       -2.2509991       89841.058                                                 89841.058
              1        44917.75      0.34061344      -2.2451021       -2.2451021       89839.989                                                 89839.989
              2       44909.162      0.34300594      -2.1424748       -2.1424748       89822.609                                                 89822.609
              2       44904.621      0.34427478       -2.084331        -2.084331       89813.412                                                 89813.412
              1       44901.315      0.34519691      -2.0404581       -2.0404581       89806.712                                                 89806.712
              5        44901.34      0.34519024      -2.0407804       -2.0407804       89806.761                                                 89806.761
              3       44903.639      0.34454901      -2.0714258       -2.0714258       89811.421                                                 89811.421
              1       44899.484      0.34570807      -2.0155524       -2.0155524           89803                                                     89803
              3       44898.575      0.34596097      -2.0030755       -2.0030755       89801.156                                                 89801.156
              3       44894.843      0.34699711       -1.950889        -1.950889       89793.587                                                 89793.587
              1       44892.709      0.34759261      -1.9201181       -1.9201181       89789.259                                                 89789.259
              1       44890.876      0.34810423      -1.8932289       -1.8932289       89785.539                                                 89785.539
              1       44887.511       0.3490466      -1.8426043       -1.8426043       89778.708                                                 89778.708
              2       44878.864      0.35145737      -1.7066292       -1.7066292        89761.14                                                  89761.14
              1       44878.113      0.35167238      -1.6940503       -1.6940503       89759.613                                                 89759.613
              1       44874.202      0.35276356      -1.6290718       -1.6290718       89751.662                                                 89751.662
              1       44872.612      0.35319871      -1.6026279       -1.6026279       89748.429                                                 89748.429
              1       44862.323      0.35608421      -1.4196113       -1.4196113       89727.485                                                 89727.485
              2        44858.06       0.3572717      -1.3404234       -1.3404234       89718.801                                                 89718.801
              1         44838.6       0.3627183      -0.9483117       -0.9483117       89679.097                                                 89679.097
              6       44828.612      0.36551767     -0.72831269      -0.72831269       89658.682                                                 89658.682
              1       44821.905      0.36740492     -0.57292063      -0.57292063       89644.957                                                 89644.957
              2       44812.733      0.36997523     -0.35212033      -0.35212033        89626.17                                                  89626.17
              1       44810.903      0.37048907     -0.30671166      -0.30671166       89622.419                                                 89622.419
              1       44792.285      0.37573039      0.18060367       0.18060367       89584.208                                                 89584.208
              2       44781.532      0.37875948      0.48227609       0.48227609         89562.1                                                   89562.1
              2       44771.342      0.38162983      0.78168644       0.78168644       89541.121                                                 89541.121
              3       44765.818      0.38319314       0.9503021        0.9503021       89529.736                                                 89529.736
              1       44761.049      0.38453484       1.0981344        1.0981344       89519.901                                                 89519.901
              1       44762.086      0.38424174        1.065594         1.065594       89522.041                                                 89522.041
              2       44757.483       0.3855459       1.2114378        1.2114378       89512.542                                                 89512.542
              1       44745.724      0.38887375       1.5959242        1.5959242       89488.257                                                 89488.257
              1       44740.233       0.3904305       1.7818669        1.7818669       89476.903                                                 89476.903
              4       44735.626      0.39174012       1.9412959        1.9412959        89467.37                                                  89467.37
              4       44729.858      0.39337355       2.1439898        2.1439898       89455.428                                                 89455.428
              2       44716.918      0.39704855        2.615631         2.615631       89428.605                                                 89428.605
              2        44699.59      0.40198848       3.2836559        3.2836559       89392.613                                                 89392.613
              1       44689.806      0.40478278       3.6788167        3.6788167       89372.254                                                 89372.254
              1       44687.855      0.40534014       3.7591317        3.7591317       89368.191                                                 89368.191
              2       44680.196      0.40753369       4.0800464        4.0800464       89352.233                                                 89352.233
              1       44670.163      0.41040426        4.511638         4.511638       89331.303                                                 89331.303
              1       44661.358      0.41293128       4.9024869        4.9024869       89312.911                                                 89312.911
              1       44655.465      0.41462273       5.1698099        5.1698099       89300.591                                                 89300.591
              1       44640.441      0.41894665       5.8739838        5.8739838       89269.134                                                 89269.134
              1       44620.492      0.42470676       6.8585184        6.8585184       89227.268                                                 89227.268
              1       44608.993      0.42803735       7.4520139        7.4520139       89203.082                                                 89203.082
              3       44600.749      0.43043312       7.8899034        7.8899034       89185.718                                                 89185.718
              1       44576.969      0.43735374       9.2064086        9.2064086       89135.526                                                 89135.526
              1       44568.248      0.43990244       9.7105546        9.7105546       89117.074                                                 89117.074
              4       44555.924       0.4435127       10.442471        10.442471       89090.963                                                 89090.963
              5       44555.086      0.44375528       10.492398        10.492398       89089.187                                                 89089.187
              2       44541.922      0.44762159       11.300848        11.300848       89061.243                                                 89061.243
              2       44536.948      0.44908541       11.613176        11.613176       89050.669                                                 89050.669
              1       44531.395      0.45072202       11.966432        11.966432       89038.856                                                 89038.856
              2       44527.972      0.45173136        12.18643         12.18643       89031.571                                                 89031.571
              2        44526.78      0.45208025       12.262855        12.262855       89029.034                                                 89029.034
              1       44524.377      0.45279268       12.419517        12.419517       89023.916                                                 89023.916
              1       44498.619      0.46042362       14.148483        14.148483       88968.941                                                 88968.941
              2       44440.672      0.47777242       18.425947        18.425947       88844.492                                                 88844.492
              2       44433.579      0.47991481       18.987576        18.987576       88829.183                                                 88829.183
              1        44417.24      0.48486742       20.314012        20.314012       88793.852                                                 88793.852
              2       44386.772      0.49415464       22.907168        22.907168       88727.731                                                 88727.731
              4       44322.565      0.51401347       28.915149        28.915149         88587.3                                                   88587.3
              1       44317.173      0.51569853       29.453979        29.453979       88575.438                                                 88575.438
              9       44255.555      0.53517412       36.011375        36.011375       88439.088                                                 88439.088
              1       44252.164      0.53625638       36.393567        36.393567       88431.541                                                 88431.541
              2       44234.796      0.54183007       38.391564        38.391564       88392.809                                                 88392.809
              1        44209.58      0.54998508        41.40445         41.40445        88336.35                                                  88336.35
              1       44197.048      0.55406506       42.951743        42.951743       88308.193                                                 88308.193
              3       44140.495      0.57272132       50.366284        50.366284       88180.258                                                 88180.258
              3       44105.543      0.58445887       55.316523        55.316523       88100.454                                                 88100.454
              1       44071.312      0.59613148       60.457987        60.457987       88021.708                                                 88021.708
              3       44064.328      0.59853124        61.54203         61.54203       88005.572                                                 88005.572
              4        44034.75      0.60878027       66.275534        66.275534       87936.948                                                 87936.948
              1       44027.698       0.6112475       67.440124        67.440124       87920.515                                                 87920.515
              1       44013.474      0.61624615       69.829456        69.829456       87887.288                                                 87887.288
              1       43952.848      0.63792676       80.655412        80.655412       87744.385                                                 87744.385
              2       43913.492      0.65234984       88.273991        88.273991       87650.436                                                 87650.436
              2         43914.5      0.65197278       88.070584        88.070584       87652.859                                                 87652.859
              1       43895.521      0.65903264       91.916825        91.916825       87607.208                                                 87607.208
              1       43862.422      0.67151636       98.913189        98.913189       87527.017                                                 87527.017
              1       43831.842      0.68325814       105.72131        105.72131       87452.242                                                 87452.242
              1        43804.03      0.69411122       112.21031        112.21031       87383.639                                                 87383.639
              1        43751.11      0.71527561       125.40651        125.40651       87251.406                                                 87251.406
              1       43734.764      0.72196105        129.7239         129.7239        87210.08                                                  87210.08
              1       43715.679      0.72985039       134.91074        134.91074       87161.536                                                 87161.536
              2       43701.593      0.73574208       138.84918        138.84918       87125.488                                                 87125.488
              1       43685.094      0.74270759       143.57709        143.57709       87083.034                                                 87083.034
              1       43682.585      0.74377142         144.306          144.306       87076.557                                                 87076.557
              2       43670.417      0.74897285         147.896          147.896       87045.043                                                 87045.043
              1        43631.21      0.76602998       159.97249        159.97249       86942.476                                                 86942.476
              1       43595.709      0.78190341       171.62909        171.62909        86848.16                                                  86848.16
              2         43571.2      0.79312399        180.1121         180.1121       86782.175                                                 86782.175
              3       43527.593      0.81364434         196.147          196.147       86662.893                                                 86662.893
              1       43500.805      0.82663169       206.64365        206.64365       86588.323                                                 86588.323
              3       43487.178      0.83335958       212.18738        212.18738       86549.982                                                 86549.982
              3       43461.844      0.84607875       222.86577        222.86577       86477.956                                                 86477.956
              1       43333.352      0.91586044       286.05667        286.05667       86094.591                                                 86094.591
              1       43306.126      0.93197284       301.75445        301.75445       86008.742                                                 86008.742
              1       43252.434      0.96545782       335.70635        335.70635       85833.455                                                 85833.455
              1       43194.543        1.003496       376.45141        376.45141       85636.183                                                 85636.183
              2       43015.206       1.1527334        558.6678         558.6678       84913.076                                                 84913.076
              3         42965.4       1.2054717       631.58192        631.58192       84667.635                                                 84667.635
              6       42963.577       1.2075285       634.51572        634.51572       84658.122                                                 84658.122
              5       42961.947       1.2093845       637.16896        637.16896       84649.557                                                 84649.557
              1       42931.497       1.2457465       690.26128        690.26128       84482.471                                                 84482.471
              1       42932.514        1.244479       688.37496        688.37496       84488.278                                                 84488.278
              1       42920.703       1.2594901       710.87927        710.87927       84419.647                                                 84419.647
              2       42861.077       1.3450057       845.95951        845.95951       84030.236                                                 84030.236
              3       42847.211       1.3677681       883.88656        883.88656       83926.649                                                 83926.649
              3       42827.218       1.4028516       943.96702        943.96702       83766.502                                                 83766.502
              1       42796.097       1.4639731       1053.3414        1053.3414       83485.511                                                 83485.511
              1       42779.439       1.5005945       1121.7375        1121.7375       83315.402                                                 83315.402
              3       42765.125       1.5347123       1187.3885        1187.3885       83155.472                                                 83155.472
              3       42749.786       1.5746515       1266.6076        1266.6076       82966.356                                                 82966.356
              3       42697.022       1.7686083       1687.6117        1687.6117        82018.82                                                  82018.82
              1       42690.333       1.8196608       1808.4334        1808.4334       81763.799                                                 81763.799
              3       42690.778       1.8157607       1799.0562        1799.0562       81783.444                                                 81783.444
              1       42688.415       1.8455226       1871.2297        1871.2297       81634.371                                                 81634.371
              4       42687.937       1.8947679       1993.7633        1993.7633       81388.347                                                 81388.347
              2       42687.857       1.8584165       1902.9377        1902.9377       81569.838                                                 81569.838
              1       42687.708       1.8647081       1918.5063        1918.5063       81538.403                                                 81538.403
              2       42687.564       1.8755064       1945.3744        1945.3744       81484.378                                                 81484.378
              1       42687.671       1.8867577       1973.5678        1973.5678       81428.206                                                 81428.206
              2       42687.791         1.89149       1985.4865        1985.4865       81404.609                                                 81404.609
              1       42687.742        1.864093       1916.9813        1916.9813        81541.52                                                  81541.52
              2       42687.667       1.8863685       1972.5893        1972.5893       81430.156                                                 81430.156
              3       42687.742       1.8640678        1916.919         1916.919       81541.647                                                 81541.647
              4       42687.614       1.8739471       1941.4829        1941.4829       81492.262                                                 81492.262
              1       42687.737       1.8630347       1914.3591        1914.3591       81546.756                                                 81546.756
              1       42687.769        1.889961       1981.6318        1981.6318       81412.274                                                 81412.274
              2       42687.874       1.8578269       1901.4819        1901.4819       81572.785                                                 81572.785
              1       42689.014       1.8356951        1847.241         1847.241       81683.546                                                 81683.546
              3       42689.016       1.8356691       1847.1777        1847.1777       81683.676                                                 81683.676
              4       42688.186       1.9021052       2012.3523        2012.3523       81351.667                                                 81351.667
              1        42687.54        1.880727       1958.4309        1958.4309       81458.217                                                 81458.217
              5       42688.008       1.8978905       2001.6639        2001.6639       81372.688                                                 81372.688
              2       42688.118       1.8520947       1887.3581        1887.3581        81601.52                                                  81601.52
              4       42691.211       1.9375356       2103.3276        2103.3276       81175.766                                                 81175.766
              4       42688.972        1.836362       1848.8639        1848.8639       81680.217                                                 81680.217
              7        42689.62       1.9228105       2065.2737        2065.2737       81248.693                                                 81248.693
              7       42689.906       1.9257792       2072.9178        2072.9178       81233.977                                                 81233.977
              2       42688.285       1.9037621       2016.5619        2016.5619       81343.445                                                 81343.445
              6       42688.047        1.854072       1892.2242        1892.2242       81591.645                                                 81591.645
