#        weight    minuslogpost         Omega_m   minuslogprior minuslogprior__0            chi2 chi2__functions_and_classes.SO_x_DESI_Likelihood_original
              2       45006.851       0.3158387      -2.7693782       -2.7693782        90019.24                                                  90019.24
              3       45003.308      0.31683012      -2.7672614       -2.7672614        90012.15                                                  90012.15
              1       45003.892      0.31666411      -2.7677255       -2.7677255       90013.319                                                 90013.319
              1       44995.449      0.31900917      -2.7570822       -2.7570822       89996.411                                                 89996.411
              1       44988.848      0.32084604      -2.7425999       -2.7425999       89983.182                                                 89983.182
              2       44976.366      0.32431163      -2.7005758       -2.7005758       89958.133                                                 89958.133
              2       44976.289      0.32433634      -2.7002072       -2.7002072       89957.978                                                 89957.978
              2       44972.071      0.32550755       -2.681614        -2.681614       89949.506                                                 89949.506
              3       44958.551      0.32926768      -2.6070875       -2.6070875       89922.317                                                 89922.317
              1        44955.72      0.33004911      -2.5887604       -2.5887604       89916.618                                                 89916.618
              2       44948.197      0.33214063         -2.5349          -2.5349       89901.463                                                 89901.463
              3        44943.14      0.33354686       -2.494752        -2.494752        89891.27                                                  89891.27
              1        44939.93       0.3344399      -2.4676133       -2.4676133       89884.796                                                 89884.796
              1       44937.099      0.33522773      -2.4426119       -2.4426119       89879.083                                                 89879.083
              3       44934.493      0.33595755      -2.4185657       -2.4185657       89873.823                                                 89873.823
              1       44933.236      0.33630269      -2.4068971       -2.4068971       89871.287                                                 89871.287
              1       44929.836      0.33724902      -2.3739259       -2.3739259        89864.42                                                  89864.42
              6       44929.556      0.33732809      -2.3711062       -2.3711062       89863.854                                                 89863.854
              1       44925.271      0.33852486      -2.3272059       -2.3272059       89855.196                                                 89855.196
              2       44911.434       0.3423767      -2.1703539       -2.1703539        89827.21                                                  89827.21
              1       44900.757      0.34535359      -2.0328684       -2.0328684       89805.579                                                 89805.579
              2        44898.78      0.34589964      -2.0061107       -2.0061107       89801.573                                                 89801.573
              3       44900.131      0.34552293      -2.0246213       -2.0246213       89804.311                                                 89804.311
              1       44901.391      0.34517584      -2.0414756       -2.0414756       89806.865                                                 89806.865
              2       44903.914      0.34446819      -2.0752416       -2.0752416       89811.979                                                 89811.979
              1       44901.883      0.34503038      -2.0484819       -2.0484819       89807.862                                                 89807.862
              1       44900.075      0.34553857      -2.0238575       -2.0238575       89804.197                                                 89804.197
              3       44896.924      0.34641745      -1.9802961       -1.9802961       89797.809                                                 89797.809
              1        44895.38      0.34685561      -1.9581169       -1.9581169       89794.676                                                 89794.676
              1       44886.153      0.34942588      -1.8218282       -1.8218282        89775.95                                                  89775.95
              8       44885.891       0.3494954      -1.8179946       -1.8179946       89775.418                                                 89775.418
              1       44883.019      0.35029646      -1.7732688       -1.7732688       89769.585                                                 89769.585
              1       44877.765      0.35176379      -1.6886798       -1.6886798       89758.907                                                 89758.907
              2       44863.796      0.35566717      -1.4468861       -1.4468861       89730.486                                                 89730.486
              1       44862.327      0.35608551      -1.4195257       -1.4195257       89727.493                                                 89727.493
              2       44862.014      0.35616885      -1.4140415       -1.4140415       89726.856                                                 89726.856
              1       44860.696      0.35653345      -1.3899187       -1.3899187       89724.171                                                 89724.171
              3       44855.938      0.35786803      -1.2998065       -1.2998065       89714.475                                                 89714.475
              1       44851.991      0.35897402      -1.2229693       -1.2229693       89706.427                                                 89706.427
              1         44853.2      0.35863148      -1.2469758       -1.2469758       89708.894                                                 89708.894
              3       44846.875      0.36040476      -1.1206673       -1.1206673       89695.991                                                 89695.991
              1       44844.184      0.36115916      -1.0654062       -1.0654062         89690.5                                                   89690.5
              1       44837.313      0.36308196      -0.9204411       -0.9204411       89676.467                                                 89676.467
              1       44805.447      0.37202277      -0.1686642       -0.1686642       89611.232                                                 89611.232
              1       44797.775      0.37418033     0.031908409      0.031908409       89595.485                                                 89595.485
              1       44788.111      0.37690167      0.29551203       0.29551203       89575.631                                                 89575.631
              1       44770.859      0.38177087      0.79673836       0.79673836       89540.124                                                 89540.124
              1       44762.282      0.38418636       1.0594612        1.0594612       89522.445                                                 89522.445
              2       44743.031      0.38963794       1.6867171        1.6867171       89482.688                                                 89482.688
              1       44727.211      0.39412071       2.2381285        2.2381285       89449.947                                                 89449.947
              1         44718.7      0.39654573       2.5498246        2.5498246       89432.299                                                 89432.299
              3       44714.369      0.39777785       2.7117968        2.7117968       89423.315                                                 89423.315
              1       44714.423      0.39776257       2.7097735        2.7097735       89423.427                                                 89423.427
              2       44700.968      0.40159844       3.2294908        3.2294908       89395.478                                                 89395.478
              2       44676.998      0.40844605       4.2157909        4.2157909       89345.564                                                 89345.564
              1       44670.467      0.41031689       4.4983061        4.4983061       89331.937                                                 89331.937
              3       44665.032       0.4118758        4.737996         4.737996       89320.588                                                 89320.588
              1       44656.609       0.4142935       5.1174178        5.1174178       89302.983                                                 89302.983
              5       44643.209      0.41814973       5.7419527        5.7419527       89274.934                                                 89274.934
              1       44608.625       0.4281439       7.4712923        7.4712923       89202.308                                                 89202.308
              1       44600.826      0.43040728       7.8851318        7.8851318       89185.882                                                 89185.882
              2       44582.558      0.43572375       8.8894376        8.8894376       89147.336                                                 89147.336
              1       44575.808      0.43769295       9.2729062        9.2729062       89133.069                                                 89133.069
              1       44577.674      0.43714822       9.1662084        9.1662084       89137.015                                                 89137.015
              1       44568.556      0.43981549        9.693185         9.693185       89117.726                                                 89117.726
              1       44557.426      0.44306906       10.351407        10.351407        89094.15                                                  89094.15
              2       44553.236      0.44429789       10.604415        10.604415       89085.263                                                 89085.263
              1       44548.069      0.44581444       10.919994        10.919994       89074.298                                                 89074.298
              1       44541.481      0.44775478       11.329124        11.329124       89060.304                                                 89060.304
              2       44540.371      0.44808129       11.398562        11.398562       89057.944                                                 89057.944
              3       44525.323      0.45251339       12.358004        12.358004       89025.929                                                 89025.929
              1       44524.408      0.45278378       12.417555        12.417555        89023.98                                                  89023.98
              1       44501.442      0.45958516       13.953954        13.953954       88974.977                                                 88974.977
              2       44491.612       0.4625091       14.637207        14.637207       88953.951                                                 88953.951
              2       44490.983      0.46269543       14.681212        14.681212       88952.604                                                 88952.604
              1       44479.038      0.46625716       15.533042        15.533042       88927.011                                                 88927.011
              1        44435.28      0.47940319       18.852787        18.852787       88832.854                                                 88832.854
              1        44428.72      0.48138384       19.376926        19.376926       88818.686                                                 88818.686
              1       44429.359      0.48119006       19.325367        19.325367       88820.068                                                 88820.068
              3       44423.854      0.48286092       19.771889        19.771889       88808.165                                                 88808.165
              2       44420.054      0.48401253       20.082248        20.082248       88799.944                                                 88799.944
              1       44357.621      0.50312266       25.542166        25.542166       88664.157                                                 88664.157
              2       44357.509      0.50315828        25.55289         25.55289       88663.912                                                 88663.912
              1       44349.553      0.50561808        26.29826         26.29826       88646.509                                                 88646.509
              1       44315.441      0.51624214       29.628777        29.628777       88571.624                                                 88571.624
              1       44261.745      0.53320104       35.319415        35.319415       88452.851                                                 88452.851
              1       44257.951      0.53440949       35.742479        35.742479       88444.417                                                 88444.417
              2       44177.732      0.56038683       45.401818        45.401818        88264.66                                                  88264.66
              3       44045.268      0.60512199       64.566673        64.566673       87961.404                                                 87961.404
              2       44032.305      0.60964184        66.68111         66.68111       87931.247                                                 87931.247
              1       44010.814      0.61718215       70.281302        70.281302       87881.065                                                 87881.065
              2       43901.571      0.65677529       90.678336        90.678336       87621.786                                                 87621.786
              1       43882.118      0.66405928       94.703962        94.703962       87574.828                                                 87574.828
              2       43877.076      0.66595999       95.768392        95.768392       87562.615                                                 87562.615
              4       43861.269      0.67195508       99.163602        99.163602       87524.211                                                 87524.211
              3       43807.123      0.69289582       111.47426        111.47426       87391.297                                                 87391.297
              1       43778.334      0.70430787       118.47855        118.47855       87319.712                                                 87319.712
              3       43756.696      0.71301309        123.9616         123.9616        87265.47                                                  87265.47
              1       43733.946      0.72229139       129.93908        129.93908       87208.013                                                 87208.013
              1       43728.525      0.72452668       131.39974        131.39974       87194.251                                                 87194.251
              2       43714.737      0.73024919       135.17557        135.17557       87159.122                                                 87159.122
              2       43679.893      0.74493003       145.10192        145.10192       87069.582                                                 87069.582
              2       43662.951      0.75218486       150.13454        150.13454       87025.633                                                 87025.633
              3       43640.375      0.76199709       157.07517        157.07517         86966.6                                                   86966.6
              1       43640.667      0.76186817       156.98299        156.98299       86967.368                                                 86967.368
              1       43603.258      0.77849072       169.08898        169.08898       86868.339                                                 86868.339
              1       43567.401      0.79488219       181.45959        181.45959       86771.883                                                 86771.883
              1       43544.165      0.80575928        189.9058         189.9058       86708.518                                                 86708.518
              1        43516.87      0.81880838       200.28837        200.28837       86633.164                                                 86633.164
              1         43505.9      0.82413308       204.60326        204.60326       86602.593                                                 86602.593
              1       43472.274      0.84081144        218.4122         218.4122       86507.723                                                 86507.723
             11       43418.054      0.86881968       242.60305        242.60305       86350.902                                                 86350.902
              2       43410.559      0.87281349       246.15477        246.15477       86328.809                                                 86328.809
              1       43363.397      0.89867282       269.76922        269.76922       86187.256                                                 86187.256
              1       43336.351      0.91412649        284.3921         284.3921       86103.919                                                 86103.919
              1       43330.453      0.91754042       287.67403        287.67403       86085.559                                                 86085.559
              1       43252.824      0.96520555       335.44386        335.44386        85834.76                                                  85834.76
              1        43252.12      0.96569144       335.94954        335.94954       85832.342                                                 85832.342
              2       43231.384        0.979903       350.90686        350.90686       85760.954                                                 85760.954
              1       43227.737      0.98307863       354.29331        354.29331       85746.887                                                 85746.887
              1       43225.257       0.9858878       357.30241        357.30241        85735.91                                                  85735.91
              1       43090.823       1.0837514       470.01301        470.01301        85241.62                                                  85241.62
              1       43090.662       1.0838959       470.19084        470.19084       85240.943                                                 85240.943
              1       43083.302       1.0901181       477.87649        477.87649        85210.85                                                  85210.85
              6        42951.13       1.2219359       655.25622        655.25622       84591.747                                                 84591.747
              1       42904.695       1.2807151       743.31451        743.31451       84322.761                                                 84322.761
              2        42905.13         1.28013        742.4108         742.4108       84325.439                                                 84325.439
              3       42865.807       1.3375338       833.69035        833.69035       84064.232                                                 84064.232
              1       42766.365       1.5316266       1181.3743        1181.3743        83169.98                                                  83169.98
              1       42756.773       1.5559213       1229.1386        1229.1386       83055.269                                                 83055.269
              3       42753.465       1.5646626       1246.5553        1246.5553        83013.82                                                  83013.82
              3       42741.806       1.5970335        1312.118         1312.118       82859.376                                                 82859.376
              4       42687.585       1.8777839       1951.0649        1951.0649        81473.04                                                  81473.04
              2       42689.856       1.8249292        1821.139         1821.139       81737.433                                                 81737.433
              1       42688.035       1.8531754       1890.0169        1890.0169       81596.036                                                 81596.036
              2        42688.65       1.8417671       1862.0442        1862.0442       81653.212                                                 81653.212
              1       42687.592       1.8766223       1948.1615        1948.1615        81478.86                                                  81478.86
              5       42687.631          1.8733       1939.8692        1939.8692       81495.523                                                 81495.523
              1       42687.685       1.8869927       1974.1589        1974.1589       81427.052                                                 81427.052
              1       42688.996       1.9148328        2044.802         2044.802       81288.388                                                 81288.388
              1       42687.572       1.8781562        1951.996         1951.996       81471.152                                                 81471.152
              4       42688.693       1.9105082       2033.7472        2033.7472       81309.891                                                 81309.891
              2        42688.97       1.9146887       2044.4332        2044.4332       81289.073                                                 81289.073
             15       42687.756       1.8623207       1912.5912        1912.5912       81550.329                                                 81550.329
              1       42687.756       1.8901384        1982.079         1982.079       81411.355                                                 81411.355
              3         42687.6       1.8828131       1963.6604        1963.6604       81447.879                                                 81447.879
              1       42687.608       1.8818194       1961.1684        1961.1684       81452.879                                                 81452.879
              2       42687.792       1.8894028       1980.2254        1980.2254       81415.133                                                 81415.133
              3       42687.792       1.8609798        1909.273         1909.273       81557.038                                                 81557.038
              2       42687.775       1.8616449       1910.9185        1910.9185       81553.714                                                 81553.714
              1       42688.639        1.909899       2032.1923        2032.1923       81312.894                                                 81312.894
              7       42687.715       1.8885736        1978.137         1978.137       81419.156                                                 81419.156
              3       42687.603       1.8786399       1953.2059        1953.2059       81468.794                                                 81468.794
              3       42687.762       1.8906918       1983.4739        1983.4739       81408.576                                                 81408.576
              1       42690.204       1.9285173       2079.9806        2079.9806       81220.448                                                 81220.448
              3       42687.682       1.8873321       1975.0126        1975.0126       81425.339                                                 81425.339
              4       42688.004       1.8977734       2001.3675        2001.3675       81373.272                                                 81373.272
              1       42687.814       1.8924552       1987.9221        1987.9221       81399.784                                                 81399.784
              1        42688.81       1.9125309       2038.9139        2038.9139       81299.792                                                 81299.792
              1       42687.657       1.8683169       1927.4647        1927.4647       81520.385                                                 81520.385
              1       42687.651       1.8668309       1923.7734        1923.7734       81527.755                                                 81527.755
              3       42688.265       1.8478324       1876.8903        1876.8903       81622.749                                                 81622.749
              1       42689.121       1.9165636       2049.2348        2049.2348       81279.773                                                 81279.773
              4       42688.576       1.9087605       2029.2881        2029.2881       81318.575                                                 81318.575
              5       42688.719        1.840274       1858.3987        1858.3987       81660.641                                                 81660.641
              1       42687.649       1.8856112       1970.6856        1970.6856       81433.927                                                 81433.927
              1       42689.074       1.9160332       2047.8759        2047.8759       81282.396                                                 81282.396
              1       42688.227       1.8493223        1880.546         1880.546       81615.362                                                 81615.362
              3       42688.418       1.9060732       2022.4413        2022.4413       81331.952                                                 81331.952
              2       42687.686       1.8876893       1975.9114        1975.9114       81423.549                                                 81423.549
              3       42687.901       1.8576949       1901.1561        1901.1561        81573.49                                                  81573.49
              2       42687.776       1.8898674        1981.396         1981.396       81412.759                                                 81412.759
              1       42689.606       1.9220478       2063.3122        2063.3122       81252.587                                                 81252.587
              1       42692.694       1.9485271       2131.9588        2131.9588       81121.471                                                 81121.471
              1       42691.855       1.9426276       2116.5672        2116.5672       81150.576                                                 81150.576
              2       42687.879       1.8587632       1903.7939        1903.7939        81568.17                                                  81568.17
              1        42687.65       1.8695783        1930.601         1930.601       81514.098                                                 81514.098
              2       42687.892       1.8569178       1899.2386        1899.2386       81577.306                                                 81577.306
              1       42688.582       1.8435229       1866.3358        1866.3358       81644.492                                                 81644.492
              3       42688.231       1.8486944       1879.0048        1879.0048       81618.451                                                 81618.451
              5       42687.573       1.8752607       1944.7607        1944.7607       81485.625                                                 81485.625
              1       42687.814       1.8922924        1987.511         1987.511       81400.606                                                 81400.606
              1       42687.761       1.8629644        1914.185         1914.185       81547.153                                                 81547.153
              2       42688.723       1.9116831       2036.7476        2036.7476       81303.951                                                 81303.951
              2       42687.582       1.8804744       1957.7981        1957.7981       81459.568                                                 81459.568
              1       42687.906       1.8575379       1900.7687        1900.7687       81574.275                                                 81574.275
              2       42687.553       1.8810648       1959.2773        1959.2773       81456.551                                                 81456.551
              3       42687.685        1.887899       1976.4391        1976.4391       81422.491                                                 81422.491
              3       42687.788       1.8897188       1981.0214        1981.0214       81413.532                                                 81413.532
              2       42687.765       1.8623549       1912.6758        1912.6758       81550.178                                                 81550.178
              3       42688.582       1.9093112       2030.6927        2030.6927       81315.779                                                 81315.779
              2       42688.424       1.8455871       1871.3875        1871.3875       81634.073                                                 81634.073
              7       42689.191       1.8334803        1841.856         1841.856       81694.669                                                 81694.669
              1       42689.562       1.8286245       1830.0773        1830.0773        81718.97                                                  81718.97
              3        42688.12       1.8520332       1887.2068        1887.2068       81601.827                                                 81601.827
              1       42687.866       1.8580921       1902.1367        1902.1367       81571.459                                                 81571.459
              1       42689.655       1.8272623       1826.7799        1826.7799       81725.751                                                 81725.751
              1       42688.149       1.9015536       2010.9519        2010.9519       81354.395                                                 81354.395
              3       42688.546       1.9083976       2028.3629        2028.3629       81320.367                                                 81320.367
              4       42688.146       1.9014727       2010.7465        2010.7465         81354.8                                                   81354.8
              3       42688.529       1.9082764       2028.0538        2028.0538       81320.951                                                 81320.951
              1       42690.841       1.8144452       1795.8987        1795.8987       81789.885                                                 81789.885
              3       42689.503       1.9210551       2060.7605        2060.7605       81257.485                                                 81257.485
              6       42689.311       1.8316221       1837.3442        1837.3442       81703.935                                                 81703.935
              3        42689.79       1.8259132        1823.517         1823.517       81732.546                                                 81732.546
              5       42689.649       1.9230445       2065.8758        2065.8758       81247.546                                                 81247.546
              6        42688.65       1.8413992       1861.1457        1861.1457       81655.008                                                 81655.008
              5       42690.526       1.8176302        1803.548         1803.548       81773.955                                                 81773.955
              5       42687.711       1.8645391       1918.0871        1918.0871       81539.248                                                 81539.248
              5       42687.653       1.8693307       1929.9852        1929.9852       81515.336                                                 81515.336
              7       42688.591       1.8431523       1865.4297        1865.4297       81646.324                                                 81646.324
              2       42690.654       1.8167733       1801.4885        1801.4885       81778.331                                                 81778.331
              6       42689.275       1.8321413       1838.6042        1838.6042       81701.341                                                 81701.341
              2       42689.112       1.9164375       2048.9117        2048.9117         81280.4                                                   81280.4
             11       42687.575       1.8784479       1952.7256        1952.7256       81469.699                                                 81469.699
             25       42687.575       1.8749023       1943.8662        1943.8662       81487.418                                                 81487.418
              5       42687.783       1.8908439       1983.8571        1983.8571       81407.852                                                 81407.852
              6       42687.873       1.8591396       1904.7238        1904.7238       81566.299                                                 81566.299
              2        42687.63       1.8821348       1961.9593        1961.9593       81451.342                                                 81451.342
              2       42688.081       1.8512836       1885.3638        1885.3638       81605.435                                                 81605.435
              4        42687.64       1.8852084       1969.6736        1969.6736       81435.933                                                 81435.933
              4       42688.189       1.9019607       2011.9856        2011.9856       81352.407                                                 81352.407
              8       42687.575       1.8748992       1943.8584        1943.8584       81487.433                                                 81487.433
              6       42687.629       1.8834889       1965.3561        1965.3561       81444.546                                                 81444.546
             13       42688.874       1.9135294       2041.4671        2041.4671       81294.814                                                 81294.814
              7       42687.648       1.8707958       1933.6306        1933.6306       81508.034                                                 81508.034
              5       42690.435       1.8188176       1806.4039        1806.4039       81768.062                                                 81768.062
              1       42693.807       1.9555588       2150.3765        2150.3765        81086.86                                                  81086.86
              1       42688.176        1.900841       2009.1435        2009.1435       81358.064                                                 81358.064
             21       42687.627       1.8820681        1961.792         1961.792       81451.671                                                 81451.671
              1       42688.405        1.845745       1871.7742        1871.7742       81633.262                                                 81633.262
              5       42687.814       1.8919598       1986.6717        1986.6717       81402.284                                                 81402.284
              6       42688.089       1.8510851        1884.876         1884.876       81606.426                                                 81606.426
             26       42687.595       1.8797714       1956.0376        1956.0376       81463.115                                                 81463.115
              2        42687.66       1.8707512       1933.5195        1933.5195       81508.281                                                 81508.281
              6       42687.792       1.8599192       1906.6504        1906.6504       81562.283                                                 81562.283
              7       42688.234       1.8486307       1878.8486        1878.8486        81618.77                                                  81618.77
              4        42689.44        1.829989       1833.3833        1833.3833       81712.114                                                 81712.114
              8       42688.447       1.9065911         2023.76          2023.76       81329.375                                                 81329.375
              2       42687.711       1.8633275       1915.0845        1915.0845       81545.253                                                 81545.253
             14       42688.304       1.8470007       1874.8509        1874.8509       81626.907                                                 81626.907
             12       42687.941       1.8561233       1897.2789        1897.2789       81581.324                                                 81581.324
              5       42687.757       1.8901729       1982.1658        1982.1658       81411.183                                                 81411.183
              4       42688.294       1.9039337       2016.9982        2016.9982       81342.592                                                 81342.592
             18       42687.612       1.8789323       1953.9375        1953.9375        81467.35                                                  81467.35
             28       42687.568       1.8761335       1946.9404        1946.9404       81481.255                                                 81481.255
             38       42687.792       1.8599207       1906.6541        1906.6541       81562.275                                                 81562.275
              8       42688.097        1.850876       1884.3621        1884.3621        81607.47                                                  81607.47
              2       42687.667       1.8864953       1972.9081        1972.9081       81429.518                                                 81429.518
              9       42687.568       1.8761219       1946.9113        1946.9113       81481.314                                                 81481.314
             12       42687.645       1.8793157        1954.897         1954.897       81465.495                                                 81465.495
              5       42688.067       1.8526341       1888.6851        1888.6851       81598.764                                                 81598.764
              3       42688.333        1.846669       1874.0381        1874.0381        81628.59                                                  81628.59
              1       42688.581       1.8440709       1867.6764        1867.6764       81641.809                                                 81641.809
              9       42688.597       1.9092626       2030.5686        2030.5686       81316.057                                                 81316.057
             23        42688.07       1.8525749       1888.5394        1888.5394        81599.06                                                  81599.06
             12       42687.581       1.8772669       1949.7725        1949.7725       81475.616                                                 81475.616
             11       42687.983        1.897294       2000.1535        2000.1535       81375.659                                                 81375.659
              2       42688.873       1.9133458       2040.9974        2040.9974        81295.75                                                  81295.75
              4       42688.731       1.8401071       1857.9915        1857.9915       81661.479                                                 81661.479
