#        weight    minuslogpost         Omega_c         Omega_b   minuslogprior minuslogprior__0            chi2 chi2__functions_and_classes.SO_x_DESI_Likelihood
              3       22499.835      0.23914068     0.098894422       -2.864704        -2.864704         45005.4                                          45005.4
              2       21734.831      0.24089771     0.097468155       -2.864704        -2.864704       43475.392                                        43475.392
              1       21253.226      0.24122459     0.095383119       -2.864704        -2.864704       42512.181                                        42512.181
              4       20835.637      0.24486004     0.098643913       -2.864704        -2.864704       41677.002                                        41677.002
              9       20151.212      0.24969219      0.10287546       -2.864704        -2.864704       40308.154                                        40308.154
              1       19903.085      0.24996824      0.10135459       -2.864704        -2.864704       39811.899                                        39811.899
              3       19793.496      0.25066744      0.10186922       -2.864704        -2.864704       39592.721                                        39592.721
              1       19505.894      0.25159681      0.10132972       -2.864704        -2.864704       39017.518                                        39017.518
              1       19045.487      0.25291943      0.10006257       -2.864704        -2.864704       38096.704                                        38096.704
              1         18939.5      0.25394093      0.10112878       -2.864704        -2.864704       37884.729                                        37884.729
              1        18707.76      0.25460301      0.10039258       -2.864704        -2.864704       37421.249                                        37421.249
              1        18445.99      0.25675263      0.10232576       -2.864704        -2.864704       36897.709                                        36897.709
              2       18219.048      0.25836042      0.10355554       -2.864704        -2.864704       36443.824                                        36443.824
              2       18220.178      0.25848848      0.10387605       -2.864704        -2.864704       36446.084                                        36446.084
              2       18164.217      0.25897778      0.10443209       -2.864704        -2.864704       36334.164                                        36334.164
              2       18145.997       0.2593442      0.10516288       -2.864704        -2.864704       36297.724                                        36297.724
              1       17655.117      0.26127344      0.10397244       -2.864704        -2.864704       35315.964                                        35315.964
              1       17633.905      0.26156654      0.10444745       -2.864704        -2.864704       35273.539                                        35273.539
              1       17575.853      0.26138486      0.10326455       -2.864704        -2.864704       35157.436                                        35157.436
              4        16811.58      0.26519206      0.10267979       -2.864704        -2.864704       33628.889                                        33628.889
              4       16812.333      0.26504139      0.10233453       -2.864704        -2.864704       33630.395                                        33630.395
              1       16758.232      0.26519479      0.10198121       -2.864704        -2.864704       33522.194                                        33522.194
              1       16411.551      0.26524683      0.09799469       -2.864704        -2.864704       32828.832                                        32828.832
              1        16077.71      0.26733193     0.098021908       -2.864704        -2.864704        32161.15                                         32161.15
              2       16014.853      0.26910382      0.10083937       -2.864704        -2.864704       32035.435                                        32035.435
              2        15883.82      0.26997678      0.10094113       -2.864704        -2.864704       31773.369                                        31773.369
              1       15850.118      0.26951226     0.099423925       -2.864704        -2.864704       31705.966                                        31705.966
              1       15684.544      0.27046495      0.09913224       -2.864704        -2.864704       31374.817                                        31374.817
              1       15632.712      0.26913025     0.096059747       -2.864704        -2.864704       31271.153                                        31271.153
              1       14983.094      0.27284405     0.094446455       -2.864704        -2.864704       29971.917                                        29971.917
              1       14743.724      0.27316408     0.092386289       -2.864704        -2.864704       29493.178                                        29493.178
              3       14511.575      0.27542848     0.092738051       -2.864704        -2.864704        29028.88                                         29028.88
              2       14349.702       0.2763696     0.092171499       -2.864704        -2.864704       28705.132                                        28705.132
              1        14344.63      0.27598292     0.091697017       -2.864704        -2.864704        28694.99                                         28694.99
              2       14218.948      0.27662054     0.091177396       -2.864704        -2.864704       28443.625                                        28443.625
              1       14130.217      0.27500351     0.089040693       -2.864704        -2.864704       28266.164                                        28266.164
              1       14004.423      0.27499442     0.088160452       -2.864704        -2.864704       28014.576                                        28014.576
              1       13901.335      0.27595287     0.088150554       -2.864704        -2.864704         27808.4                                          27808.4
              2       13889.452      0.27647913     0.088442531       -2.864704        -2.864704       27784.632                                        27784.632
              3        13856.34      0.27728627     0.088796967       -2.864704        -2.864704        27718.41                                         27718.41
              1       13775.787      0.27705219     0.088068777       -2.864704        -2.864704       27557.304                                        27557.304
              1       13575.865      0.27757935      0.08703996       -2.864704        -2.864704       27157.459                                        27157.459
              2        13573.68       0.2777007     0.087102141       -2.864704        -2.864704       27153.089                                        27153.089
              1       13573.841      0.27769902     0.087102286       -2.864704        -2.864704       27153.411                                        27153.411
              1       13289.381      0.27831172     0.085707554       -2.864704        -2.864704       26584.492                                        26584.492
              1       13197.605      0.28201656     0.087335078       -2.864704        -2.864704        26400.94                                         26400.94
              4       13109.648      0.28248169     0.087015875       -2.864704        -2.864704       26225.025                                        26225.025
              4       13097.372      0.28322461     0.087393519       -2.864704        -2.864704       26200.473                                        26200.473
              1       12856.534      0.28302775     0.085724204       -2.864704        -2.864704       25718.797                                        25718.797
              1        12555.38      0.28584736      0.08539169       -2.864704        -2.864704        25116.49                                         25116.49
              1       12488.245      0.28431719     0.084344743       -2.864704        -2.864704        24982.22                                         24982.22
              1       12056.289      0.28538277     0.082787357       -2.864704        -2.864704       24118.307                                        24118.307
              3       11745.024      0.28774412     0.082338643       -2.864704        -2.864704       23495.777                                        23495.777
              1       11604.387      0.28685768     0.081514104       -2.864704        -2.864704       23214.504                                        23214.504
              2       11096.476      0.28793543     0.080102572       -2.864704        -2.864704       22198.682                                        22198.682
              2       10490.919      0.28945943     0.078705677       -2.864704        -2.864704       20987.567                                        20987.567
              5       10323.439       0.2915174     0.078746965       -2.864704        -2.864704       20652.607                                        20652.607
              3       10250.721      0.28991931     0.078165479       -2.864704        -2.864704       20507.171                                        20507.171
              1       9830.0217      0.28991964     0.077099912       -2.864704        -2.864704       19665.773                                        19665.773
              5       9776.0781      0.29050364     0.077100091       -2.864704        -2.864704       19557.886                                        19557.886
              1       9264.1398      0.28999398     0.075809306       -2.864704        -2.864704       18534.009                                        18534.009
              2       8760.5263      0.29178813     0.075100882       -2.864704        -2.864704       17526.782                                        17526.782
              1       8434.4504      0.28880989     0.073857898       -2.864704        -2.864704        16874.63                                         16874.63
              2        8323.987      0.29047676     0.073967512       -2.864704        -2.864704       16653.703                                        16653.703
              1       7837.1455      0.28991949     0.072944922       -2.864704        -2.864704        15680.02                                         15680.02
              1        7427.962      0.29092787       0.0723954       -2.864704        -2.864704       14861.653                                        14861.653
              1       6803.8204      0.29087238     0.071316342       -2.864704        -2.864704        13613.37                                         13613.37
              2       6687.7904      0.29173637     0.071271916       -2.864704        -2.864704        13381.31                                         13381.31
              1        5936.754       0.2892867     0.069650102       -2.864704        -2.864704       11879.237                                        11879.237
              1       3129.8972      0.28963596     0.065645626       -2.864704        -2.864704       6265.5238                                        6265.5238
              1       3078.2684      0.29078014     0.065745418       -2.864704        -2.864704       6162.2663                                        6162.2663
              3       2109.6404      0.29162419     0.064553164       -2.864704        -2.864704       4225.0101                                        4225.0101
              1       2053.7662      0.29087687     0.064370888       -2.864704        -2.864704       4113.2619                                        4113.2619
              3       1996.5054      0.29090828     0.064298593       -2.864704        -2.864704       3998.7401                                        3998.7401
              2        1622.426      0.29031797     0.063714646       -2.864704        -2.864704       3250.5814                                        3250.5814
              2       1205.5131      0.28999339     0.063115617       -2.864704        -2.864704       2416.7555                                        2416.7555
              2      -342.05874      0.28935738     0.060984011       -2.864704        -2.864704      -678.38808                                       -678.38808
              1      -586.82441      0.28721578      0.06037768       -2.864704        -2.864704      -1167.9194                                       -1167.9194
              1      -1361.3852       0.2855284     0.059130396       -2.864704        -2.864704       -2717.041                                        -2717.041
              1      -3036.8848      0.28709643     0.057009104       -2.864704        -2.864704      -6068.0403                                       -6068.0403
              1      -3626.0532      0.28598158     0.056010843       -2.864704        -2.864704      -7246.3771                                       -7246.3771
              2      -4569.3763      0.28718758     0.054663989       -2.864704        -2.864704      -9133.0231                                       -9133.0231
              3      -6083.9999      0.28619432     0.051682549       -2.864704        -2.864704       -12162.27                                        -12162.27
              1      -6134.7126      0.28539081     0.051487908       -2.864704        -2.864704      -12263.696                                       -12263.696
              1      -6329.2569      0.28550103     0.051032895       -2.864704        -2.864704      -12652.784                                       -12652.784
              4      -6585.7402      0.28650897     0.050441915       -2.864704        -2.864704      -13165.751                                       -13165.751
              2      -7273.9558      0.28917424     0.046718935       -2.864704        -2.864704      -14542.182                                       -14542.182
              2      -7292.9442      0.28624541     0.046509973       -2.864704        -2.864704      -14580.159                                       -14580.159
             21       -7294.029      0.28607409     0.046527419       -2.864704        -2.864704      -14582.329                                       -14582.329
              6      -7294.8945      0.28592606     0.046518783       -2.864704        -2.864704       -14584.06                                        -14584.06
             18      -7298.0166      0.28501138     0.046233268       -2.864704        -2.864704      -14590.304                                       -14590.304
              3      -7299.9298      0.28456821     0.046614051       -2.864704        -2.864704       -14594.13                                        -14594.13
             10      -7302.8424      0.28440433     0.046272059       -2.864704        -2.864704      -14599.955                                       -14599.955
             19      -7304.3052      0.28413156     0.046247436       -2.864704        -2.864704      -14602.881                                       -14602.881
              3      -7305.3067      0.28403743     0.046367877       -2.864704        -2.864704      -14604.884                                       -14604.884
             14      -7308.2157      0.28312254     0.046439944       -2.864704        -2.864704      -14610.702                                       -14610.702
              6      -7309.1713       0.2832722     0.046311812       -2.864704        -2.864704      -14612.613                                       -14612.613
              7      -7315.3543      0.28125393     0.045826099       -2.864704        -2.864704      -14624.979                                       -14624.979
              3      -7326.5354      0.27877307     0.045650948       -2.864704        -2.864704      -14647.341                                       -14647.341
              7       -7326.591      0.27879402     0.045659274       -2.864704        -2.864704      -14647.453                                       -14647.453
              5      -7327.7584      0.27768062     0.046020613       -2.864704        -2.864704      -14649.787                                       -14649.787
              2      -7324.9852      0.27688616     0.045246524       -2.864704        -2.864704      -14644.241                                       -14644.241
              5      -7327.8444      0.27585275     0.045975766       -2.864704        -2.864704      -14649.959                                       -14649.959
              1      -7331.6504      0.27570827     0.045876159       -2.864704        -2.864704      -14657.571                                       -14657.571
             16      -7332.1419       0.2757189     0.045862411       -2.864704        -2.864704      -14658.554                                       -14658.554
              7      -7337.2498      0.27557489      0.04543129       -2.864704        -2.864704       -14668.77                                        -14668.77
              1      -7337.8565      0.27492407     0.045313138       -2.864704        -2.864704      -14669.984                                       -14669.984
              3      -7340.6569      0.27420858     0.045395467       -2.864704        -2.864704      -14675.584                                       -14675.584
             11      -7340.2629        0.274391     0.045387599       -2.864704        -2.864704      -14674.796                                       -14674.796
             11      -7339.7841        0.274564      0.04537616       -2.864704        -2.864704      -14673.839                                       -14673.839
             12      -7339.5881      0.27468597     0.045506502       -2.864704        -2.864704      -14673.447                                       -14673.447
              1      -7339.3836      0.27471639     0.045529101       -2.864704        -2.864704      -14673.038                                       -14673.038
              1       -7336.925      0.27427414     0.045666339       -2.864704        -2.864704      -14668.121                                       -14668.121
              3      -7339.1787      0.27424357     0.045567808       -2.864704        -2.864704      -14672.628                                       -14672.628
              1      -7338.9188      0.27431842     0.045248967       -2.864704        -2.864704      -14672.108                                       -14672.108
              2      -7338.8109      0.27502857     0.045415677       -2.864704        -2.864704      -14671.892                                       -14671.892
             10      -7338.8411       0.2750794     0.045442513       -2.864704        -2.864704      -14671.953                                       -14671.953
              6      -7337.6687       0.2753916     0.045622701       -2.864704        -2.864704      -14669.608                                       -14669.608
              1      -7337.4356      0.27416529     0.045157706       -2.864704        -2.864704      -14669.142                                       -14669.142
              2      -7337.9722      0.27412813     0.045172111       -2.864704        -2.864704      -14670.215                                       -14670.215
              5      -7337.9008      0.27553692     0.045505005       -2.864704        -2.864704      -14670.072                                       -14670.072
             10        -7338.06      0.27543318     0.045568535       -2.864704        -2.864704      -14670.391                                       -14670.391
             11      -7341.7048      0.27320993     0.045211077       -2.864704        -2.864704       -14677.68                                        -14677.68
              8      -7341.6836      0.27284316     0.045409505       -2.864704        -2.864704      -14677.638                                       -14677.638
              3      -7343.9987      0.27148435     0.045140451       -2.864704        -2.864704      -14682.268                                       -14682.268
              2      -7344.4485      0.27027554     0.045007579       -2.864704        -2.864704      -14683.168                                       -14683.168
              2      -7344.3054      0.26962593     0.045015026       -2.864704        -2.864704      -14682.881                                       -14682.881
              6      -7344.3789      0.26939049     0.044961584       -2.864704        -2.864704      -14683.028                                       -14683.028
             17      -7343.1784      0.26980815     0.044831285       -2.864704        -2.864704      -14680.627                                       -14680.627
              1      -7343.2266      0.26980196     0.044833541       -2.864704        -2.864704      -14680.724                                       -14680.724
              5      -7341.6586      0.26977418      0.04475727       -2.864704        -2.864704      -14677.588                                       -14677.588
              4      -7342.1916      0.26984622     0.045185665       -2.864704        -2.864704      -14678.654                                       -14678.654
              3      -7342.8885      0.27017269     0.045183723       -2.864704        -2.864704      -14680.048                                       -14680.048
             12       -7343.199      0.27106946     0.044968377       -2.864704        -2.864704      -14680.669                                       -14680.669
              9      -7343.1869      0.27106592     0.044967147       -2.864704        -2.864704      -14680.644                                       -14680.644
             25      -7343.8402       0.2712022     0.045191627       -2.864704        -2.864704      -14681.951                                       -14681.951
              1      -7343.3312      0.26938425     0.045077308       -2.864704        -2.864704      -14680.933                                       -14680.933
              2      -7343.4707      0.26826406     0.044757334       -2.864704        -2.864704      -14681.212                                       -14681.212
              3      -7342.7227      0.26749134     0.044832774       -2.864704        -2.864704      -14679.716                                       -14679.716
             19      -7342.5778      0.26765427     0.044668342       -2.864704        -2.864704      -14679.426                                       -14679.426
              8      -7342.7556      0.26762416     0.044684185       -2.864704        -2.864704      -14679.782                                       -14679.782
              3      -7340.7915       0.2676234     0.044568202       -2.864704        -2.864704      -14675.854                                       -14675.854
              4      -7343.0482      0.26840385     0.044724573       -2.864704        -2.864704      -14680.367                                       -14680.367
              8      -7343.8308      0.27079351     0.045171573       -2.864704        -2.864704      -14681.932                                       -14681.932
              5       -7343.666       0.2708929     0.045192547       -2.864704        -2.864704      -14681.603                                       -14681.603
             33      -7344.1708       0.2710207     0.045136922       -2.864704        -2.864704      -14682.612                                       -14682.612
              8      -7344.2343      0.27101222     0.045118369       -2.864704        -2.864704      -14682.739                                       -14682.739
              7      -7343.8298      0.26967026     0.044863502       -2.864704        -2.864704       -14681.93                                        -14681.93
              9      -7344.4384      0.27032634     0.045051909       -2.864704        -2.864704      -14683.147                                       -14683.147
              8      -7344.4374       0.2704652     0.045042133       -2.864704        -2.864704      -14683.145                                       -14683.145
             11      -7343.9273       0.2688724     0.044822874       -2.864704        -2.864704      -14682.125                                       -14682.125
             11      -7343.9857      0.26919587     0.045001106       -2.864704        -2.864704      -14682.242                                       -14682.242
              2      -7344.2076      0.27088346     0.045042276       -2.864704        -2.864704      -14682.686                                       -14682.686
              6      -7343.5857      0.27175615     0.045106839       -2.864704        -2.864704      -14681.442                                       -14681.442
              1      -7343.7639      0.27022937     0.045133688       -2.864704        -2.864704      -14681.798                                       -14681.798
             18      -7343.6065      0.27012941     0.044888947       -2.864704        -2.864704      -14681.484                                       -14681.484
             13      -7343.7489       0.2696901     0.044858667       -2.864704        -2.864704      -14681.768                                       -14681.768
              2      -7344.2917      0.26997845     0.044939757       -2.864704        -2.864704      -14682.854                                       -14682.854
              7      -7343.3118      0.27006145     0.044863023       -2.864704        -2.864704      -14680.894                                       -14680.894
              8      -7343.3697      0.26994525     0.044855442       -2.864704        -2.864704       -14681.01                                        -14681.01
              2      -7342.4583      0.27206744     0.045337984       -2.864704        -2.864704      -14679.187                                       -14679.187
             41      -7343.2262      0.27172692     0.045269542       -2.864704        -2.864704      -14680.723                                       -14680.723
             20      -7343.8583      0.27160834     0.045123355       -2.864704        -2.864704      -14681.987                                       -14681.987
             41      -7344.3035      0.27055967     0.045098585       -2.864704        -2.864704      -14682.878                                       -14682.878
             33      -7344.0312      0.26994511     0.045083843       -2.864704        -2.864704      -14682.333                                       -14682.333
             16       -7344.008       0.2699044     0.045082043       -2.864704        -2.864704      -14682.287                                       -14682.287
             37      -7344.4801      0.26987098     0.044981376       -2.864704        -2.864704      -14683.231                                       -14683.231
