#        weight    minuslogpost         Omega_c         Omega_b   minuslogprior minuslogprior__0            chi2 chi2__functions_and_classes.SO_x_DESI_Likelihood
              1      -6008.1471      0.29927556     0.053078377      -4.0173835       -4.0173835      -12008.259                                       -12008.259
              3      -6042.1476      0.29945932     0.053012737      -4.0173835       -4.0173835       -12076.26                                        -12076.26
              1      -6068.9426      0.29938327     0.052940772      -4.0173835       -4.0173835       -12129.85                                        -12129.85
              1      -6105.1895       0.2994614     0.052858206      -4.0173835       -4.0173835      -12202.344                                       -12202.344
              3      -6129.9555      0.29962489     0.052810516      -4.0173835       -4.0173835      -12251.876                                       -12251.876
              4      -6239.1788        0.299626     0.052530505      -4.0173835       -4.0173835      -12470.323                                       -12470.323
              4      -6277.1274      0.29957172     0.052425266      -4.0173835       -4.0173835       -12546.22                                        -12546.22
              2      -6361.4803      0.29946071     0.052185699      -4.0173835       -4.0173835      -12714.926                                       -12714.926
              4      -6397.2655       0.2994236     0.052081822      -4.0173835       -4.0173835      -12786.496                                       -12786.496
              1       -6413.896      0.29923944      0.05201952      -4.0173835       -4.0173835      -12819.757                                       -12819.757
              1      -6434.3045      0.29923204     0.051960113      -4.0173835       -4.0173835      -12860.574                                       -12860.574
              1      -6437.9658      0.29928407     0.051953631      -4.0173835       -4.0173835      -12867.897                                       -12867.897
              1      -6498.9767      0.29916885      0.05176364      -4.0173835       -4.0173835      -12989.919                                       -12989.919
              2      -6502.7304      0.29918539     0.051753604      -4.0173835       -4.0173835      -12997.426                                       -12997.426
              2      -6512.5801      0.29917983     0.051723299      -4.0173835       -4.0173835      -13017.125                                       -13017.125
              1      -6552.0937      0.29895156     0.051583967      -4.0173835       -4.0173835      -13096.153                                       -13096.153
              5      -6566.5579      0.29895885     0.051539206      -4.0173835       -4.0173835      -13125.081                                       -13125.081
              1      -6628.8486      0.29895342     0.051338016      -4.0173835       -4.0173835      -13249.662                                       -13249.662
              1      -6627.7713      0.29895799     0.051341907      -4.0173835       -4.0173835      -13247.508                                       -13247.508
              2      -6627.6829      0.29895775     0.051342186      -4.0173835       -4.0173835      -13247.331                                       -13247.331
              2      -6656.6342      0.29894293     0.051244483      -4.0173835       -4.0173835      -13305.234                                       -13305.234
              3      -6661.6558      0.29891142     0.051225185      -4.0173835       -4.0173835      -13315.277                                       -13315.277
              1      -6680.3857      0.29853401     0.051133665      -4.0173835       -4.0173835      -13352.737                                       -13352.737
              2      -6767.1031      0.29860788     0.050829028      -4.0173835       -4.0173835      -13526.171                                       -13526.171
              1      -6828.3148      0.29853738     0.050587913      -4.0173835       -4.0173835      -13648.595                                       -13648.595
              1       -6833.479      0.29846102     0.050562159      -4.0173835       -4.0173835      -13658.923                                       -13658.923
              3      -6870.9547      0.29851199     0.050411001      -4.0173835       -4.0173835      -13733.875                                       -13733.875
              1      -6879.8553      0.29841288     0.050366907      -4.0173835       -4.0173835      -13751.676                                       -13751.676
              3      -6910.6132      0.29847121     0.050235814      -4.0173835       -4.0173835      -13813.192                                       -13813.192
              2       -6913.638      0.29863886     0.050232289      -4.0173835       -4.0173835      -13819.241                                       -13819.241
              2      -6916.5756      0.29873641     0.050224793      -4.0173835       -4.0173835      -13825.117                                       -13825.117
              3      -6930.7808      0.29893684     0.050170992      -4.0173835       -4.0173835      -13853.527                                       -13853.527
              1      -6950.6816      0.29883847     0.050070586      -4.0173835       -4.0173835      -13893.328                                       -13893.328
              4      -6954.1074      0.29893708     0.050059442      -4.0173835       -4.0173835       -13900.18                                        -13900.18
              2      -6970.8128      0.29898578     0.049979043      -4.0173835       -4.0173835      -13933.591                                       -13933.591
              3      -6989.4646      0.29968233     0.049918165      -4.0173835       -4.0173835      -13970.894                                       -13970.894
              2      -7015.4374      0.29941632     0.049761986      -4.0173835       -4.0173835       -14022.84                                        -14022.84
              1       -7054.293      0.29927567     0.049522391      -4.0173835       -4.0173835      -14100.551                                       -14100.551
              1      -7058.0649      0.29914995     0.049493308      -4.0173835       -4.0173835      -14108.095                                       -14108.095
              1      -7059.1833       0.2991516     0.049486172      -4.0173835       -4.0173835      -14110.332                                       -14110.332
              1      -7072.0725      0.29914478     0.049401411      -4.0173835       -4.0173835       -14136.11                                        -14136.11
              1      -7073.5984      0.29923376     0.049394259      -4.0173835       -4.0173835      -14139.162                                       -14139.162
              1      -7119.4352       0.2990163     0.049042616      -4.0173835       -4.0173835      -14230.836                                       -14230.836
              1      -7145.5354      0.29940716     0.048800906      -4.0173835       -4.0173835      -14283.036                                       -14283.036
              1      -7149.4152      0.29914494     0.048759823      -4.0173835       -4.0173835      -14290.796                                       -14290.796
              1      -7180.8524      0.29921292     0.048325986      -4.0173835       -4.0173835       -14353.67                                        -14353.67
              2      -7181.9426      0.29927862      0.04829935      -4.0173835       -4.0173835       -14355.85                                        -14355.85
              1      -7181.9223      0.29926955     0.048300548      -4.0173835       -4.0173835       -14355.81                                        -14355.81
              1      -7187.0188      0.29925483     0.048189182      -4.0173835       -4.0173835      -14366.003                                       -14366.003
              3      -7187.4231      0.29936985     0.048162144      -4.0173835       -4.0173835      -14366.811                                       -14366.811
              2      -7192.4074      0.29931259     0.048006051      -4.0173835       -4.0173835       -14376.78                                        -14376.78
              1      -7195.0013      0.29912679     0.047944436      -4.0173835       -4.0173835      -14381.968                                       -14381.968
              3      -7194.9242      0.29931513     0.047830241      -4.0173835       -4.0173835      -14381.814                                       -14381.814
              2      -7197.5202      0.29899962     0.047637962      -4.0173835       -4.0173835      -14387.006                                       -14387.006
              1      -7197.7764      0.29900778     0.047685881      -4.0173835       -4.0173835      -14387.518                                       -14387.518
              1      -7197.9664      0.29898016     0.047795774      -4.0173835       -4.0173835      -14387.898                                       -14387.898
              1      -7199.8676        0.298783      0.04774621      -4.0173835       -4.0173835      -14391.701                                       -14391.701
              1      -7199.4049       0.2987257     0.047857792      -4.0173835       -4.0173835      -14390.775                                       -14390.775
              1      -7201.9084      0.29853534     0.047760038      -4.0173835       -4.0173835      -14395.782                                       -14395.782
              4      -7201.7795      0.29855168     0.047758862      -4.0173835       -4.0173835      -14395.524                                       -14395.524
              1      -7202.8207      0.29828878     0.047847641      -4.0173835       -4.0173835      -14397.607                                       -14397.607
              1      -7204.6178       0.2982428     0.047711457      -4.0173835       -4.0173835      -14401.201                                       -14401.201
              4      -7205.3467      0.29817106     0.047651401      -4.0173835       -4.0173835      -14402.659                                       -14402.659
              5      -7205.9907      0.29806453     0.047570622      -4.0173835       -4.0173835      -14403.947                                       -14403.947
              1      -7206.4233      0.29804906     0.047643347      -4.0173835       -4.0173835      -14404.812                                       -14404.812
              2      -7206.8216      0.29784445     0.047458251      -4.0173835       -4.0173835      -14405.609                                       -14405.609
              1      -7209.9124      0.29762123     0.047682733      -4.0173835       -4.0173835       -14411.79                                        -14411.79
              1      -7210.1887      0.29760175     0.047663356      -4.0173835       -4.0173835      -14412.343                                       -14412.343
              1       -7213.056      0.29728717     0.047595151      -4.0173835       -4.0173835      -14418.077                                       -14418.077
              2      -7212.5394      0.29730879     0.047495469      -4.0173835       -4.0173835      -14417.044                                       -14417.044
              1      -7212.9412      0.29728842     0.047528673      -4.0173835       -4.0173835      -14417.848                                       -14417.848
              5      -7212.6631       0.2972512     0.047452579      -4.0173835       -4.0173835      -14417.291                                       -14417.291
              1      -7211.7814      0.29735372     0.047706575      -4.0173835       -4.0173835      -14415.528                                       -14415.528
              1       -7211.628      0.29745363     0.047591751      -4.0173835       -4.0173835      -14415.221                                       -14415.221
              4       -7210.899      0.29752262     0.047651782      -4.0173835       -4.0173835      -14413.763                                       -14413.763
              1      -7208.9375      0.29751152     0.047813434      -4.0173835       -4.0173835       -14409.84                                        -14409.84
              3       -7209.188      0.29752498     0.047795783      -4.0173835       -4.0173835      -14410.341                                       -14410.341
              2      -7211.2066       0.2973423      0.04775382      -4.0173835       -4.0173835      -14414.379                                       -14414.379
              3      -7211.7212      0.29726989     0.047753855      -4.0173835       -4.0173835      -14415.408                                       -14415.408
              2      -7215.6827      0.29692984     0.047643566      -4.0173835       -4.0173835      -14423.331                                       -14423.331
              1      -7214.7405      0.29681804     0.047757363      -4.0173835       -4.0173835      -14421.446                                       -14421.446
              1      -7218.4291      0.29664432     0.047462876      -4.0173835       -4.0173835      -14428.823                                       -14428.823
              1      -7224.7855      0.29582298     0.047322321      -4.0173835       -4.0173835      -14441.536                                       -14441.536
             10      -7224.4212      0.29581989      0.04729236      -4.0173835       -4.0173835      -14440.808                                       -14440.808
              1      -7224.7533      0.29591123     0.047442462      -4.0173835       -4.0173835      -14441.472                                       -14441.472
              3      -7226.4125      0.29548111     0.047611024      -4.0173835       -4.0173835       -14444.79                                        -14444.79
              2      -7229.8826      0.29511774     0.047206788      -4.0173835       -4.0173835       -14451.73                                        -14451.73
              3      -7230.0887      0.29524866     0.047334573      -4.0173835       -4.0173835      -14452.143                                       -14452.143
              5      -7230.0236      0.29516402     0.047245633      -4.0173835       -4.0173835      -14452.012                                       -14452.012
              1       -7231.434      0.29505509     0.047461852      -4.0173835       -4.0173835      -14454.833                                       -14454.833
              7      -7235.3963      0.29444571     0.047149409      -4.0173835       -4.0173835      -14462.758                                       -14462.758
              2      -7236.6466       0.2941884     0.047082371      -4.0173835       -4.0173835      -14465.258                                       -14465.258
             14      -7235.8891       0.2942902     0.047094347      -4.0173835       -4.0173835      -14463.743                                       -14463.743
              5      -7235.7119      0.29423319      0.04706007      -4.0173835       -4.0173835      -14463.389                                       -14463.389
              7       -7236.667      0.29365634     0.046884294      -4.0173835       -4.0173835      -14465.299                                       -14465.299
              7      -7244.3104      0.29342698     0.047122419      -4.0173835       -4.0173835      -14480.586                                       -14480.586
              8      -7245.7967      0.29328031      0.04725949      -4.0173835       -4.0173835      -14483.559                                       -14483.559
              1      -7245.8092      0.29326533     0.047275454      -4.0173835       -4.0173835      -14483.584                                       -14483.584
              2      -7244.8641      0.29307005     0.046954663      -4.0173835       -4.0173835      -14481.694                                       -14481.694
              2      -7253.0634      0.29214269     0.046926409      -4.0173835       -4.0173835      -14498.092                                       -14498.092
              1      -7253.1472       0.2920115     0.047310741      -4.0173835       -4.0173835       -14498.26                                        -14498.26
              4      -7254.2404      0.29173805     0.046804663      -4.0173835       -4.0173835      -14500.446                                       -14500.446
              1      -7257.3862      0.29175856     0.047032936      -4.0173835       -4.0173835      -14506.738                                       -14506.738
              1      -7260.8511      0.29124141     0.046931072      -4.0173835       -4.0173835      -14513.667                                       -14513.667
              5      -7261.1179      0.29122259     0.046946041      -4.0173835       -4.0173835      -14514.201                                       -14514.201
              2      -7258.1858      0.29141966     0.047221612      -4.0173835       -4.0173835      -14508.337                                       -14508.337
              1      -7255.7167      0.29163403     0.047285205      -4.0173835       -4.0173835      -14503.399                                       -14503.399
              5       -7255.899      0.29194313     0.047023722      -4.0173835       -4.0173835      -14503.763                                       -14503.763
              2      -7253.8804      0.29173469     0.046789927      -4.0173835       -4.0173835      -14499.726                                       -14499.726
              1      -7258.3307      0.29163699     0.047063461      -4.0173835       -4.0173835      -14508.627                                       -14508.627
              2      -7259.1383      0.29068003     0.046616632      -4.0173835       -4.0173835      -14510.242                                       -14510.242
              4      -7261.7147      0.28993444     0.046479465      -4.0173835       -4.0173835      -14515.395                                       -14515.395
              3      -7265.2086      0.29054299     0.047095185      -4.0173835       -4.0173835      -14522.382                                       -14522.382
              9      -7265.2806      0.28935714     0.046417291      -4.0173835       -4.0173835      -14522.526                                       -14522.526
              1        -7266.96      0.28945476     0.046484321      -4.0173835       -4.0173835      -14525.885                                       -14525.885
              4      -7266.9898      0.28945461     0.046485078      -4.0173835       -4.0173835      -14525.945                                       -14525.945
              7      -7268.1064       0.2901102      0.04706404      -4.0173835       -4.0173835      -14528.178                                       -14528.178
              1      -7269.7873      0.29001387     0.046848302      -4.0173835       -4.0173835       -14531.54                                        -14531.54
              1      -7269.5001        0.290039     0.046832985      -4.0173835       -4.0173835      -14530.965                                       -14530.965
              7      -7269.3793      0.29008743     0.046879451      -4.0173835       -4.0173835      -14530.724                                       -14530.724
              2      -7273.0996      0.28923169     0.047038114      -4.0173835       -4.0173835      -14538.164                                       -14538.164
              1      -7277.1856      0.28872951     0.046613957      -4.0173835       -4.0173835      -14546.337                                       -14546.337
              5      -7278.5706      0.28839771     0.046542096      -4.0173835       -4.0173835      -14549.106                                       -14549.106
              5      -7276.3013      0.28907303     0.046783764      -4.0173835       -4.0173835      -14544.568                                       -14544.568
              3      -7277.5267      0.28873115     0.046636022      -4.0173835       -4.0173835      -14547.019                                       -14547.019
              3      -7277.4814      0.28874931     0.046642801      -4.0173835       -4.0173835      -14546.928                                       -14546.928
              2       -7280.046      0.28827742     0.046914746      -4.0173835       -4.0173835      -14552.057                                       -14552.057
              4      -7279.5405      0.28858932     0.046752463      -4.0173835       -4.0173835      -14551.046                                       -14551.046
              5      -7279.2865      0.28862895     0.046760586      -4.0173835       -4.0173835      -14550.538                                       -14550.538
              1      -7279.5042      0.28853388     0.046674026      -4.0173835       -4.0173835      -14550.974                                       -14550.974
              6      -7280.4842      0.28804329     0.046945357      -4.0173835       -4.0173835      -14552.934                                       -14552.934
              3      -7279.4029      0.28837909     0.046923485      -4.0173835       -4.0173835      -14550.771                                       -14550.771
              1      -7279.9777      0.28826229     0.046555795      -4.0173835       -4.0173835      -14551.921                                       -14551.921
              2      -7280.5331      0.28837154     0.046655582      -4.0173835       -4.0173835      -14553.031                                       -14553.031
              1      -7282.9959      0.28797281     0.046815922      -4.0173835       -4.0173835      -14557.957                                       -14557.957
             10      -7283.7217      0.28794186      0.04673099      -4.0173835       -4.0173835      -14559.409                                       -14559.409
              1      -7285.9268      0.28759408     0.046654082      -4.0173835       -4.0173835      -14563.819                                       -14563.819
              2      -7286.0851       0.2875702      0.04665591      -4.0173835       -4.0173835      -14564.135                                       -14564.135
              2      -7288.6508      0.28714862     0.046596271      -4.0173835       -4.0173835      -14569.267                                       -14569.267
              2      -7289.0278      0.28699535     0.046508234      -4.0173835       -4.0173835      -14570.021                                       -14570.021
              6      -7290.0812      0.28692517     0.046630117      -4.0173835       -4.0173835      -14572.128                                       -14572.128
              4      -7287.0732      0.28673136     0.046881648      -4.0173835       -4.0173835      -14566.112                                       -14566.112
              2       -7289.959      0.28676376      0.04645064      -4.0173835       -4.0173835      -14571.883                                       -14571.883
              1      -7290.3681      0.28685082     0.046665614      -4.0173835       -4.0173835      -14572.701                                       -14572.701
              3      -7290.4461      0.28679612     0.046693105      -4.0173835       -4.0173835      -14572.858                                       -14572.858
              1      -7292.3262        0.286324     0.046720519      -4.0173835       -4.0173835      -14576.618                                       -14576.618
              9      -7293.5749      0.28630365     0.046625521      -4.0173835       -4.0173835      -14579.115                                       -14579.115
              1      -7293.2395      0.28629168     0.046666903      -4.0173835       -4.0173835      -14578.444                                       -14578.444
              2      -7294.0666      0.28585409     0.046297142      -4.0173835       -4.0173835      -14580.099                                       -14580.099
              4      -7292.8312      0.28627116     0.046703734      -4.0173835       -4.0173835      -14577.628                                       -14577.628
              6       -7292.936      0.28628026     0.046694081      -4.0173835       -4.0173835      -14577.837                                       -14577.837
              1      -7292.9385      0.28632274     0.046679479      -4.0173835       -4.0173835      -14577.842                                       -14577.842
              3      -7292.7835      0.28634539     0.046683236      -4.0173835       -4.0173835      -14577.532                                       -14577.532
              1      -7292.9567      0.28616666     0.046361258      -4.0173835       -4.0173835      -14577.879                                       -14577.879
              7      -7295.5714       0.2854668     0.046230968      -4.0173835       -4.0173835      -14583.108                                       -14583.108
              1      -7296.9653      0.28565657     0.046382614      -4.0173835       -4.0173835      -14585.896                                       -14585.896
              2      -7300.2746      0.28507568     0.046330429      -4.0173835       -4.0173835      -14592.514                                       -14592.514
              2      -7299.8003      0.28520164     0.046536382      -4.0173835       -4.0173835      -14591.566                                       -14591.566
              4      -7300.1133      0.28520945     0.046429674      -4.0173835       -4.0173835      -14592.192                                       -14592.192
              2       -7297.594      0.28477343     0.046102408      -4.0173835       -4.0173835      -14587.153                                       -14587.153
              7      -7297.9032      0.28545226     0.046345138      -4.0173835       -4.0173835      -14587.772                                       -14587.772
              4      -7299.1486      0.28538507      0.04646992      -4.0173835       -4.0173835      -14590.262                                       -14590.262
             13      -7297.6423      0.28561577     0.046428481      -4.0173835       -4.0173835       -14587.25                                        -14587.25
              9      -7316.8484      0.28187957      0.04620453      -4.0173835       -4.0173835      -14625.662                                       -14625.662
              2      -7316.5017      0.28169919       0.0462829      -4.0173835       -4.0173835      -14624.969                                       -14624.969
             18      -7327.2277      0.27944027      0.04591633      -4.0173835       -4.0173835      -14646.421                                       -14646.421
              2       -7330.097      0.27640176     0.045969244      -4.0173835       -4.0173835      -14652.159                                       -14652.159
              7      -7339.7155      0.27463283     0.045598649      -4.0173835       -4.0173835      -14671.396                                       -14671.396
              2      -7342.9479      0.27298031      0.04540258      -4.0173835       -4.0173835      -14677.861                                       -14677.861
             17      -7345.4096      0.27094714     0.045114364      -4.0173835       -4.0173835      -14682.784                                       -14682.784
              6      -7344.8455      0.27149518     0.045216779      -4.0173835       -4.0173835      -14681.656                                       -14681.656
              2      -7345.5675       0.2698694     0.044953163      -4.0173835       -4.0173835        -14683.1                                         -14683.1
              8       -7345.632      0.26986421     0.044980154      -4.0173835       -4.0173835      -14683.229                                       -14683.229
              3       -7344.218       0.2723967     0.045284145      -4.0173835       -4.0173835      -14680.401                                       -14680.401
             10      -7345.0009      0.27136751     0.045069017      -4.0173835       -4.0173835      -14681.967                                       -14681.967
              9      -7345.0482      0.27141324     0.045085005      -4.0173835       -4.0173835      -14682.062                                       -14682.062
              3      -7345.5052      0.27075199     0.045084278      -4.0173835       -4.0173835      -14682.976                                       -14682.976
              4      -7345.2978      0.27019508     0.045095127      -4.0173835       -4.0173835      -14682.561                                       -14682.561
              3      -7344.8074      0.26866279     0.044957189      -4.0173835       -4.0173835       -14681.58                                        -14681.58
             15       -7345.557      0.27012565     0.045049332      -4.0173835       -4.0173835      -14683.079                                       -14683.079
              2      -7344.9658      0.27169862     0.045138263      -4.0173835       -4.0173835      -14681.897                                       -14681.897
             14      -7344.9381      0.27177857     0.045163747      -4.0173835       -4.0173835      -14681.841                                       -14681.841
              3      -7344.8943      0.27102216       0.0450036      -4.0173835       -4.0173835      -14681.754                                       -14681.754
              2      -7344.2156      0.27116334     0.045252914      -4.0173835       -4.0173835      -14680.396                                       -14680.396
              1      -7343.4125      0.27046795     0.045240931      -4.0173835       -4.0173835       -14678.79                                        -14678.79
              2      -7343.7108      0.27016153     0.045199216      -4.0173835       -4.0173835      -14679.387                                       -14679.387
              3      -7342.9342      0.27149672      0.04534196      -4.0173835       -4.0173835      -14677.834                                       -14677.834
              2      -7344.3834      0.27034802     0.044887215      -4.0173835       -4.0173835      -14680.732                                       -14680.732
              3      -7344.2081      0.26864431     0.044737127      -4.0173835       -4.0173835      -14680.381                                       -14680.381
              3      -7345.6214      0.26972734     0.044970438      -4.0173835       -4.0173835      -14683.208                                       -14683.208
              2      -7345.4331      0.26905419     0.044916923      -4.0173835       -4.0173835      -14682.831                                       -14682.831
              3      -7345.3605      0.26905896     0.044872565      -4.0173835       -4.0173835      -14682.686                                       -14682.686
              5       -7342.824      0.27087132     0.045300119      -4.0173835       -4.0173835      -14677.613                                       -14677.613
              2      -7345.2619      0.26904793     0.044963036      -4.0173835       -4.0173835      -14682.489                                       -14682.489
             14      -7344.9935      0.26892558     0.044978256      -4.0173835       -4.0173835      -14681.952                                       -14681.952
             17      -7345.1567      0.26889013     0.044952567      -4.0173835       -4.0173835      -14682.279                                       -14682.279
              3      -7344.5551      0.26793447      0.04475738      -4.0173835       -4.0173835      -14681.075                                       -14681.075
             10      -7344.8806      0.26879012     0.044797548      -4.0173835       -4.0173835      -14681.726                                       -14681.726
              1      -7343.5482      0.26880515     0.044710256      -4.0173835       -4.0173835      -14679.062                                       -14679.062
              3      -7345.0436       0.2683875     0.044835858      -4.0173835       -4.0173835      -14682.052                                       -14682.052
              5      -7343.8759      0.26774928     0.044885367      -4.0173835       -4.0173835      -14679.717                                       -14679.717
             14      -7343.8811      0.26772939     0.044881228      -4.0173835       -4.0173835      -14679.728                                       -14679.728
              2      -7343.5245      0.26765597     0.044895822      -4.0173835       -4.0173835      -14679.014                                       -14679.014
              6      -7344.6578      0.26793449     0.044789267      -4.0173835       -4.0173835      -14681.281                                       -14681.281
              2      -7345.1676      0.26855879     0.044861445      -4.0173835       -4.0173835        -14682.3                                         -14682.3
              3      -7344.5916       0.2684495     0.044757683      -4.0173835       -4.0173835      -14681.148                                       -14681.148
              4      -7345.1049        0.269639     0.045059153      -4.0173835       -4.0173835      -14682.175                                       -14682.175
              3       -7345.558      0.26971334     0.045005395      -4.0173835       -4.0173835      -14683.081                                       -14683.081
             13      -7345.2129      0.26863078     0.044864149      -4.0173835       -4.0173835      -14682.391                                       -14682.391
              3      -7344.9644      0.26829173      0.04482176      -4.0173835       -4.0173835      -14681.894                                       -14681.894
              2      -7344.3637      0.26883983     0.045018147      -4.0173835       -4.0173835      -14680.693                                       -14680.693
              3      -7345.0948      0.26926117     0.044843409      -4.0173835       -4.0173835      -14682.155                                       -14682.155
              5      -7345.0739      0.26940447     0.044850933      -4.0173835       -4.0173835      -14682.113                                       -14682.113
              9      -7344.4461      0.26907337     0.044779334      -4.0173835       -4.0173835      -14680.857                                       -14680.857
              1      -7343.8533      0.26923355     0.044757059      -4.0173835       -4.0173835      -14679.672                                       -14679.672
              4      -7345.1716      0.27025368      0.04511351      -4.0173835       -4.0173835      -14682.309                                       -14682.309
              3      -7343.9142      0.27058752     0.044886985      -4.0173835       -4.0173835      -14679.794                                       -14679.794
              2      -7344.4555      0.27024197     0.044880496      -4.0173835       -4.0173835      -14680.876                                       -14680.876
              7       -7344.833      0.26935954     0.044827102      -4.0173835       -4.0173835      -14681.631                                       -14681.631
              1      -7345.5112      0.26976643     0.044932737      -4.0173835       -4.0173835      -14682.988                                       -14682.988
              4      -7344.9433      0.26968175     0.045077792      -4.0173835       -4.0173835      -14681.852                                       -14681.852
              3      -7344.9788      0.26832657     0.044818718      -4.0173835       -4.0173835      -14681.923                                       -14681.923
              8      -7344.7155      0.27057841     0.044933903      -4.0173835       -4.0173835      -14681.396                                       -14681.396
              1      -7345.1254        0.270444     0.045133711      -4.0173835       -4.0173835      -14682.216                                       -14682.216
              9      -7345.6285      0.26986537     0.044976656      -4.0173835       -4.0173835      -14683.222                                       -14683.222
              7      -7345.4602      0.26922661     0.044898005      -4.0173835       -4.0173835      -14682.886                                       -14682.886
              2      -7343.5218      0.26766271     0.044897183      -4.0173835       -4.0173835      -14679.009                                       -14679.009
              1       -7343.583      0.27018715     0.045207626      -4.0173835       -4.0173835      -14679.131                                       -14679.131
              5      -7344.0024       0.2711962      0.04496303      -4.0173835       -4.0173835       -14679.97                                        -14679.97
              2      -7343.9456      0.27244364     0.045317787      -4.0173835       -4.0173835      -14679.857                                       -14679.857
              7      -7344.8767      0.27178869     0.045140636      -4.0173835       -4.0173835      -14681.719                                       -14681.719
              1      -7344.8446      0.27174459     0.045121477      -4.0173835       -4.0173835      -14681.654                                       -14681.654
              2      -7343.7615      0.27191059     0.045046473      -4.0173835       -4.0173835      -14679.488                                       -14679.488
              6      -7344.4169      0.26829676     0.044934587      -4.0173835       -4.0173835      -14680.799                                       -14680.799
              3      -7344.4259      0.26820952     0.044918992      -4.0173835       -4.0173835      -14680.817                                       -14680.817
              8      -7345.3418      0.26885601     0.044893772      -4.0173835       -4.0173835      -14682.649                                       -14682.649
             14      -7342.5623      0.26652951     0.044736616      -4.0173835       -4.0173835       -14677.09                                        -14677.09
              2      -7341.9396      0.26887586     0.044649158      -4.0173835       -4.0173835      -14675.845                                       -14675.845
              1      -7341.6488      0.26870594     0.045126118      -4.0173835       -4.0173835      -14675.263                                       -14675.263
              8       -7343.058      0.26813864     0.044996875      -4.0173835       -4.0173835      -14678.081                                       -14678.081
              3      -7344.2007       0.2724438     0.045283018      -4.0173835       -4.0173835      -14680.367                                       -14680.367
              3      -7344.2647      0.27238359     0.045277053      -4.0173835       -4.0173835      -14680.495                                       -14680.495
              4      -7344.3871      0.27214821     0.045271704      -4.0173835       -4.0173835      -14680.739                                       -14680.739
              6       -7344.809      0.27182207     0.045217118      -4.0173835       -4.0173835      -14681.583                                       -14681.583
              4      -7345.4171      0.27099962     0.045096474      -4.0173835       -4.0173835      -14682.799                                       -14682.799
              9      -7345.2639      0.27125565     0.045142258      -4.0173835       -4.0173835      -14682.493                                       -14682.493
              1       -7344.798      0.26832667     0.044779472      -4.0173835       -4.0173835      -14681.561                                       -14681.561
              4      -7344.2797      0.27001751     0.044847923      -4.0173835       -4.0173835      -14680.525                                       -14680.525
             21      -7344.9445      0.26859071     0.044799343      -4.0173835       -4.0173835      -14681.854                                       -14681.854
              2      -7345.4416      0.26906589     0.044908746      -4.0173835       -4.0173835      -14682.848                                       -14682.848
              1      -7343.7165      0.27054277     0.044872295      -4.0173835       -4.0173835      -14679.398                                       -14679.398
              2      -7342.1055      0.27329366     0.045172475      -4.0173835       -4.0173835      -14676.176                                       -14676.176
              5      -7342.7453      0.27142807     0.044930645      -4.0173835       -4.0173835      -14677.456                                       -14677.456
              2      -7343.1774      0.27040717     0.044833715      -4.0173835       -4.0173835       -14678.32                                        -14678.32
              2      -7343.2906      0.26940115     0.044744197      -4.0173835       -4.0173835      -14678.546                                       -14678.546
             20      -7345.4378      0.26914989     0.044943808      -4.0173835       -4.0173835      -14682.841                                       -14682.841
              3      -7343.1767      0.26837728     0.045023495      -4.0173835       -4.0173835      -14678.319                                       -14678.319
              7      -7344.8733      0.26828905     0.044876773      -4.0173835       -4.0173835      -14681.712                                       -14681.712
              3       -7344.316       0.2677119      0.04473297      -4.0173835       -4.0173835      -14680.597                                       -14680.597
              5       -7344.451      0.26782663     0.044747259      -4.0173835       -4.0173835      -14680.867                                       -14680.867
              5      -7344.7363      0.26993028     0.044868102      -4.0173835       -4.0173835      -14681.438                                       -14681.438
              7      -7345.4301      0.27055245      0.04500357      -4.0173835       -4.0173835      -14682.825                                       -14682.825
              4      -7344.2061      0.27096794     0.044946913      -4.0173835       -4.0173835      -14680.377                                       -14680.377
              4       -7344.762      0.27091597     0.044978384      -4.0173835       -4.0173835      -14681.489                                       -14681.489
              3      -7345.4603      0.26957629       0.0449102      -4.0173835       -4.0173835      -14682.886                                       -14682.886
             11      -7344.6571      0.27022258     0.044891363      -4.0173835       -4.0173835      -14681.279                                       -14681.279
              2      -7343.6558      0.26995869     0.044810425      -4.0173835       -4.0173835      -14679.277                                       -14679.277
              3      -7343.1641       0.2684852     0.044670708      -4.0173835       -4.0173835      -14678.293                                       -14678.293
              9      -7343.4917      0.26802526     0.044662731      -4.0173835       -4.0173835      -14678.949                                       -14678.949
              3       -7343.456       0.2679696     0.044658309      -4.0173835       -4.0173835      -14678.877                                       -14678.877
              2       -7344.532      0.26851308     0.044754615      -4.0173835       -4.0173835      -14681.029                                       -14681.029
              1      -7344.3019      0.26779139     0.044725321      -4.0173835       -4.0173835      -14680.569                                       -14680.569
             15      -7345.5519      0.26952498     0.044929209      -4.0173835       -4.0173835      -14683.069                                       -14683.069
              2      -7345.5354      0.27013384     0.045054827      -4.0173835       -4.0173835      -14683.036                                       -14683.036
              9      -7344.4776      0.27205327     0.045262011      -4.0173835       -4.0173835      -14680.921                                       -14680.921
             15      -7345.0363      0.27111918     0.045183543      -4.0173835       -4.0173835      -14682.038                                       -14682.038
              4      -7345.3217       0.2702474     0.045096762      -4.0173835       -4.0173835      -14682.609                                       -14682.609
              2      -7345.1936      0.27039912     0.045123414      -4.0173835       -4.0173835      -14682.352                                       -14682.352
              2      -7344.6136      0.26870759     0.044981458      -4.0173835       -4.0173835      -14681.193                                       -14681.193
              4      -7344.6452      0.27163561     0.045241951      -4.0173835       -4.0173835      -14681.256                                       -14681.256
              4      -7345.5246      0.26941255      0.04496863      -4.0173835       -4.0173835      -14683.015                                       -14683.015
              2      -7344.6962      0.26798101     0.044820562      -4.0173835       -4.0173835      -14681.358                                       -14681.358
              1      -7343.7116       0.2720307     0.045061404      -4.0173835       -4.0173835      -14679.388                                       -14679.388
              1      -7343.8073      0.27230871     0.045114137      -4.0173835       -4.0173835       -14679.58                                        -14679.58
              7      -7345.3677      0.26962352     0.044899305      -4.0173835       -4.0173835      -14682.701                                       -14682.701
              1       -7344.868      0.27162206     0.045098446      -4.0173835       -4.0173835      -14681.701                                       -14681.701
              4      -7345.1464      0.27146552     0.045158773      -4.0173835       -4.0173835      -14682.258                                       -14682.258
              1        -7344.31      0.26810518     0.044911438      -4.0173835       -4.0173835      -14680.585                                       -14680.585
              3      -7345.2667      0.26883892     0.044922267      -4.0173835       -4.0173835      -14682.499                                       -14682.499
              1      -7345.5535      0.26950762     0.044929468      -4.0173835       -4.0173835      -14683.072                                       -14683.072
              6      -7345.5729      0.27018135     0.045049504      -4.0173835       -4.0173835      -14683.111                                       -14683.111
              7      -7345.1649      0.26886067     0.044834404      -4.0173835       -4.0173835      -14682.295                                       -14682.295
              7      -7344.4644      0.26794529     0.044741714      -4.0173835       -4.0173835      -14680.894                                       -14680.894
              7      -7344.0251      0.26906655     0.045067226      -4.0173835       -4.0173835      -14680.015                                       -14680.015
              7      -7343.7397      0.26885122     0.045056233      -4.0173835       -4.0173835      -14679.445                                       -14679.445
              3      -7343.8975      0.26740705     0.044808892      -4.0173835       -4.0173835       -14679.76                                        -14679.76
             10      -7345.1954      0.26879355     0.044839404      -4.0173835       -4.0173835      -14682.356                                       -14682.356
              7      -7345.5309       0.2697011     0.044932158      -4.0173835       -4.0173835      -14683.027                                       -14683.027
             11      -7345.3359      0.26904887     0.044867123      -4.0173835       -4.0173835      -14682.637                                       -14682.637
              3      -7345.3676      0.26907057     0.044874218      -4.0173835       -4.0173835        -14682.7                                         -14682.7
             10      -7345.4972      0.27069019     0.045091651      -4.0173835       -4.0173835       -14682.96                                        -14682.96
              1      -7345.4515      0.27030157     0.044975068      -4.0173835       -4.0173835      -14682.868                                       -14682.868
              6      -7343.0194      0.27325021     0.045237271      -4.0173835       -4.0173835      -14678.004                                       -14678.004
              2      -7345.4806      0.26919449      0.04490812      -4.0173835       -4.0173835      -14682.926                                       -14682.926
              4      -7345.3897      0.26895243     0.044903281      -4.0173835       -4.0173835      -14682.745                                       -14682.745
              3      -7345.1862      0.26918033     0.044993441      -4.0173835       -4.0173835      -14682.338                                       -14682.338
              1      -7344.0231      0.26799063     0.044697073      -4.0173835       -4.0173835      -14680.011                                       -14680.011
              4      -7344.3147      0.27098973     0.044956231      -4.0173835       -4.0173835      -14680.595                                       -14680.595
              2      -7344.8888      0.26821824     0.044806459      -4.0173835       -4.0173835      -14681.743                                       -14681.743
              1      -7345.0219      0.26837486     0.044826383      -4.0173835       -4.0173835      -14682.009                                       -14682.009
              1      -7345.5389      0.26991089     0.044950103      -4.0173835       -4.0173835      -14683.043                                       -14683.043
              2      -7345.5539      0.26994257     0.044956213      -4.0173835       -4.0173835      -14683.073                                       -14683.073
              1      -7343.8419      0.27152964     0.045297855      -4.0173835       -4.0173835      -14679.649                                       -14679.649
              2      -7344.5023      0.27225361     0.045236345      -4.0173835       -4.0173835       -14680.97                                        -14680.97
              1      -7344.5196      0.27220049     0.045243169      -4.0173835       -4.0173835      -14681.005                                       -14681.005
              1       -7343.594      0.26701872     0.044708002      -4.0173835       -4.0173835      -14679.153                                       -14679.153
              4      -7343.7568      0.26995995     0.044815324      -4.0173835       -4.0173835      -14679.479                                       -14679.479
              4      -7345.4885      0.27028984     0.045075941      -4.0173835       -4.0173835      -14682.942                                       -14682.942
              2      -7344.1462      0.26832224      0.04471715      -4.0173835       -4.0173835      -14680.258                                       -14680.258
             13       -7345.016      0.26867937     0.044935608      -4.0173835       -4.0173835      -14681.997                                       -14681.997
              1      -7343.9773      0.26907252     0.045070575      -4.0173835       -4.0173835       -14679.92                                        -14679.92
              1      -7343.9042      0.26854262      0.04471267      -4.0173835       -4.0173835      -14679.774                                       -14679.774
              1      -7344.3135      0.27042594     0.044891348      -4.0173835       -4.0173835      -14680.592                                       -14680.592
              2      -7344.0915      0.27046263     0.044882854      -4.0173835       -4.0173835      -14680.148                                       -14680.148
              7       -7343.818      0.26877127      0.04472187      -4.0173835       -4.0173835      -14679.601                                       -14679.601
              7      -7344.8878      0.27066027     0.045170953      -4.0173835       -4.0173835      -14681.741                                       -14681.741
              4      -7340.5198      0.27069009     0.044770932      -4.0173835       -4.0173835      -14673.005                                       -14673.005
              3      -7340.5676       0.2653647     0.044520897      -4.0173835       -4.0173835        -14673.1                                         -14673.1
              2      -7341.8136       0.2688505     0.044642767      -4.0173835       -4.0173835      -14675.593                                       -14675.593
              1       -7344.456      0.26775106     0.044761704      -4.0173835       -4.0173835      -14680.877                                       -14680.877
              4      -7342.5128      0.26659013     0.044758415      -4.0173835       -4.0173835      -14676.991                                       -14676.991
              7      -7341.7746      0.26612024      0.04470609      -4.0173835       -4.0173835      -14675.515                                       -14675.515
             12      -7344.9736      0.27171239     0.045146957      -4.0173835       -4.0173835      -14681.912                                       -14681.912
              4      -7345.1171      0.27038133     0.044944323      -4.0173835       -4.0173835        -14682.2                                         -14682.2
              3      -7345.5276      0.26934956     0.044954036      -4.0173835       -4.0173835       -14683.02                                        -14683.02
             10        -7345.16      0.26873696     0.044923464      -4.0173835       -4.0173835      -14682.285                                       -14682.285
              3      -7345.1309      0.26870959     0.044923283      -4.0173835       -4.0173835      -14682.227                                       -14682.227
              4      -7345.2576      0.26895456     0.044947585      -4.0173835       -4.0173835      -14682.481                                       -14682.481
              5       -7344.803      0.26937275      0.04505375      -4.0173835       -4.0173835      -14681.571                                       -14681.571
              2      -7342.4992      0.26631768     0.044652037      -4.0173835       -4.0173835      -14676.964                                       -14676.964
              1      -7344.5224      0.26840749     0.044750087      -4.0173835       -4.0173835       -14681.01                                        -14681.01
              2      -7345.3351      0.26980945     0.044909965      -4.0173835       -4.0173835      -14682.635                                       -14682.635
              7      -7345.2358      0.27133277     0.045115233      -4.0173835       -4.0173835      -14682.437                                       -14682.437
              3      -7344.7893      0.27193913     0.045167202      -4.0173835       -4.0173835      -14681.544                                       -14681.544
              1      -7345.3535      0.26989381     0.044919628      -4.0173835       -4.0173835      -14682.672                                       -14682.672
              3      -7345.5148       0.2696149     0.044923253      -4.0173835       -4.0173835      -14682.995                                       -14682.995
              9      -7345.1597      0.26876847     0.044929885      -4.0173835       -4.0173835      -14682.285                                       -14682.285
              6      -7345.3776      0.27014902     0.045081376      -4.0173835       -4.0173835       -14682.72                                        -14682.72
              7       -7344.991      0.27111918     0.045188641      -4.0173835       -4.0173835      -14681.947                                       -14681.947
              8      -7344.5887       0.2679511     0.044842629      -4.0173835       -4.0173835      -14681.143                                       -14681.143
              3      -7344.8796      0.27011314     0.044896115      -4.0173835       -4.0173835      -14681.724                                       -14681.724
              7      -7345.4847      0.27018174     0.044966894      -4.0173835       -4.0173835      -14682.935                                       -14682.935
              4      -7344.9702       0.2692912     0.044833614      -4.0173835       -4.0173835      -14681.906                                       -14681.906
              4       -7344.459      0.27008415     0.044864906      -4.0173835       -4.0173835      -14680.883                                       -14680.883
              2      -7344.8672      0.26854016     0.044788857      -4.0173835       -4.0173835        -14681.7                                         -14681.7
              3      -7345.5984      0.27039648     0.045028582      -4.0173835       -4.0173835      -14683.162                                       -14683.162
              2      -7345.1939      0.26928389     0.045006768      -4.0173835       -4.0173835      -14682.353                                       -14682.353
              2       -7345.117      0.26897397     0.044971432      -4.0173835       -4.0173835      -14682.199                                       -14682.199
              1      -7345.2459      0.26898696     0.044955326      -4.0173835       -4.0173835      -14682.457                                       -14682.457
              1      -7344.8983      0.27160811     0.045209673      -4.0173835       -4.0173835      -14681.762                                       -14681.762
