#        weight    minuslogpost         Omega_c         Omega_b   minuslogprior minuslogprior__0            chi2 chi2__functions_and_classes.SO_x_DESI_Likelihood
              3      -7182.5302      0.29423129     0.048378359      -4.0173835       -4.0173835      -14357.026                                       -14357.026
              2      -7187.6047      0.29419064     0.048326933      -4.0173835       -4.0173835      -14367.175                                       -14367.175
              1      -7204.3992      0.29412336     0.048138915      -4.0173835       -4.0173835      -14400.764                                       -14400.764
              2      -7209.6825      0.29428063     0.048069308      -4.0173835       -4.0173835       -14411.33                                        -14411.33
              1      -7209.1979      0.29425615     0.048076202      -4.0173835       -4.0173835      -14410.361                                       -14410.361
              3      -7231.5146      0.29414596     0.047684975      -4.0173835       -4.0173835      -14454.994                                       -14454.994
              1      -7233.2201      0.29410464     0.047643379      -4.0173835       -4.0173835      -14458.405                                       -14458.405
              1      -7234.3223      0.29414473      0.04760356      -4.0173835       -4.0173835       -14460.61                                        -14460.61
              3      -7232.1111      0.29426187     0.047654007      -4.0173835       -4.0173835      -14456.187                                       -14456.187
              2       -7235.498      0.29418149     0.047554638      -4.0173835       -4.0173835      -14462.961                                       -14462.961
              2      -7237.5423      0.29414523      0.04746988      -4.0173835       -4.0173835       -14467.05                                        -14467.05
              1      -7241.2941      0.29382562     0.047345638      -4.0173835       -4.0173835      -14474.554                                       -14474.554
              2      -7241.4222      0.29385184     0.047289115      -4.0173835       -4.0173835       -14474.81                                        -14474.81
              2      -7241.1551      0.29387043     0.047319537      -4.0173835       -4.0173835      -14474.275                                       -14474.275
              1      -7241.1852      0.29386497     0.047321316      -4.0173835       -4.0173835      -14474.336                                       -14474.336
              4      -7240.8659      0.29379627     0.047110306      -4.0173835       -4.0173835      -14473.697                                       -14473.697
              1      -7242.1816       0.2937585     0.047234301      -4.0173835       -4.0173835      -14476.328                                       -14476.328
              5      -7242.2327      0.29374477     0.047212185      -4.0173835       -4.0173835      -14476.431                                       -14476.431
              3      -7242.4347      0.29372239     0.047217842      -4.0173835       -4.0173835      -14476.835                                       -14476.835
              1      -7242.4761      0.29372296     0.047247883      -4.0173835       -4.0173835      -14476.917                                       -14476.917
              1      -7242.5239      0.29371687     0.047247997      -4.0173835       -4.0173835      -14477.013                                       -14477.013
              1       -7243.141      0.29362377     0.047287561      -4.0173835       -4.0173835      -14478.247                                       -14478.247
              1      -7243.4456      0.29357507     0.047172957      -4.0173835       -4.0173835      -14478.857                                       -14478.857
              1      -7243.9721      0.29352755     0.047204891      -4.0173835       -4.0173835      -14479.909                                       -14479.909
              1      -7243.9376      0.29347568     0.047127717      -4.0173835       -4.0173835       -14479.84                                        -14479.84
              4      -7243.2571      0.29340121     0.047031242      -4.0173835       -4.0173835       -14478.48                                        -14478.48
              1      -7243.6514      0.29355127     0.047174127      -4.0173835       -4.0173835      -14479.268                                       -14479.268
              1      -7244.0032      0.29352326     0.047203552      -4.0173835       -4.0173835      -14479.972                                       -14479.972
              3      -7244.2944      0.29348246     0.047190797      -4.0173835       -4.0173835      -14480.554                                       -14480.554
              2      -7243.2759      0.29359189     0.047168533      -4.0173835       -4.0173835      -14478.517                                       -14478.517
              1      -7244.1499      0.29350658     0.047249035      -4.0173835       -4.0173835      -14480.265                                       -14480.265
              1      -7244.1875      0.29348701     0.047279414      -4.0173835       -4.0173835       -14480.34                                        -14480.34
              5      -7245.8482      0.29325466     0.047129776      -4.0173835       -4.0173835      -14483.662                                       -14483.662
              3       -7247.426      0.29307578     0.047229741      -4.0173835       -4.0173835      -14486.817                                       -14486.817
              1      -7246.7106      0.29317771     0.047213811      -4.0173835       -4.0173835      -14485.386                                       -14485.386
              2      -7247.4426      0.29307718      0.04715478      -4.0173835       -4.0173835       -14486.85                                        -14486.85
              1      -7248.0918      0.29291601     0.047288329      -4.0173835       -4.0173835      -14488.149                                       -14488.149
              2      -7248.8202      0.29287446     0.047238185      -4.0173835       -4.0173835      -14489.606                                       -14489.606
              1      -7248.2979      0.29290108     0.047278488      -4.0173835       -4.0173835      -14488.561                                       -14488.561
              1      -7247.7347      0.29293213     0.047308976      -4.0173835       -4.0173835      -14487.435                                       -14487.435
              1      -7247.2118      0.29288011     0.047361958      -4.0173835       -4.0173835      -14486.389                                       -14486.389
              3      -7248.8955      0.29289477     0.047176517      -4.0173835       -4.0173835      -14489.756                                       -14489.756
              2      -7249.2966      0.29277225      0.04726455      -4.0173835       -4.0173835      -14490.558                                       -14490.558
              1      -7248.5014      0.29275252     0.047332389      -4.0173835       -4.0173835      -14488.968                                       -14488.968
              3      -7248.3249      0.29282541     0.047315307      -4.0173835       -4.0173835      -14488.615                                       -14488.615
              3      -7246.9078      0.29270063     0.047419817      -4.0173835       -4.0173835      -14485.781                                       -14485.781
              3       -7250.982      0.29247426      0.04728314      -4.0173835       -4.0173835      -14493.929                                       -14493.929
              1      -7252.7107      0.29230817      0.04723042      -4.0173835       -4.0173835      -14497.387                                       -14497.387
              4      -7253.1659      0.29228329     0.047028568      -4.0173835       -4.0173835      -14498.297                                       -14498.297
              1      -7254.4669        0.292056     0.046969214      -4.0173835       -4.0173835      -14500.899                                       -14500.899
              3      -7252.5845      0.29208105     0.046873291      -4.0173835       -4.0173835      -14497.134                                       -14497.134
              1      -7253.1722      0.29209312     0.046907418      -4.0173835       -4.0173835       -14498.31                                        -14498.31
              7      -7256.7828      0.29181778     0.047004819      -4.0173835       -4.0173835      -14505.531                                       -14505.531
              5      -7256.5396      0.29181984     0.046976561      -4.0173835       -4.0173835      -14505.044                                       -14505.044
              2      -7256.2242       0.2919122     0.047040303      -4.0173835       -4.0173835      -14504.414                                       -14504.414
              1      -7256.3455      0.29190397     0.047097906      -4.0173835       -4.0173835      -14504.656                                       -14504.656
              4      -7257.7989      0.29169769     0.047102313      -4.0173835       -4.0173835      -14507.563                                       -14507.563
              1      -7257.6405      0.29159667     0.047192113      -4.0173835       -4.0173835      -14507.246                                       -14507.246
              1      -7259.2965      0.29149619     0.047079082      -4.0173835       -4.0173835      -14510.558                                       -14510.558
              1      -7258.8149       0.2915353      0.04697168      -4.0173835       -4.0173835      -14509.595                                       -14509.595
              1      -7256.4919      0.29188356      0.04709848      -4.0173835       -4.0173835      -14504.949                                       -14504.949
              1       -7255.908       0.2919494      0.04703469      -4.0173835       -4.0173835      -14503.781                                       -14503.781
              5      -7255.5815      0.29200893     0.047096137      -4.0173835       -4.0173835      -14503.128                                       -14503.128
              3      -7255.9946      0.29195292     0.047073788      -4.0173835       -4.0173835      -14503.954                                       -14503.954
              2       -7256.107      0.29189794     0.047156817      -4.0173835       -4.0173835      -14504.179                                       -14504.179
              1      -7255.4219      0.29197373     0.047178327      -4.0173835       -4.0173835      -14502.809                                       -14502.809
              1      -7255.2637      0.29193771     0.047213473      -4.0173835       -4.0173835      -14502.493                                       -14502.493
              2      -7257.3162      0.29177143     0.047043077      -4.0173835       -4.0173835      -14506.598                                       -14506.598
              2      -7256.3021      0.29188988     0.047020183      -4.0173835       -4.0173835      -14504.569                                       -14504.569
              1      -7255.8646      0.29195705     0.047038236      -4.0173835       -4.0173835      -14503.694                                       -14503.694
              2      -7256.5554      0.29182021     0.046978591      -4.0173835       -4.0173835      -14505.076                                       -14505.076
              1      -7255.9863      0.29193219     0.047140035      -4.0173835       -4.0173835      -14503.938                                       -14503.938
              1      -7256.0275      0.29191521     0.047151818      -4.0173835       -4.0173835       -14504.02                                        -14504.02
              1      -7255.4095      0.29187691     0.047229537      -4.0173835       -4.0173835      -14502.784                                       -14502.784
              1       -7257.376      0.29171496     0.047149735      -4.0173835       -4.0173835      -14506.717                                       -14506.717
              2      -7259.8278      0.29142211     0.047074747      -4.0173835       -4.0173835      -14511.621                                       -14511.621
              3      -7259.9955      0.29140541     0.047059499      -4.0173835       -4.0173835      -14511.956                                       -14511.956
              1      -7258.3412      0.29131696     0.047241646      -4.0173835       -4.0173835      -14508.648                                       -14508.648
              2      -7257.3783      0.29139275     0.047267112      -4.0173835       -4.0173835      -14506.722                                       -14506.722
              1      -7258.9314      0.29129862      0.04721731      -4.0173835       -4.0173835      -14509.828                                       -14509.828
              3      -7260.1609      0.29138091     0.047061778      -4.0173835       -4.0173835      -14512.287                                       -14512.287
              1      -7260.2923       0.2908672     0.047252874      -4.0173835       -4.0173835       -14512.55                                        -14512.55
              3      -7264.5424      0.29057888     0.047125051      -4.0173835       -4.0173835       -14521.05                                        -14521.05
              2      -7267.3074      0.29034834     0.047010518      -4.0173835       -4.0173835       -14526.58                                        -14526.58
              2      -7267.0425      0.29039263     0.047008315      -4.0173835       -4.0173835       -14526.05                                        -14526.05
              1      -7269.5436      0.28994932     0.047026313      -4.0173835       -4.0173835      -14531.052                                       -14531.052
              2      -7269.7792      0.28995735     0.047002181      -4.0173835       -4.0173835      -14531.524                                       -14531.524
              4      -7272.7143      0.28938295      0.04701932      -4.0173835       -4.0173835      -14537.394                                       -14537.394
              2      -7275.2597      0.28898843     0.046988052      -4.0173835       -4.0173835      -14542.485                                       -14542.485
              2      -7276.7759      0.28878289     0.046960211      -4.0173835       -4.0173835      -14545.517                                       -14545.517
              3      -7277.4709       0.2883488     0.047015927      -4.0173835       -4.0173835      -14546.907                                       -14546.907
              1      -7280.8082       0.2883014     0.046853492      -4.0173835       -4.0173835      -14553.582                                       -14553.582
              2       -7280.659      0.28833857     0.046848489      -4.0173835       -4.0173835      -14553.283                                       -14553.283
              1      -7282.0468      0.28802995     0.046866652      -4.0173835       -4.0173835      -14556.059                                       -14556.059
              2      -7284.4144       0.2876156     0.046843996      -4.0173835       -4.0173835      -14560.794                                       -14560.794
              1      -7284.5493      0.28768459     0.046812367      -4.0173835       -4.0173835      -14561.064                                       -14561.064
              2      -7284.4915      0.28769085      0.04681435      -4.0173835       -4.0173835      -14560.948                                       -14560.948
              3      -7294.8256      0.28610774     0.046480228      -4.0173835       -4.0173835      -14581.616                                       -14581.616
              1      -7295.0113      0.28604571     0.046611088      -4.0173835       -4.0173835      -14581.988                                       -14581.988
              2      -7296.5012      0.28572614     0.046616749      -4.0173835       -4.0173835      -14584.968                                       -14584.968
              1      -7298.4206      0.28551217     0.046468416      -4.0173835       -4.0173835      -14588.806                                       -14588.806
              2      -7299.7589      0.28527129     0.046432469      -4.0173835       -4.0173835      -14591.483                                       -14591.483
              1      -7298.8112      0.28544283     0.046487287      -4.0173835       -4.0173835      -14589.588                                       -14589.588
              1      -7298.9066      0.28515548     0.046618371      -4.0173835       -4.0173835      -14589.778                                       -14589.778
              2      -7299.9268       0.2851435     0.046551005      -4.0173835       -4.0173835      -14591.819                                       -14591.819
              1      -7300.3501      0.28480855     0.046610363      -4.0173835       -4.0173835      -14592.665                                       -14592.665
              1      -7303.0802      0.28467517      0.04638801      -4.0173835       -4.0173835      -14598.126                                       -14598.126
              1      -7303.8083      0.28450363     0.046448176      -4.0173835       -4.0173835      -14599.582                                       -14599.582
              1      -7304.3545      0.28442963     0.046412115      -4.0173835       -4.0173835      -14600.674                                       -14600.674
              1      -7305.5339      0.28418707      0.04641262      -4.0173835       -4.0173835      -14603.033                                       -14603.033
              1      -7304.2811      0.28428864     0.046233984      -4.0173835       -4.0173835      -14600.528                                       -14600.528
              2       -7306.058      0.28393854       0.0461961      -4.0173835       -4.0173835      -14604.081                                       -14604.081
              1      -7308.5154      0.28362156     0.046251077      -4.0173835       -4.0173835      -14608.996                                       -14608.996
              3      -7308.2584      0.28359029     0.046196398      -4.0173835       -4.0173835      -14608.482                                       -14608.482
              1      -7310.4684      0.28316581     0.046163022      -4.0173835       -4.0173835      -14612.902                                       -14612.902
              1      -7310.3901       0.2831707      0.04615828      -4.0173835       -4.0173835      -14612.745                                       -14612.745
              2      -7310.6272      0.28282924     0.046033354      -4.0173835       -4.0173835       -14613.22                                        -14613.22
              2      -7310.3121      0.28274372     0.045992533      -4.0173835       -4.0173835       -14612.59                                        -14612.59
              2      -7311.1519      0.28267524     0.046008358      -4.0173835       -4.0173835      -14614.269                                       -14614.269
              2      -7313.3909      0.28226647     0.045983934      -4.0173835       -4.0173835      -14618.747                                       -14618.747
              2      -7313.3681      0.28211873     0.045937534      -4.0173835       -4.0173835      -14618.702                                       -14618.702
              1      -7317.3935       0.2817853     0.046078971      -4.0173835       -4.0173835      -14626.752                                       -14626.752
              1      -7318.0274      0.28142235     0.045948591      -4.0173835       -4.0173835       -14628.02                                        -14628.02
              1      -7318.5838      0.28142042     0.045989902      -4.0173835       -4.0173835      -14629.133                                       -14629.133
              1      -7320.8764      0.28101284     0.046024547      -4.0173835       -4.0173835      -14633.718                                       -14633.718
              4      -7320.8551      0.28101322     0.046018903      -4.0173835       -4.0173835      -14633.675                                       -14633.675
              2      -7320.7704      0.28102994     0.046017184      -4.0173835       -4.0173835      -14633.506                                       -14633.506
              1      -7322.7093      0.28058757      0.04602232      -4.0173835       -4.0173835      -14637.384                                       -14637.384
              1      -7322.5425       0.2806102     0.045978062      -4.0173835       -4.0173835       -14637.05                                        -14637.05
              1      -7321.9692       0.2807111     0.045959994      -4.0173835       -4.0173835      -14635.904                                       -14635.904
              1      -7321.9676      0.28076392     0.046046083      -4.0173835       -4.0173835        -14635.9                                         -14635.9
              3      -7322.0924      0.28073529     0.046017477      -4.0173835       -4.0173835       -14636.15                                        -14636.15
              2       -7322.393      0.28066416     0.046027897      -4.0173835       -4.0173835      -14636.751                                       -14636.751
              1      -7321.8255       0.2801242     0.046197515      -4.0173835       -4.0173835      -14635.616                                       -14635.616
              2      -7321.7121      0.28015416     0.046200151      -4.0173835       -4.0173835      -14635.389                                       -14635.389
              1       -7324.071       0.2800283     0.046090455      -4.0173835       -4.0173835      -14640.107                                       -14640.107
              1        -7323.94      0.28024808     0.046036049      -4.0173835       -4.0173835      -14639.845                                       -14639.845
              3      -7324.0688      0.28022175     0.046029394      -4.0173835       -4.0173835      -14640.103                                       -14640.103
              1       -7322.116      0.27993753     0.046197577      -4.0173835       -4.0173835      -14636.197                                       -14636.197
              1      -7321.9627      0.27977477     0.046210071      -4.0173835       -4.0173835      -14635.891                                       -14635.891
              1       -7325.516      0.27979374     0.046021871      -4.0173835       -4.0173835      -14642.997                                       -14642.997
              1      -7325.5109      0.27976575        0.046031      -4.0173835       -4.0173835      -14642.987                                       -14642.987
              1      -7326.6458      0.27959262     0.045936094      -4.0173835       -4.0173835      -14645.257                                       -14645.257
              3      -7326.9929      0.27948158     0.045868455      -4.0173835       -4.0173835      -14645.951                                       -14645.951
              1      -7328.2872      0.27914706     0.045853333      -4.0173835       -4.0173835       -14648.54                                        -14648.54
              1      -7328.9565       0.2789049     0.045919273      -4.0173835       -4.0173835      -14649.878                                       -14649.878
              1      -7329.6757      0.27870525     0.045771663      -4.0173835       -4.0173835      -14651.317                                       -14651.317
              4      -7327.7951      0.27884463     0.045675938      -4.0173835       -4.0173835      -14647.556                                       -14647.556
              1      -7326.0039       0.2790657     0.045649838      -4.0173835       -4.0173835      -14643.973                                       -14643.973
              2      -7328.4712      0.27910359     0.045864349      -4.0173835       -4.0173835      -14648.908                                       -14648.908
              2      -7328.4497      0.27911038     0.045869912      -4.0173835       -4.0173835      -14648.865                                       -14648.865
              1      -7328.4316      0.27911536     0.045877041      -4.0173835       -4.0173835      -14648.828                                       -14648.828
              2      -7328.7753      0.27901782       0.0458513      -4.0173835       -4.0173835      -14649.516                                       -14649.516
              1      -7327.7139      0.27922957     0.045959484      -4.0173835       -4.0173835      -14647.393                                       -14647.393
              1      -7326.3807      0.27886393     0.046084021      -4.0173835       -4.0173835      -14644.727                                       -14644.727
              1      -7326.4027      0.27885755     0.046083435      -4.0173835       -4.0173835      -14644.771                                       -14644.771
              1      -7326.4343      0.27885901     0.046082108      -4.0173835       -4.0173835      -14644.834                                       -14644.834
              1      -7328.7212      0.27882566     0.045963891      -4.0173835       -4.0173835      -14649.408                                       -14649.408
              2       -7328.488      0.27901964     0.045938046      -4.0173835       -4.0173835      -14648.941                                       -14648.941
              1      -7327.2447      0.27894734     0.046040192      -4.0173835       -4.0173835      -14646.455                                       -14646.455
              4       -7327.368      0.27923092     0.045994018      -4.0173835       -4.0173835      -14646.701                                       -14646.701
              3      -7330.3725      0.27852719     0.045867275      -4.0173835       -4.0173835       -14652.71                                        -14652.71
              2      -7330.5547      0.27823401     0.045921414      -4.0173835       -4.0173835      -14653.075                                       -14653.075
              1      -7330.1311      0.27811803     0.045958176      -4.0173835       -4.0173835      -14652.227                                       -14652.227
              8      -7332.7605      0.27776596     0.045812265      -4.0173835       -4.0173835      -14657.486                                       -14657.486
              2      -7342.4315      0.27176476     0.044959531      -4.0173835       -4.0173835      -14676.828                                       -14676.828
              3      -7342.6547       0.2701469     0.044786586      -4.0173835       -4.0173835      -14677.275                                       -14677.275
              1      -7343.2689      0.27029604     0.044826197      -4.0173835       -4.0173835      -14678.503                                       -14678.503
              1      -7343.3397        0.271187     0.044927675      -4.0173835       -4.0173835      -14678.645                                       -14678.645
              2      -7344.7015      0.27111883     0.045000118      -4.0173835       -4.0173835      -14681.368                                       -14681.368
              3       -7343.334      0.26828263     0.045002871      -4.0173835       -4.0173835      -14678.633                                       -14678.633
              1      -7344.5151      0.26782179     0.044816544      -4.0173835       -4.0173835      -14680.995                                       -14680.995
              3      -7345.5109      0.27069717     0.045048702      -4.0173835       -4.0173835      -14682.987                                       -14682.987
              1      -7344.7892      0.27193124     0.045163578      -4.0173835       -4.0173835      -14681.544                                       -14681.544
              1      -7344.4982      0.27207383     0.045258353      -4.0173835       -4.0173835      -14680.962                                       -14680.962
              3       -7345.469      0.27074088     0.045100426      -4.0173835       -4.0173835      -14682.903                                       -14682.903
              1      -7344.2735       0.2715273     0.045269733      -4.0173835       -4.0173835      -14680.512                                       -14680.512
              3      -7344.9215      0.27154833     0.045206787      -4.0173835       -4.0173835      -14681.808                                       -14681.808
              3      -7344.1336      0.27183279     0.045292893      -4.0173835       -4.0173835      -14680.232                                       -14680.232
              4      -7345.0998      0.27132449     0.045179159      -4.0173835       -4.0173835      -14682.165                                       -14682.165
              3      -7343.9913      0.27231012     0.045314311      -4.0173835       -4.0173835      -14679.948                                       -14679.948
              1       -7344.007      0.27228807     0.045312804      -4.0173835       -4.0173835      -14679.979                                       -14679.979
              1      -7344.9691      0.27170471     0.045141762      -4.0173835       -4.0173835      -14681.903                                       -14681.903
              4      -7344.1423      0.27250087     0.045193469      -4.0173835       -4.0173835       -14680.25                                        -14680.25
              1      -7344.0249      0.27206766     0.045308326      -4.0173835       -4.0173835      -14680.015                                       -14680.015
              6      -7345.5599      0.26943601     0.044934413      -4.0173835       -4.0173835      -14683.085                                       -14683.085
             10      -7345.4984       0.2692729     0.044910806      -4.0173835       -4.0173835      -14682.962                                       -14682.962
              5      -7344.3383      0.27048584     0.045195043      -4.0173835       -4.0173835      -14680.642                                       -14680.642
              1      -7345.5354      0.26939789     0.044961504      -4.0173835       -4.0173835      -14683.036                                       -14683.036
              2      -7345.4951      0.26922351     0.044936837      -4.0173835       -4.0173835      -14682.955                                       -14682.955
              2      -7345.3995      0.26899327     0.044916387      -4.0173835       -4.0173835      -14682.764                                       -14682.764
              3      -7345.4422      0.26909798     0.044928109      -4.0173835       -4.0173835       -14682.85                                        -14682.85
              2      -7345.1508      0.26865115     0.044906272      -4.0173835       -4.0173835      -14682.267                                       -14682.267
              1      -7345.5266      0.26989964     0.045034156      -4.0173835       -4.0173835      -14683.018                                       -14683.018
              1      -7345.3827      0.26930783     0.044882662      -4.0173835       -4.0173835      -14682.731                                       -14682.731
              1      -7345.3221       0.2698564     0.044912494      -4.0173835       -4.0173835      -14682.609                                       -14682.609
              2      -7345.5585      0.27059164     0.045050775      -4.0173835       -4.0173835      -14683.082                                       -14683.082
              1      -7345.4743      0.27020117     0.044967518      -4.0173835       -4.0173835      -14682.914                                       -14682.914
              2      -7345.3592       0.2704096     0.044974414      -4.0173835       -4.0173835      -14682.684                                       -14682.684
              5      -7345.3181      0.26932257     0.044996266      -4.0173835       -4.0173835      -14682.602                                       -14682.602
              1       -7345.208      0.26890265     0.044946769      -4.0173835       -4.0173835      -14682.381                                       -14682.381
              3      -7345.2335      0.26890806     0.044943372      -4.0173835       -4.0173835      -14682.432                                       -14682.432
              2      -7345.0308      0.27164408     0.045172517      -4.0173835       -4.0173835      -14682.027                                       -14682.027
              3      -7344.2917      0.26758889     0.044750482      -4.0173835       -4.0173835      -14680.549                                       -14680.549
              3      -7345.6273      0.26981997     0.044974188      -4.0173835       -4.0173835       -14683.22                                        -14683.22
              1      -7345.2667      0.27129303     0.045130394      -4.0173835       -4.0173835      -14682.499                                       -14682.499
              1      -7345.1874      0.27129758     0.045162255      -4.0173835       -4.0173835       -14682.34                                        -14682.34
              1      -7345.0457      0.27132289     0.045187681      -4.0173835       -4.0173835      -14682.057                                       -14682.057
              2      -7345.4469      0.26985078     0.045042785      -4.0173835       -4.0173835      -14682.859                                       -14682.859
              2      -7344.4538      0.27160748      0.04505085      -4.0173835       -4.0173835      -14680.873                                       -14680.873
              3      -7345.3649      0.26998269     0.044929284      -4.0173835       -4.0173835      -14682.695                                       -14682.695
              7      -7345.0931      0.26847323      0.04483605      -4.0173835       -4.0173835      -14682.151                                       -14682.151
              2      -7345.5997      0.26973269     0.044954273      -4.0173835       -4.0173835      -14683.165                                       -14683.165
              2      -7344.3564      0.26813759     0.044912861      -4.0173835       -4.0173835      -14680.678                                       -14680.678
              7      -7345.2209      0.27127748     0.045091596      -4.0173835       -4.0173835      -14682.407                                       -14682.407
              1       -7345.308      0.27075418     0.045012969      -4.0173835       -4.0173835      -14682.581                                       -14682.581
              1      -7344.7682      0.27102315     0.044992734      -4.0173835       -4.0173835      -14681.502                                       -14681.502
              1      -7345.0293      0.27159521     0.045182664      -4.0173835       -4.0173835      -14682.024                                       -14682.024
              6      -7345.3574      0.26989857     0.045060106      -4.0173835       -4.0173835       -14682.68                                        -14682.68
              1      -7345.5803      0.26968545     0.044994887      -4.0173835       -4.0173835      -14683.126                                       -14683.126
              4      -7345.4857      0.26922741     0.044907685      -4.0173835       -4.0173835      -14682.937                                       -14682.937
              1      -7345.5806      0.26961242     0.044942121      -4.0173835       -4.0173835      -14683.126                                       -14683.126
              3      -7345.5056      0.26975866     0.045022562      -4.0173835       -4.0173835      -14682.977                                       -14682.977
              2      -7345.0757      0.26955977     0.045052847      -4.0173835       -4.0173835      -14682.117                                       -14682.117
              1      -7344.9464      0.26980117     0.044871894      -4.0173835       -4.0173835      -14681.858                                       -14681.858
              1      -7344.9946      0.27104442     0.045016548      -4.0173835       -4.0173835      -14681.954                                       -14681.954
              1       -7344.838      0.27138544     0.045052169      -4.0173835       -4.0173835      -14681.641                                       -14681.641
              3      -7344.5157      0.27145082     0.045247608      -4.0173835       -4.0173835      -14680.997                                       -14680.997
              1      -7341.8003      0.27128127     0.045371456      -4.0173835       -4.0173835      -14675.566                                       -14675.566
              2      -7342.8117      0.26798455     0.044987188      -4.0173835       -4.0173835      -14677.589                                       -14677.589
              1      -7343.5776      0.26768073      0.04489633      -4.0173835       -4.0173835       -14679.12                                        -14679.12
              2      -7345.4891       0.2692401     0.044908432      -4.0173835       -4.0173835      -14682.943                                       -14682.943
              2      -7345.2626      0.27122229      0.04514602      -4.0173835       -4.0173835       -14682.49                                        -14682.49
              1      -7344.0381      0.27121697     0.045267193      -4.0173835       -4.0173835      -14680.041                                       -14680.041
              8      -7344.5613      0.26918836     0.045049068      -4.0173835       -4.0173835      -14681.088                                       -14681.088
              1       -7345.207      0.26902022     0.044966782      -4.0173835       -4.0173835      -14682.379                                       -14682.379
              1      -7345.1442      0.26898025     0.044968978      -4.0173835       -4.0173835      -14682.254                                       -14682.254
              3      -7344.9226      0.26827125     0.044858628      -4.0173835       -4.0173835       -14681.81                                        -14681.81
              2      -7345.6127      0.26979621     0.044963329      -4.0173835       -4.0173835      -14683.191                                       -14683.191
              1      -7345.2882      0.26892871     0.044857107      -4.0173835       -4.0173835      -14682.542                                       -14682.542
              1      -7344.5844      0.26909319     0.044790085      -4.0173835       -4.0173835      -14681.134                                       -14681.134
              4      -7344.4931      0.26779712      0.04476237      -4.0173835       -4.0173835      -14680.951                                       -14680.951
              1      -7345.3043      0.26972154     0.044898979      -4.0173835       -4.0173835      -14682.574                                       -14682.574
              3      -7345.5397      0.27013181     0.044971937      -4.0173835       -4.0173835      -14683.045                                       -14683.045
              3      -7344.7299      0.27003116     0.045129344      -4.0173835       -4.0173835      -14681.425                                       -14681.425
              1        -7344.39      0.26984606     0.045132674      -4.0173835       -4.0173835      -14680.745                                       -14680.745
              3      -7344.4466      0.27027518     0.045170108      -4.0173835       -4.0173835      -14680.858                                       -14680.858
              5      -7343.8681      0.27070792     0.045239222      -4.0173835       -4.0173835      -14679.701                                       -14679.701
              2      -7345.6312      0.26993793     0.045004898      -4.0173835       -4.0173835      -14683.228                                       -14683.228
              1      -7344.5325      0.26812609     0.044892259      -4.0173835       -4.0173835       -14681.03                                        -14681.03
              3      -7344.3799      0.26782646     0.044846371      -4.0173835       -4.0173835      -14680.725                                       -14680.725
              2      -7344.8695      0.26839751     0.044902357      -4.0173835       -4.0173835      -14681.704                                       -14681.704
              2      -7345.6347      0.26986522     0.044986513      -4.0173835       -4.0173835      -14683.235                                       -14683.235
              1      -7345.0376      0.26838439     0.044832503      -4.0173835       -4.0173835      -14682.041                                       -14682.041
              4      -7344.0044      0.26929256     0.044769585      -4.0173835       -4.0173835      -14679.974                                       -14679.974
              5      -7344.4591      0.27069208     0.044929654      -4.0173835       -4.0173835      -14680.884                                       -14680.884
              1      -7344.3407      0.27092144     0.044949499      -4.0173835       -4.0173835      -14680.647                                       -14680.647
              2      -7343.5901      0.27188829     0.045331464      -4.0173835       -4.0173835      -14679.146                                       -14679.146
              3      -7343.8392      0.27187409      0.04504606      -4.0173835       -4.0173835      -14679.644                                       -14679.644
              1      -7343.4332      0.27266615     0.045149245      -4.0173835       -4.0173835      -14678.832                                       -14678.832
              8      -7345.5733      0.27053801     0.045056311      -4.0173835       -4.0173835      -14683.112                                       -14683.112
              3      -7345.4566      0.27011318     0.045067136      -4.0173835       -4.0173835      -14682.878                                       -14682.878
              3      -7345.5901      0.27031516      0.04505188      -4.0173835       -4.0173835      -14683.146                                       -14683.146
              6      -7345.4863      0.27082717     0.045077002      -4.0173835       -4.0173835      -14682.938                                       -14682.938
              2      -7345.4679      0.26992115      0.04493809      -4.0173835       -4.0173835      -14682.901                                       -14682.901
              2      -7345.5154      0.26966822     0.044926636      -4.0173835       -4.0173835      -14682.996                                       -14682.996
              5      -7345.6104      0.26964556     0.044967666      -4.0173835       -4.0173835      -14683.186                                       -14683.186
              1      -7345.6109      0.27016339     0.044996381      -4.0173835       -4.0173835      -14683.187                                       -14683.187
              2      -7345.1262      0.27139984     0.045172223      -4.0173835       -4.0173835      -14682.218                                       -14682.218
              2      -7345.0378      0.27145137     0.045188655      -4.0173835       -4.0173835      -14682.041                                       -14682.041
              1      -7342.2072      0.26828786     0.045054134      -4.0173835       -4.0173835       -14676.38                                        -14676.38
              2      -7344.3332      0.26897204     0.045037226      -4.0173835       -4.0173835      -14680.632                                       -14680.632
              7      -7344.9075      0.27181444     0.045184716      -4.0173835       -4.0173835       -14681.78                                        -14681.78
              2      -7345.5757      0.27052902     0.045054839      -4.0173835       -4.0173835      -14683.117                                       -14683.117
              1      -7344.7049      0.26846691     0.044769239      -4.0173835       -4.0173835      -14681.375                                       -14681.375
              1      -7344.6218       0.2716478     0.045072979      -4.0173835       -4.0173835      -14681.209                                       -14681.209
              4      -7345.0496      0.27156125     0.045120512      -4.0173835       -4.0173835      -14682.064                                       -14682.064
              3      -7345.5739      0.27053948     0.045053614      -4.0173835       -4.0173835      -14683.113                                       -14683.113
              6        -7345.59       0.2704653     0.045041835      -4.0173835       -4.0173835      -14683.145                                       -14683.145
              2      -7345.2356      0.26990175     0.044907004      -4.0173835       -4.0173835      -14682.436                                       -14682.436
             13      -7345.4889      0.27079785     0.045089121      -4.0173835       -4.0173835      -14682.943                                       -14682.943
              2      -7344.2767      0.26767113     0.044821492      -4.0173835       -4.0173835      -14680.519                                       -14680.519
              1      -7344.7722      0.26816911     0.044865917      -4.0173835       -4.0173835       -14681.51                                        -14681.51
              2      -7345.3157      0.26927657     0.044990091      -4.0173835       -4.0173835      -14682.597                                       -14682.597
              2      -7344.4638      0.27230275     0.045235607      -4.0173835       -4.0173835      -14680.893                                       -14680.893
              2       -7344.191      0.27253388     0.045216841      -4.0173835       -4.0173835      -14680.347                                       -14680.347
              2      -7345.2139      0.27022086     0.044936261      -4.0173835       -4.0173835      -14682.393                                       -14682.393
              1      -7345.5278      0.26931114     0.044942063      -4.0173835       -4.0173835      -14683.021                                       -14683.021
              6      -7343.5956      0.26704592     0.044690089      -4.0173835       -4.0173835      -14679.156                                       -14679.156
              1      -7344.0144      0.26764151     0.044694931      -4.0173835       -4.0173835      -14679.994                                       -14679.994
              2       -7343.351      0.26686908     0.044721355      -4.0173835       -4.0173835      -14678.667                                       -14678.667
              3         -7343.4      0.26733323     0.044845333      -4.0173835       -4.0173835      -14678.765                                       -14678.765
              1      -7345.1294      0.26850551     0.044849401      -4.0173835       -4.0173835      -14682.224                                       -14682.224
              3      -7345.3682      0.26981606     0.044914656      -4.0173835       -4.0173835      -14682.702                                       -14682.702
              1      -7345.0817      0.26944498      0.04485457      -4.0173835       -4.0173835      -14682.129                                       -14682.129
              3      -7345.4701      0.26971093     0.044921127      -4.0173835       -4.0173835      -14682.905                                       -14682.905
              1      -7343.5806        0.272909     0.045341086      -4.0173835       -4.0173835      -14679.126                                       -14679.126
              2      -7345.3749      0.27087094     0.045043117      -4.0173835       -4.0173835      -14682.715                                       -14682.715
              3       -7345.619      0.27023682     0.045034063      -4.0173835       -4.0173835      -14683.203                                       -14683.203
              5      -7344.6374      0.26913915     0.045037613      -4.0173835       -4.0173835       -14681.24                                        -14681.24
              2      -7344.9812      0.27115313     0.045191122      -4.0173835       -4.0173835      -14681.928                                       -14681.928
              5      -7344.6586      0.27012563     0.044881685      -4.0173835       -4.0173835      -14681.282                                       -14681.282
              2       -7344.997      0.27138835     0.045072247      -4.0173835       -4.0173835      -14681.959                                       -14681.959
              5      -7345.5874      0.26982253     0.044955154      -4.0173835       -4.0173835       -14683.14                                        -14683.14
              5      -7345.5836      0.27043174     0.045056992      -4.0173835       -4.0173835      -14683.132                                       -14683.132
              3      -7345.5685      0.26979394     0.045012744      -4.0173835       -4.0173835      -14683.102                                       -14683.102
              9      -7345.4064      0.27099891     0.045110283      -4.0173835       -4.0173835      -14682.778                                       -14682.778
              7      -7345.4053      0.27066053     0.045112703      -4.0173835       -4.0173835      -14682.776                                       -14682.776
              1      -7345.4965       0.2706543     0.045034493      -4.0173835       -4.0173835      -14682.958                                       -14682.958
              3      -7344.8535      0.27181204     0.045141549      -4.0173835       -4.0173835      -14681.672                                       -14681.672
              5      -7344.2813      0.27234078     0.045172919      -4.0173835       -4.0173835      -14680.528                                       -14680.528
              6      -7345.6244      0.26984818     0.044998055      -4.0173835       -4.0173835      -14683.214                                       -14683.214
              1      -7345.2439      0.27129152     0.045145684      -4.0173835       -4.0173835      -14682.453                                       -14682.453
              5      -7345.3732      0.27093332     0.045125668      -4.0173835       -4.0173835      -14682.712                                       -14682.712
              4      -7344.6224      0.26821765     0.044899573      -4.0173835       -4.0173835       -14681.21                                        -14681.21
              1      -7345.5311      0.27064638     0.045046372      -4.0173835       -4.0173835      -14683.027                                       -14683.027
              1      -7345.0837      0.27148038     0.045177922      -4.0173835       -4.0173835      -14682.133                                       -14682.133
              1      -7345.2383      0.26996307     0.045080342      -4.0173835       -4.0173835      -14682.442                                       -14682.442
              6       -7345.091      0.26954706     0.045049974      -4.0173835       -4.0173835      -14682.147                                       -14682.147
              1      -7345.3768      0.26977407       0.0450444      -4.0173835       -4.0173835      -14682.719                                       -14682.719
              1      -7344.9825      0.27111031     0.045189179      -4.0173835       -4.0173835       -14681.93                                        -14681.93
              1      -7345.0077      0.27106868     0.045184626      -4.0173835       -4.0173835      -14681.981                                       -14681.981
              4      -7345.0157      0.27162605     0.045130295      -4.0173835       -4.0173835      -14681.997                                       -14681.997
              6      -7345.5621        0.269429     0.044952578      -4.0173835       -4.0173835      -14683.089                                       -14683.089
              5      -7345.5347      0.26934894     0.044925111      -4.0173835       -4.0173835      -14683.035                                       -14683.035
              5      -7345.4432      0.26981154     0.045039108      -4.0173835       -4.0173835      -14682.852                                       -14682.852
              9      -7344.8891      0.26911853      0.04501507      -4.0173835       -4.0173835      -14681.743                                       -14681.743
              3      -7344.9203      0.26922457     0.045026068      -4.0173835       -4.0173835      -14681.806                                       -14681.806
              2      -7344.6992      0.27165648      0.04523641      -4.0173835       -4.0173835      -14681.364                                       -14681.364
              2      -7345.0168       0.2683456     0.044840242      -4.0173835       -4.0173835      -14681.999                                       -14681.999
              2      -7345.2576      0.26871285     0.044865948      -4.0173835       -4.0173835       -14682.48                                        -14682.48
              4      -7345.4407       0.2698461     0.045043215      -4.0173835       -4.0173835      -14682.847                                       -14682.847
              1      -7344.6266        0.270729     0.045195717      -4.0173835       -4.0173835      -14681.218                                       -14681.218
              2       -7342.599      0.27254775     0.045414895      -4.0173835       -4.0173835      -14677.163                                       -14677.163
              1      -7344.5582      0.26830473     0.044922676      -4.0173835       -4.0173835      -14681.082                                       -14681.082
              3      -7344.7683      0.26845133      0.04492595      -4.0173835       -4.0173835      -14681.502                                       -14681.502
              3      -7345.4979      0.26934827     0.044965313      -4.0173835       -4.0173835      -14682.961                                       -14682.961
              1      -7345.4762      0.26924127     0.044950813      -4.0173835       -4.0173835      -14682.918                                       -14682.918
              5      -7345.1561      0.27052299     0.045136585      -4.0173835       -4.0173835      -14682.278                                       -14682.278
              1      -7344.3144      0.26792737     0.044877429      -4.0173835       -4.0173835      -14680.594                                       -14680.594
              5      -7343.7692       0.2678121     0.044904984      -4.0173835       -4.0173835      -14679.504                                       -14679.504
              3      -7342.5207      0.26687019     0.044820085      -4.0173835       -4.0173835      -14677.007                                       -14677.007
              3      -7343.0774      0.26998571     0.045210773      -4.0173835       -4.0173835       -14678.12                                        -14678.12
              9      -7345.5835      0.27028523     0.045002036      -4.0173835       -4.0173835      -14683.132                                       -14683.132
              4      -7344.9113      0.27177137     0.045145519      -4.0173835       -4.0173835      -14681.788                                       -14681.788
              1      -7345.2038      0.27138175     0.045118247      -4.0173835       -4.0173835      -14682.373                                       -14682.373
              5      -7344.9809        0.269155     0.044825871      -4.0173835       -4.0173835      -14681.927                                       -14681.927
              3      -7345.5279      0.27069796     0.045060788      -4.0173835       -4.0173835      -14683.021                                       -14683.021
              1      -7344.3266      0.26771616     0.044734527      -4.0173835       -4.0173835      -14680.618                                       -14680.618
              1       -7344.964      0.27160019     0.045110291      -4.0173835       -4.0173835      -14681.893                                       -14681.893
              3       -7344.296      0.27234997     0.045274425      -4.0173835       -4.0173835      -14680.557                                       -14680.557
              4      -7344.9485      0.27144435     0.045202679      -4.0173835       -4.0173835      -14681.862                                       -14681.862
              2      -7344.4396      0.27222985     0.045258227      -4.0173835       -4.0173835      -14680.844                                       -14680.844
              3      -7345.6269       0.2700203     0.044987596      -4.0173835       -4.0173835      -14683.219                                       -14683.219
              9      -7345.1231      0.27122528     0.045174895      -4.0173835       -4.0173835      -14682.211                                       -14682.211
              2      -7344.6426      0.27124198     0.045227149      -4.0173835       -4.0173835       -14681.25                                        -14681.25
              1      -7344.6466      0.27123591      0.04522651      -4.0173835       -4.0173835      -14681.258                                       -14681.258
              1      -7344.6842      0.27133471     0.045029396      -4.0173835       -4.0173835      -14681.334                                       -14681.334
              2      -7345.2757      0.27128048     0.045122115      -4.0173835       -4.0173835      -14682.517                                       -14682.517
              5      -7345.3846      0.27054128     0.044994647      -4.0173835       -4.0173835      -14682.735                                       -14682.735
              2      -7345.5351      0.26939749     0.044961571      -4.0173835       -4.0173835      -14683.035                                       -14683.035
              1      -7344.3796      0.26943882     0.044802441      -4.0173835       -4.0173835      -14680.724                                       -14680.724
              1      -7344.5702      0.27007955     0.044871386      -4.0173835       -4.0173835      -14681.106                                       -14681.106
              3      -7345.3956      0.26985772     0.044921868      -4.0173835       -4.0173835      -14682.756                                       -14682.756
              2      -7345.1617      0.27110768     0.045046819      -4.0173835       -4.0173835      -14682.289                                       -14682.289
              2      -7344.7586      0.27162284     0.045083823      -4.0173835       -4.0173835      -14681.482                                       -14681.482
              1      -7344.7329      0.27176004     0.045106863      -4.0173835       -4.0173835      -14681.431                                       -14681.431
              7      -7344.5673      0.26792503     0.044760888      -4.0173835       -4.0173835        -14681.1                                         -14681.1
              5      -7345.3552      0.27085026     0.045035587      -4.0173835       -4.0173835      -14682.676                                       -14682.676
              1      -7345.1883       0.2714267     0.045135104      -4.0173835       -4.0173835      -14682.342                                       -14682.342
              2       -7344.573      0.26916543     0.045045466      -4.0173835       -4.0173835      -14681.111                                       -14681.111
              1       -7344.385      0.26866654     0.044993079      -4.0173835       -4.0173835      -14680.735                                       -14680.735
              3      -7344.5511      0.26866895     0.044980912      -4.0173835       -4.0173835      -14681.067                                       -14681.067
              2      -7343.9759      0.26808402     0.044934991      -4.0173835       -4.0173835      -14679.917                                       -14679.917
              1      -7344.3165       0.2683169     0.044946258      -4.0173835       -4.0173835      -14680.598                                       -14680.598
              3      -7344.3832      0.26992897     0.045141584      -4.0173835       -4.0173835      -14680.732                                       -14680.732
              4      -7345.1081      0.27095587     0.045168167      -4.0173835       -4.0173835      -14682.181                                       -14682.181
              1      -7345.5253      0.26975659     0.045018398      -4.0173835       -4.0173835      -14683.016                                       -14683.016
              1      -7345.5614      0.27056026     0.045065689      -4.0173835       -4.0173835      -14683.088                                       -14683.088
              6      -7345.5385      0.26938406     0.044956802      -4.0173835       -4.0173835      -14683.042                                       -14683.042
              2      -7345.0196      0.26839491     0.044821174      -4.0173835       -4.0173835      -14682.004                                       -14682.004
              1      -7344.4901      0.27179356     0.045260913      -4.0173835       -4.0173835      -14680.945                                       -14680.945
              2      -7344.7204      0.27078779     0.045193246      -4.0173835       -4.0173835      -14681.406                                       -14681.406
              1      -7345.2578      0.27004229     0.045085892      -4.0173835       -4.0173835      -14682.481                                       -14682.481
              5      -7345.5347      0.26956763     0.044925516      -4.0173835       -4.0173835      -14683.035                                       -14683.035
              1      -7344.1454      0.27112816     0.044962881      -4.0173835       -4.0173835      -14680.256                                       -14680.256
              5      -7344.6878       0.2680436     0.044848427      -4.0173835       -4.0173835      -14681.341                                       -14681.341
              1      -7344.7282      0.26811182     0.044859383      -4.0173835       -4.0173835      -14681.422                                       -14681.422
              7       -7344.589      0.26787827     0.044775934      -4.0173835       -4.0173835      -14681.143                                       -14681.143
              3      -7344.1786      0.27227504     0.045143342      -4.0173835       -4.0173835      -14680.322                                       -14680.322
              2      -7344.2219      0.27225363     0.045143924      -4.0173835       -4.0173835      -14680.409                                       -14680.409
              2        -7345.26      0.26952889     0.044879055      -4.0173835       -4.0173835      -14682.485                                       -14682.485
              2       -7343.396      0.26890487     0.044710011      -4.0173835       -4.0173835      -14678.757                                       -14678.757
              1      -7343.3842      0.26902219     0.044718133      -4.0173835       -4.0173835      -14678.734                                       -14678.734
              1      -7344.5963      0.27095435     0.044970728      -4.0173835       -4.0173835      -14681.158                                       -14681.158
              1      -7344.4761      0.27141667       0.0450241      -4.0173835       -4.0173835      -14680.917                                       -14680.917
             15      -7345.4351      0.27058568     0.045009176      -4.0173835       -4.0173835      -14682.835                                       -14682.835
              1      -7345.5636      0.26944466     0.044956595      -4.0173835       -4.0173835      -14683.092                                       -14683.092
              8      -7344.5501       0.2678627     0.044765929      -4.0173835       -4.0173835      -14681.065                                       -14681.065
             15      -7344.1617      0.26794186     0.044707977      -4.0173835       -4.0173835      -14680.289                                       -14680.289
              1      -7344.7899      0.27000988     0.045123069      -4.0173835       -4.0173835      -14681.545                                       -14681.545
              2      -7344.6461      0.26933768     0.045061073      -4.0173835       -4.0173835      -14681.257                                       -14681.257
              1      -7343.6504      0.26746734     0.044850521      -4.0173835       -4.0173835      -14679.266                                       -14679.266
              2      -7344.6749      0.26923866     0.045047196      -4.0173835       -4.0173835      -14681.315                                       -14681.315
              1      -7344.7713      0.26836383     0.044775549      -4.0173835       -4.0173835      -14681.508                                       -14681.508
              5      -7345.3901      0.27018186     0.044952637      -4.0173835       -4.0173835      -14682.745                                       -14682.745
              4      -7345.5643      0.26952949     0.044975409      -4.0173835       -4.0173835      -14683.094                                       -14683.094
              2      -7345.4401      0.27057104     0.045008012      -4.0173835       -4.0173835      -14682.846                                       -14682.846
              2      -7345.5332      0.27013961     0.044971423      -4.0173835       -4.0173835      -14683.032                                       -14683.032
              2      -7344.1493      0.26894997     0.044752467      -4.0173835       -4.0173835      -14680.264                                       -14680.264
              1      -7344.2458      0.27232546      0.04516345      -4.0173835       -4.0173835      -14680.457                                       -14680.457
              7      -7344.9298      0.27174184     0.045141277      -4.0173835       -4.0173835      -14681.825                                       -14681.825
              2       -7345.169      0.26856982     0.044852169      -4.0173835       -4.0173835      -14682.303                                       -14682.303
              1      -7345.2326      0.27127933     0.045095551      -4.0173835       -4.0173835       -14682.43                                        -14682.43
              4      -7344.6338      0.27201732     0.045238226      -4.0173835       -4.0173835      -14681.233                                       -14681.233
              1      -7345.2667       0.2710037     0.045147917      -4.0173835       -4.0173835      -14682.499                                       -14682.499
              4       -7344.643      0.27192156     0.045241871      -4.0173835       -4.0173835      -14681.251                                       -14681.251
              6      -7345.3381      0.27100374     0.045133632      -4.0173835       -4.0173835      -14682.642                                       -14682.642
              2      -7345.4016      0.26945043     0.045001373      -4.0173835       -4.0173835      -14682.768                                       -14682.768
              3      -7345.3421      0.26997073     0.045069193      -4.0173835       -4.0173835      -14682.649                                       -14682.649
              7      -7345.4338      0.27051995      0.04510067      -4.0173835       -4.0173835      -14682.833                                       -14682.833
              3      -7345.0435       0.2713369     0.045069591      -4.0173835       -4.0173835      -14682.052                                       -14682.052
              4      -7344.7594      0.27138342     0.045043772      -4.0173835       -4.0173835      -14681.484                                       -14681.484
              1       -7345.045      0.26926167     0.044838556      -4.0173835       -4.0173835      -14682.055                                       -14682.055
             11      -7345.2086      0.26997396     0.045084447      -4.0173835       -4.0173835      -14682.383                                       -14682.383
              9      -7344.8375      0.27165918     0.045218341      -4.0173835       -4.0173835       -14681.64                                        -14681.64
              1      -7344.9114      0.27156428     0.045208194      -4.0173835       -4.0173835      -14681.788                                       -14681.788
              4      -7344.9676      0.27174454      0.04516778      -4.0173835       -4.0173835        -14681.9                                         -14681.9
              2      -7342.7771      0.26826912     0.044639643      -4.0173835       -4.0173835      -14677.519                                       -14677.519
              3       -7343.379        0.271755     0.045002332      -4.0173835       -4.0173835      -14678.723                                       -14678.723
              1      -7343.9478      0.27237234     0.045318379      -4.0173835       -4.0173835      -14679.861                                       -14679.861
              5       -7345.204      0.26938482     0.045018792      -4.0173835       -4.0173835      -14682.373                                       -14682.373
              3      -7344.2454      0.26816892     0.044928035      -4.0173835       -4.0173835      -14680.456                                       -14680.456
              5      -7345.2061      0.26928057     0.045004897      -4.0173835       -4.0173835      -14682.377                                       -14682.377
              6      -7345.5117      0.26925182     0.044931861      -4.0173835       -4.0173835      -14682.989                                       -14682.989
              1      -7344.7501      0.27105228     0.045207924      -4.0173835       -4.0173835      -14681.465                                       -14681.465
              2      -7344.8174      0.27057925       0.0451705      -4.0173835       -4.0173835        -14681.6                                         -14681.6
              1      -7344.8454      0.27021343     0.045137733      -4.0173835       -4.0173835      -14681.656                                       -14681.656
              1      -7344.8729      0.27005579     0.045121328      -4.0173835       -4.0173835      -14681.711                                       -14681.711
              5      -7345.3987      0.27009121     0.045073563      -4.0173835       -4.0173835      -14682.763                                       -14682.763
              2      -7344.2882      0.26999542     0.044846297      -4.0173835       -4.0173835      -14680.542                                       -14680.542
              1      -7343.8406      0.27104636     0.044935699      -4.0173835       -4.0173835      -14679.646                                       -14679.646
              1      -7344.1051      0.27140546     0.044996654      -4.0173835       -4.0173835      -14680.175                                       -14680.175
              2      -7345.3746      0.27071165     0.045017186      -4.0173835       -4.0173835      -14682.714                                       -14682.714
              8       -7345.196      0.27093955     0.045024676      -4.0173835       -4.0173835      -14682.357                                       -14682.357
              2      -7345.6307      0.27000058     0.044988227      -4.0173835       -4.0173835      -14683.227                                       -14683.227
              1      -7344.0591      0.26772241     0.044698295      -4.0173835       -4.0173835      -14680.083                                       -14680.083
              4      -7343.9001      0.26982175     0.044809461      -4.0173835       -4.0173835      -14679.765                                       -14679.765
              1      -7343.9822      0.27197897     0.045072197      -4.0173835       -4.0173835       -14679.93                                        -14679.93
              1      -7342.0764      0.27363971      0.04523933      -4.0173835       -4.0173835      -14676.118                                       -14676.118
              1      -7342.2171      0.27394234     0.045411257      -4.0173835       -4.0173835      -14676.399                                       -14676.399
              2       -7340.085      0.26631829     0.044848693      -4.0173835       -4.0173835      -14672.135                                       -14672.135
              1      -7341.7241      0.26627197     0.044531632      -4.0173835       -4.0173835      -14675.413                                       -14675.413
              1      -7345.2336      0.27002547     0.044918455      -4.0173835       -4.0173835      -14682.432                                       -14682.432
              2      -7345.3703      0.27037702     0.044972024      -4.0173835       -4.0173835      -14682.706                                       -14682.706
              4      -7345.3582      0.27001363     0.044931403      -4.0173835       -4.0173835      -14682.682                                       -14682.682
              4      -7344.7899      0.26958989     0.044841833      -4.0173835       -4.0173835      -14681.545                                       -14681.545
              3      -7343.2253      0.26750488     0.044629454      -4.0173835       -4.0173835      -14678.416                                       -14678.416
              1        -7344.23      0.27107124     0.044960908      -4.0173835       -4.0173835      -14680.425                                       -14680.425
              1      -7345.1266       0.2711804     0.045173649      -4.0173835       -4.0173835      -14682.218                                       -14682.218
              5      -7345.4425      0.26950064     0.045001338      -4.0173835       -4.0173835       -14682.85                                        -14682.85
              1      -7344.8392      0.26818127     0.044853218      -4.0173835       -4.0173835      -14681.644                                       -14681.644
              1      -7344.9887      0.26831811     0.044849033      -4.0173835       -4.0173835      -14681.943                                       -14681.943
              2      -7344.7664      0.27182828     0.045225052      -4.0173835       -4.0173835      -14681.498                                       -14681.498
              2      -7344.8022      0.26808752     0.044807977      -4.0173835       -4.0173835       -14681.57                                        -14681.57
              3      -7344.6136      0.27190378      0.04512005      -4.0173835       -4.0173835      -14681.192                                       -14681.192
              1      -7343.8877      0.26944409     0.045117863      -4.0173835       -4.0173835      -14679.741                                       -14679.741
              4      -7344.7972      0.26869078      0.04496258      -4.0173835       -4.0173835       -14681.56                                        -14681.56
              5      -7343.4916       0.2679125      0.04494006      -4.0173835       -4.0173835      -14678.948                                       -14678.948
              1      -7344.4196      0.26829729     0.044934445      -4.0173835       -4.0173835      -14680.804                                       -14680.804
              1      -7344.3009      0.26814714     0.044919575      -4.0173835       -4.0173835      -14680.567                                       -14680.567
              4      -7344.5403      0.26780694     0.044786539      -4.0173835       -4.0173835      -14681.046                                       -14681.046
              4      -7345.3872      0.26963284     0.045026804      -4.0173835       -4.0173835       -14682.74                                        -14682.74
              1      -7344.6259      0.26882496     0.044776812      -4.0173835       -4.0173835      -14681.217                                       -14681.217
              4      -7345.0318      0.26880182     0.044814736      -4.0173835       -4.0173835      -14682.029                                       -14682.029
              1      -7344.2516      0.26773728     0.044720891      -4.0173835       -4.0173835      -14680.468                                       -14680.468
              1      -7344.0773      0.26763635     0.044702387      -4.0173835       -4.0173835       -14680.12                                        -14680.12
              1      -7343.8303      0.26777907     0.044677843      -4.0173835       -4.0173835      -14679.626                                       -14679.626
              4      -7344.3141      0.27227814     0.045162061      -4.0173835       -4.0173835      -14680.593                                       -14680.593
              1       -7344.763      0.27191709     0.045218858      -4.0173835       -4.0173835      -14681.491                                       -14681.491
              4      -7345.0642       0.2685349      0.04481997      -4.0173835       -4.0173835      -14682.094                                       -14682.094
              4      -7345.2242       0.2686491     0.044865726      -4.0173835       -4.0173835      -14682.414                                       -14682.414
              2      -7344.7965      0.26811805     0.044793831      -4.0173835       -4.0173835      -14681.558                                       -14681.558
              2      -7344.4121      0.26769025     0.044788634      -4.0173835       -4.0173835      -14680.789                                       -14680.789
              1      -7344.1822      0.27257812       0.0452441      -4.0173835       -4.0173835       -14680.33                                        -14680.33
              1      -7344.1397      0.27259176     0.045271824      -4.0173835       -4.0173835      -14680.245                                       -14680.245
              1      -7344.1872      0.26748252     0.044754693      -4.0173835       -4.0173835       -14680.34                                        -14680.34
              7      -7344.2971      0.26857807     0.044739607      -4.0173835       -4.0173835      -14680.559                                       -14680.559
              1      -7344.2897      0.26858605     0.044739503      -4.0173835       -4.0173835      -14680.545                                       -14680.545
              2      -7344.8034      0.27063819     0.044947322      -4.0173835       -4.0173835      -14681.572                                       -14681.572
              1      -7344.0488      0.26921837     0.044766238      -4.0173835       -4.0173835      -14680.063                                       -14680.063
              2      -7345.4411      0.27046505     0.045096212      -4.0173835       -4.0173835      -14682.847                                       -14682.847
              4      -7345.4596      0.27049084     0.045094408      -4.0173835       -4.0173835      -14682.884                                       -14682.884
              8      -7345.0852      0.27022066     0.044923935      -4.0173835       -4.0173835      -14682.136                                       -14682.136
              3      -7345.3981      0.26988371      0.04492449      -4.0173835       -4.0173835      -14682.761                                       -14682.761
              6      -7345.2146      0.27049263     0.044967031      -4.0173835       -4.0173835      -14682.394                                       -14682.394
              2      -7344.9446      0.27093713     0.045184149      -4.0173835       -4.0173835      -14681.854                                       -14681.854
              2      -7343.8265       0.2676748     0.044676476      -4.0173835       -4.0173835      -14679.618                                       -14679.618
              2      -7345.2049      0.27047391      0.04496375      -4.0173835       -4.0173835      -14682.375                                       -14682.375
              7       -7345.076      0.26944364     0.044853935      -4.0173835       -4.0173835      -14682.117                                       -14682.117
              2      -7345.4335      0.26975872     0.045034707      -4.0173835       -4.0173835      -14682.832                                       -14682.832
              3      -7343.7765      0.27285983     0.045238515      -4.0173835       -4.0173835      -14679.518                                       -14679.518
              1      -7341.2625      0.27443789      0.04547523      -4.0173835       -4.0173835       -14674.49                                        -14674.49
              1      -7343.3626      0.27247906     0.045367144      -4.0173835       -4.0173835       -14678.69                                        -14678.69
              5      -7344.3821      0.27158025     0.045263898      -4.0173835       -4.0173835      -14680.729                                       -14680.729
              1      -7344.4949      0.27090629     0.045217583      -4.0173835       -4.0173835      -14680.955                                       -14680.955
              2      -7345.1354      0.26954729     0.045045745      -4.0173835       -4.0173835      -14682.236                                       -14682.236
              1      -7344.1017      0.27109189     0.045255101      -4.0173835       -4.0173835      -14680.169                                       -14680.169
              1      -7344.8772      0.26817748     0.044814532      -4.0173835       -4.0173835       -14681.72                                        -14681.72
              1      -7345.2152      0.27102256     0.045040455      -4.0173835       -4.0173835      -14682.396                                       -14682.396
              5      -7345.1614      0.27123565     0.045069658      -4.0173835       -4.0173835      -14682.288                                       -14682.288
              4      -7345.0559      0.27128473     0.045061995      -4.0173835       -4.0173835      -14682.077                                       -14682.077
              4      -7345.5871      0.27046303     0.045052797      -4.0173835       -4.0173835      -14683.139                                       -14683.139
              3      -7345.5035      0.27036725     0.045078308      -4.0173835       -4.0173835      -14682.972                                       -14682.972
              2      -7344.5151      0.26787018     0.044755816      -4.0173835       -4.0173835      -14680.995                                       -14680.995
              2      -7344.0657      0.26767197     0.044851613      -4.0173835       -4.0173835      -14680.097                                       -14680.097
              1      -7342.4265      0.26629523     0.044617813      -4.0173835       -4.0173835      -14676.818                                       -14676.818
              2      -7344.1503      0.27201853     0.045092173      -4.0173835       -4.0173835      -14680.266                                       -14680.266
              1      -7344.2096      0.27254741     0.045233546      -4.0173835       -4.0173835      -14680.384                                       -14680.384
              2      -7345.0106      0.27034289     0.045135748      -4.0173835       -4.0173835      -14681.986                                       -14681.986
              3      -7345.3178      0.26981247     0.044908155      -4.0173835       -4.0173835      -14682.601                                       -14682.601
              7      -7344.7105      0.26948046     0.044827283      -4.0173835       -4.0173835      -14681.386                                       -14681.386
              2      -7345.1198      0.26939413     0.044854672      -4.0173835       -4.0173835      -14682.205                                       -14682.205
              1      -7345.3388      0.27007776     0.044935354      -4.0173835       -4.0173835      -14682.643                                       -14682.643
              3      -7345.3614      0.27000528     0.044930995      -4.0173835       -4.0173835      -14682.688                                       -14682.688
              3      -7345.5626      0.27050962     0.045031162      -4.0173835       -4.0173835       -14683.09                                        -14683.09
              2      -7345.5857       0.2696248      0.04494461      -4.0173835       -4.0173835      -14683.137                                       -14683.137
              4      -7343.7695      0.27190459     0.045321123      -4.0173835       -4.0173835      -14679.504                                       -14679.504
              2      -7345.3033      0.26918868     0.044978913      -4.0173835       -4.0173835      -14682.572                                       -14682.572
              5      -7345.2638       0.2687393     0.044862469      -4.0173835       -4.0173835      -14682.493                                       -14682.493
              5      -7345.4599       0.2701179     0.045067039      -4.0173835       -4.0173835      -14682.885                                       -14682.885
              2      -7344.0174      0.27170674     0.045296011      -4.0173835       -4.0173835          -14680                                           -14680
              1      -7344.4121      0.27097031     0.045227499      -4.0173835       -4.0173835      -14680.789                                       -14680.789
              1       -7344.177      0.26747498     0.044762236      -4.0173835       -4.0173835      -14680.319                                       -14680.319
              5      -7344.3502      0.26762656     0.044773289      -4.0173835       -4.0173835      -14680.666                                       -14680.666
              5      -7345.2051      0.26863573     0.044854342      -4.0173835       -4.0173835      -14682.375                                       -14682.375
              3      -7345.1612      0.26859563     0.044841838      -4.0173835       -4.0173835      -14682.288                                       -14682.288
              5      -7345.1827      0.27140918     0.045118529      -4.0173835       -4.0173835      -14682.331                                       -14682.331
              1      -7345.4777      0.26971043     0.044922395      -4.0173835       -4.0173835      -14682.921                                       -14682.921
              4      -7344.8718      0.27149507      0.04507474      -4.0173835       -4.0173835      -14681.709                                       -14681.709
              2      -7344.3097      0.27192032     0.045089451      -4.0173835       -4.0173835      -14680.585                                       -14680.585
              1      -7345.0123      0.26839525     0.044872227      -4.0173835       -4.0173835       -14681.99                                        -14681.99
              1      -7344.2121      0.26750576     0.044766239      -4.0173835       -4.0173835      -14680.389                                       -14680.389
              2       -7344.729      0.27201146     0.045175144      -4.0173835       -4.0173835      -14681.423                                       -14681.423
              5      -7344.7139      0.27205041     0.045196557      -4.0173835       -4.0173835      -14681.393                                       -14681.393
              3      -7344.6125      0.26968125     0.045101745      -4.0173835       -4.0173835       -14681.19                                        -14681.19
              4      -7344.7008      0.27097314     0.045207083      -4.0173835       -4.0173835      -14681.367                                       -14681.367
              5      -7345.5181      0.26926844     0.044929077      -4.0173835       -4.0173835      -14683.001                                       -14683.001
              3      -7345.1836      0.26962108     0.044877791      -4.0173835       -4.0173835      -14682.332                                       -14682.332
              2      -7345.0414        0.269418     0.044848873      -4.0173835       -4.0173835      -14682.048                                       -14682.048
              1      -7345.4276      0.27000597     0.044939914      -4.0173835       -4.0173835       -14682.82                                        -14682.82
