#        weight    minuslogpost         Omega_c         Omega_b   minuslogprior minuslogprior__0            chi2 chi2__functions_and_classes.SO_x_DESI_Likelihood
              1       2619.1937      0.25522923     0.059761119      -4.0173835       -4.0173835       5246.4221                                        5246.4221
              1       2323.8277      0.25515668     0.059402896      -4.0173835       -4.0173835       4655.6901                                        4655.6901
              1       2307.2601      0.25521098     0.059391897      -4.0173835       -4.0173835        4622.555                                         4622.555
              2       2159.9871      0.25555173     0.059271865      -4.0173835       -4.0173835        4328.009                                         4328.009
              4       2145.8779      0.25581324     0.059295681      -4.0173835       -4.0173835       4299.7907                                        4299.7907
              1       2145.5772      0.25577578     0.059289564      -4.0173835       -4.0173835       4299.1891                                        4299.1891
              1       1863.7638      0.25582848      0.05896684      -4.0173835       -4.0173835       3735.5624                                        3735.5624
              1       1716.4043      0.25574961     0.058782036      -4.0173835       -4.0173835       3440.8434                                        3440.8434
              3       1674.7536      0.25583391     0.058746065      -4.0173835       -4.0173835       3357.5421                                        3357.5421
              2        1452.128      0.25601084     0.058512141      -4.0173835       -4.0173835       2912.2907                                        2912.2907
              2       1443.3746       0.2560197     0.058503219      -4.0173835       -4.0173835        2894.784                                         2894.784
              1       1391.8887       0.2558766     0.058421232      -4.0173835       -4.0173835       2791.8121                                        2791.8121
              5       1227.2586      0.25597824     0.058243828      -4.0173835       -4.0173835       2462.5519                                        2462.5519
              6       1111.3635      0.25616691     0.058136334      -4.0173835       -4.0173835       2230.7618                                        2230.7618
              1       813.32426      0.25623144     0.057796565      -4.0173835       -4.0173835       1634.6833                                        1634.6833
              1       814.52436      0.25626535     0.057803004      -4.0173835       -4.0173835       1637.0835                                        1637.0835
              3       666.64223      0.25640963     0.057650841      -4.0173835       -4.0173835       1341.3192                                        1341.3192
              2       652.27463       0.2563329     0.057622644      -4.0173835       -4.0173835        1312.584                                         1312.584
              2       461.19315      0.25632054     0.057396284      -4.0173835       -4.0173835       930.42106                                        930.42106
              4       460.83623      0.25621883     0.057380905      -4.0173835       -4.0173835       929.70723                                        929.70723
              1       426.66406      0.25617633     0.057334512      -4.0173835       -4.0173835       861.36289                                        861.36289
              5       255.29073      0.25626592     0.057146111      -4.0173835       -4.0173835       518.61623                                        518.61623
              1       54.397645      0.25598066     0.056867585      -4.0173835       -4.0173835       116.83006                                        116.83006
              2        37.63516      0.25598931     0.056849093      -4.0173835       -4.0173835       83.305087                                        83.305087
              2       15.245133      0.25604975     0.056831496      -4.0173835       -4.0173835       38.525034                                        38.525034
              1       -107.6036      0.25600329     0.056679775      -4.0173835       -4.0173835      -207.17244                                       -207.17244
              1      -143.96737      0.25609856     0.056650606      -4.0173835       -4.0173835      -279.89997                                       -279.89997
              1      -387.17454      0.25596509     0.056343357      -4.0173835       -4.0173835      -766.31431                                       -766.31431
              1      -567.75936      0.25633647     0.056182028      -4.0173835       -4.0173835      -1127.4839                                       -1127.4839
              2      -744.19478      0.25636848     0.055976011      -4.0173835       -4.0173835      -1480.3548                                       -1480.3548
              1      -767.18842      0.25633367      0.05594358      -4.0173835       -4.0173835      -1526.3421                                       -1526.3421
              1      -823.48753      0.25638908     0.055884098      -4.0173835       -4.0173835      -1638.9403                                       -1638.9403
              1      -953.76985       0.2562956     0.055714531      -4.0173835       -4.0173835      -1899.5049                                       -1899.5049
              4      -1036.3208      0.25643888     0.055635537      -4.0173835       -4.0173835      -2064.6068                                       -2064.6068
              1      -1194.6304      0.25627718     0.055421867      -4.0173835       -4.0173835      -2381.2261                                       -2381.2261
              1      -1266.7529      0.25627627     0.055333843      -4.0173835       -4.0173835       -2525.471                                        -2525.471
              3      -1278.7528      0.25637212     0.055332853      -4.0173835       -4.0173835      -2549.4708                                       -2549.4708
              1      -1309.2933      0.25635018     0.055292659      -4.0173835       -4.0173835      -2610.5518                                       -2610.5518
              2      -1335.6623      0.25639668     0.055267286      -4.0173835       -4.0173835      -2663.2898                                       -2663.2898
              1      -1392.8861      0.25637327     0.055194467      -4.0173835       -4.0173835      -2777.7375                                       -2777.7375
              3      -1483.4276      0.25642598     0.055091586      -4.0173835       -4.0173835      -2958.8205                                       -2958.8205
              1      -1570.0463       0.2563131     0.054970108      -4.0173835       -4.0173835      -3132.0577                                       -3132.0577
              4      -1690.8702      0.25637437     0.054830635      -4.0173835       -4.0173835      -3373.7056                                       -3373.7056
              2       -1727.386      0.25648021     0.054800406      -4.0173835       -4.0173835      -3446.7373                                       -3446.7373
              2      -1807.2533      0.25656346     0.054713345      -4.0173835       -4.0173835      -3606.4718                                       -3606.4718
              1      -1941.9753      0.25636829     0.054519766      -4.0173835       -4.0173835      -3875.9158                                       -3875.9158
              3      -2145.9386      0.25658988     0.054296362      -4.0173835       -4.0173835      -4283.8424                                       -4283.8424
              2      -2311.9112      0.25664665     0.054095789      -4.0173835       -4.0173835      -4615.7875                                       -4615.7875
              1      -2452.5573       0.2565473     0.053904452      -4.0173835       -4.0173835      -4897.0798                                       -4897.0798
              1      -2463.0018      0.25656752     0.053893953      -4.0173835       -4.0173835      -4917.9687                                       -4917.9687
              1      -2556.2074        0.256469     0.053761976      -4.0173835       -4.0173835        -5104.38                                         -5104.38
              1      -2623.2487      0.25656601     0.053689555      -4.0173835       -4.0173835      -5238.4626                                       -5238.4626
              2      -2744.4576      0.25667378     0.053548402      -4.0173835       -4.0173835      -5480.8805                                       -5480.8805
              2      -2868.4455      0.25682618     0.053408713      -4.0173835       -4.0173835      -5728.8562                                       -5728.8562
              5      -2886.5268      0.25703198     0.053412841      -4.0173835       -4.0173835      -5765.0188                                       -5765.0188
              3      -2914.6806      0.25687217     0.053354693      -4.0173835       -4.0173835      -5821.3264                                       -5821.3264
              1      -2996.3423      0.25687221     0.053248136      -4.0173835       -4.0173835      -5984.6498                                       -5984.6498
              5      -3002.3021      0.25693061     0.053248154      -4.0173835       -4.0173835      -5996.5694                                       -5996.5694
              1      -3095.4253      0.25687964     0.053119075      -4.0173835       -4.0173835      -6182.8159                                       -6182.8159
              2      -3167.2111      0.25705905     0.053048233      -4.0173835       -4.0173835      -6326.3874                                       -6326.3874
              1       -3231.031      0.25676123     0.052923935      -4.0173835       -4.0173835      -6454.0271                                       -6454.0271
              2      -3239.4807      0.25692792     0.052934896      -4.0173835       -4.0173835      -6470.9265                                       -6470.9265
              1      -3310.6331      0.25687219     0.052832637      -4.0173835       -4.0173835      -6613.2314                                       -6613.2314
              1      -3361.6686      0.25697303     0.052777685      -4.0173835       -4.0173835      -6715.3024                                       -6715.3024
              1      -3441.3236      0.25696748     0.052669779      -4.0173835       -4.0173835      -6874.6124                                       -6874.6124
              2       -3453.077      0.25705388     0.052665337      -4.0173835       -4.0173835      -6898.1192                                       -6898.1192
              1       -3548.784      0.25680891     0.052503155      -4.0173835       -4.0173835      -7089.5333                                       -7089.5333
              1      -3843.3433      0.25684384     0.052102707      -4.0173835       -4.0173835      -7678.6518                                       -7678.6518
              1      -3846.9577      0.25695826     0.052112687      -4.0173835       -4.0173835      -7685.8807                                       -7685.8807
              3      -3939.8323      0.25704266     0.051993461      -4.0173835       -4.0173835      -7871.6298                                       -7871.6298
              1      -3945.8341      0.25696793     0.051975234      -4.0173835       -4.0173835      -7883.6335                                       -7883.6335
              3      -3951.2646      0.25697107     0.051968004      -4.0173835       -4.0173835      -7894.4945                                       -7894.4945
              2      -3987.1384      0.25691204     0.051909609      -4.0173835       -4.0173835      -7966.2421                                       -7966.2421
              2      -4026.3719      0.25687958     0.051849707      -4.0173835       -4.0173835       -8044.709                                        -8044.709
              2      -4169.6556      0.25681598     0.051636546      -4.0173835       -4.0173835      -8331.2765                                       -8331.2765
              1      -4192.3724      0.25660182     0.051575913      -4.0173835       -4.0173835        -8376.71                                         -8376.71
              1      -4263.2925      0.25643308     0.051451184      -4.0173835       -4.0173835      -8518.5501                                       -8518.5501
              1      -4421.6752      0.25658988     0.051239055      -4.0173835       -4.0173835      -8835.3156                                       -8835.3156
              1      -4479.0965       0.2564784     0.051139229      -4.0173835       -4.0173835      -8950.1581                                       -8950.1581
              2      -4579.2552        0.256599     0.051004544      -4.0173835       -4.0173835      -9150.4756                                       -9150.4756
              3      -4765.8508      0.25649967       0.0507064      -4.0173835       -4.0173835      -9523.6667                                       -9523.6667
              1      -4771.7459      0.25641932     0.050686936      -4.0173835       -4.0173835      -9535.4571                                       -9535.4571
              1      -4801.9561      0.25643034     0.050641434      -4.0173835       -4.0173835      -9595.8774                                       -9595.8774
              4      -4848.0996      0.25653114     0.050582336      -4.0173835       -4.0173835      -9688.1644                                       -9688.1644
              3      -5102.1643      0.25679767     0.050210038      -4.0173835       -4.0173835      -10196.294                                       -10196.294
              2      -5193.1665      0.25680825     0.050061664      -4.0173835       -4.0173835      -10378.298                                       -10378.298
              1      -5206.8058      0.25680591     0.050038714      -4.0173835       -4.0173835      -10405.577                                       -10405.577
              2      -5216.0138      0.25698813     0.050046522      -4.0173835       -4.0173835      -10423.993                                       -10423.993
              1      -5249.3349       0.2568148     0.049968841      -4.0173835       -4.0173835      -10490.635                                       -10490.635
              1      -5318.5261       0.2568643     0.049858402      -4.0173835       -4.0173835      -10629.017                                       -10629.017
              2      -5521.2384      0.25710689     0.049537527      -4.0173835       -4.0173835      -11034.442                                       -11034.442
              1       -5659.161      0.25705844     0.049283259      -4.0173835       -4.0173835      -11310.287                                       -11310.287
              4      -5673.7339      0.25714288     0.049267168      -4.0173835       -4.0173835      -11339.433                                       -11339.433
              2      -5680.6228       0.2570981     0.049248857      -4.0173835       -4.0173835      -11353.211                                       -11353.211
              2      -5694.3554      0.25707427      0.04922059      -4.0173835       -4.0173835      -11380.676                                       -11380.676
              1      -5726.8013      0.25704485     0.049156798      -4.0173835       -4.0173835      -11445.568                                       -11445.568
              2      -5789.9223      0.25736072     0.049078025      -4.0173835       -4.0173835       -11571.81                                        -11571.81
              2      -5897.8769      0.25742828     0.048879179      -4.0173835       -4.0173835      -11787.719                                       -11787.719
              2      -6033.2776      0.25762408     0.048633926      -4.0173835       -4.0173835       -12058.52                                        -12058.52
              2      -6031.2125      0.25763769     0.048639813      -4.0173835       -4.0173835       -12054.39                                        -12054.39
              1      -6129.0132       0.2575814     0.048430519      -4.0173835       -4.0173835      -12249.992                                       -12249.992
              1      -6211.7493      0.25803016     0.048309817      -4.0173835       -4.0173835      -12415.464                                       -12415.464
              1      -6267.2724      0.25796852     0.048180313      -4.0173835       -4.0173835       -12526.51                                        -12526.51
              2      -6344.0793      0.25825713     0.048042931      -4.0173835       -4.0173835      -12680.124                                       -12680.124
              1      -6351.6061      0.25816566      0.04801438      -4.0173835       -4.0173835      -12695.177                                       -12695.177
              7      -6438.4646      0.25835772     0.047834331      -4.0173835       -4.0173835      -12868.895                                       -12868.895
              1      -6491.9145       0.2582419     0.047690251      -4.0173835       -4.0173835      -12975.794                                       -12975.794
              1      -6509.8196      0.25819731     0.047640479      -4.0173835       -4.0173835      -13011.604                                       -13011.604
              2      -6542.8015      0.25827856      0.04756768      -4.0173835       -4.0173835      -13077.568                                       -13077.568
              1      -6647.4096      0.25823438     0.047288638      -4.0173835       -4.0173835      -13286.784                                       -13286.784
              3      -6697.4291      0.25841662     0.047173579      -4.0173835       -4.0173835      -13386.823                                       -13386.823
              1      -6768.5234      0.25842881     0.046970529      -4.0173835       -4.0173835      -13529.012                                       -13529.012
              1      -6800.2431      0.25842265     0.046874589      -4.0173835       -4.0173835      -13592.451                                       -13592.451
              1      -6807.6992      0.25854335     0.046866844      -4.0173835       -4.0173835      -13607.364                                       -13607.364
              2       -6813.793       0.2586138      0.04685689      -4.0173835       -4.0173835      -13619.551                                       -13619.551
              2      -6838.7474      0.25882184     0.046804943      -4.0173835       -4.0173835       -13669.46                                        -13669.46
              1      -6846.2206      0.25872078     0.046768807      -4.0173835       -4.0173835      -13684.406                                       -13684.406
              1      -6891.5551      0.25877113     0.046627985      -4.0173835       -4.0173835      -13775.075                                       -13775.075
              1      -6895.8117      0.25876362     0.046612834      -4.0173835       -4.0173835      -13783.589                                       -13783.589
              1       -6951.599       0.2590736       0.0464591      -4.0173835       -4.0173835      -13895.163                                       -13895.163
              4      -7013.5529      0.25930806     0.046258203      -4.0173835       -4.0173835      -14019.071                                       -14019.071
              1      -7024.6262      0.25911708     0.046190794      -4.0173835       -4.0173835      -14041.218                                       -14041.218
              1      -7066.2333      0.25917467     0.046027632      -4.0173835       -4.0173835      -14124.432                                       -14124.432
              1      -7070.0501      0.25904031     0.045994055      -4.0173835       -4.0173835      -14132.065                                       -14132.065
              2      -7143.5639      0.25912291     0.045663551      -4.0173835       -4.0173835      -14279.093                                       -14279.093
              5      -7146.4575      0.25910168     0.045646256      -4.0173835       -4.0173835       -14284.88                                        -14284.88
              2      -7146.4436      0.25910376     0.045646602      -4.0173835       -4.0173835      -14284.852                                       -14284.852
              1      -7170.6163       0.2589407     0.045496974      -4.0173835       -4.0173835      -14333.198                                       -14333.198
              1      -7186.7048      0.25901516     0.045415815      -4.0173835       -4.0173835      -14365.375                                       -14365.375
              1      -7193.5937      0.25901375     0.045375011      -4.0173835       -4.0173835      -14379.153                                       -14379.153
              2      -7198.1038      0.25917372     0.045369454      -4.0173835       -4.0173835      -14388.173                                       -14388.173
              1      -7200.8488      0.25916048     0.045350898      -4.0173835       -4.0173835      -14393.663                                       -14393.663
              3      -7216.8529      0.25920994     0.045255944      -4.0173835       -4.0173835      -14425.671                                       -14425.671
              1      -7241.9468      0.25921858     0.045080352      -4.0173835       -4.0173835      -14475.859                                       -14475.859
              2      -7242.2166      0.25939385     0.045103168      -4.0173835       -4.0173835      -14476.398                                       -14476.398
              1      -7242.4359      0.25932356     0.045091558      -4.0173835       -4.0173835      -14476.837                                       -14476.837
              2      -7244.4603      0.25932605     0.045076476      -4.0173835       -4.0173835      -14480.886                                       -14480.886
              7      -7250.8123      0.25931877     0.045025603      -4.0173835       -4.0173835       -14493.59                                        -14493.59
              1      -7272.3518      0.25934804     0.044840955      -4.0173835       -4.0173835      -14536.669                                       -14536.669
              1      -7272.3274      0.25938639     0.044847035      -4.0173835       -4.0173835       -14536.62                                        -14536.62
              1      -7283.4076       0.2593575     0.044728087      -4.0173835       -4.0173835       -14558.78                                        -14558.78
              2      -7287.4129      0.25947038     0.044700679      -4.0173835       -4.0173835      -14566.791                                       -14566.791
              4      -7289.7109      0.25939912     0.044661525      -4.0173835       -4.0173835      -14571.387                                       -14571.387
              2      -7290.2818      0.25939735     0.044654231      -4.0173835       -4.0173835      -14572.529                                       -14572.529
              1      -7289.3877      0.25926869     0.044643759      -4.0173835       -4.0173835      -14570.741                                       -14570.741
              1      -7292.9958      0.25922744     0.044590822      -4.0173835       -4.0173835      -14577.957                                       -14577.957
              1      -7295.9535      0.25926968       0.0445579      -4.0173835       -4.0173835      -14583.872                                       -14583.872
              1        -7296.83      0.25926291     0.044544272      -4.0173835       -4.0173835      -14585.625                                       -14585.625
              2        -7304.85      0.25944878     0.044451839      -4.0173835       -4.0173835      -14601.665                                       -14601.665
              1      -7306.7685      0.25919402     0.044363985      -4.0173835       -4.0173835      -14605.502                                       -14605.502
              2      -7316.4371      0.25956317     0.044192455      -4.0173835       -4.0173835      -14624.839                                       -14624.839
              1      -7318.3464      0.25964415     0.044126046      -4.0173835       -4.0173835      -14628.658                                       -14628.658
              1      -7316.7906      0.25972875     0.044229207      -4.0173835       -4.0173835      -14625.546                                       -14625.546
              1      -7317.1753      0.25953507      0.04414914      -4.0173835       -4.0173835      -14626.316                                       -14626.316
              1       -7318.866      0.25963008     0.043919301      -4.0173835       -4.0173835      -14629.697                                       -14629.697
              1      -7318.6678      0.25975944      0.04386709      -4.0173835       -4.0173835      -14629.301                                       -14629.301
              2      -7319.9208      0.25979573     0.043957018      -4.0173835       -4.0173835      -14631.807                                       -14631.807
              1      -7321.1401      0.26002117      0.04408476      -4.0173835       -4.0173835      -14634.245                                       -14634.245
              1      -7318.8777      0.26019334     0.043821346      -4.0173835       -4.0173835      -14629.721                                       -14629.721
              2      -7321.9237       0.2603682      0.04393564      -4.0173835       -4.0173835      -14635.813                                       -14635.813
             11      -7322.9943      0.26046537     0.043988586      -4.0173835       -4.0173835      -14637.954                                       -14637.954
             20      -7323.1303      0.26070396     0.043945187      -4.0173835       -4.0173835      -14638.226                                       -14638.226
             18      -7326.2308      0.26112142     0.044214923      -4.0173835       -4.0173835      -14644.427                                       -14644.427
             24      -7326.9226      0.26120915     0.044135734      -4.0173835       -4.0173835       -14645.81                                        -14645.81
              5       -7326.447      0.26140033     0.044317991      -4.0173835       -4.0173835      -14644.859                                       -14644.859
              2      -7326.5983       0.2614109     0.044312951      -4.0173835       -4.0173835      -14645.162                                       -14645.162
              6      -7326.7738      0.26121368     0.044206527      -4.0173835       -4.0173835      -14645.513                                       -14645.513
              6      -7326.9476      0.26123135     0.044191077      -4.0173835       -4.0173835       -14645.86                                        -14645.86
              5      -7328.0133       0.2615632     0.044272149      -4.0173835       -4.0173835      -14647.992                                       -14647.992
              5      -7328.2131      0.26153459     0.044136085      -4.0173835       -4.0173835      -14648.392                                       -14648.392
              2      -7327.8807      0.26155309     0.044279383      -4.0173835       -4.0173835      -14647.727                                       -14647.727
              5      -7327.9483      0.26144293     0.044183441      -4.0173835       -4.0173835      -14647.862                                       -14647.862
              4      -7328.0498      0.26189829     0.044391123      -4.0173835       -4.0173835      -14648.065                                       -14648.065
              6      -7330.2949      0.26200968     0.044224327      -4.0173835       -4.0173835      -14652.555                                       -14652.555
              7       -7329.805      0.26193968     0.044281199      -4.0173835       -4.0173835      -14651.575                                       -14651.575
              8      -7330.0088      0.26196231     0.044183796      -4.0173835       -4.0173835      -14651.983                                       -14651.983
              8      -7331.3349       0.2622761     0.044258304      -4.0173835       -4.0173835      -14654.635                                       -14654.635
              2      -7330.5423      0.26225649      0.04436204      -4.0173835       -4.0173835       -14653.05                                        -14653.05
              9      -7332.7479      0.26269497     0.044245942      -4.0173835       -4.0173835      -14657.461                                       -14657.461
              6      -7332.0365      0.26249469     0.044230313      -4.0173835       -4.0173835      -14656.038                                       -14656.038
             14      -7332.1857      0.26251079     0.044253452      -4.0173835       -4.0173835      -14656.337                                       -14656.337
              6      -7330.7687      0.26256084     0.044447458      -4.0173835       -4.0173835      -14653.503                                       -14653.503
              2      -7330.7647      0.26262425     0.044465166      -4.0173835       -4.0173835      -14653.495                                       -14653.495
              2       -7331.708      0.26263893     0.044417696      -4.0173835       -4.0173835      -14655.381                                       -14655.381
              4      -7332.4443      0.26257185     0.044285387      -4.0173835       -4.0173835      -14656.854                                       -14656.854
             17      -7331.9947      0.26254962     0.044359354      -4.0173835       -4.0173835      -14655.955                                       -14655.955
              3      -7331.1367      0.26258879     0.044133852      -4.0173835       -4.0173835      -14654.239                                       -14654.239
             18      -7331.4489       0.2625343     0.044399167      -4.0173835       -4.0173835      -14654.863                                       -14654.863
              3       -7331.303      0.26230781     0.044206912      -4.0173835       -4.0173835      -14654.571                                       -14654.571
             27      -7331.7144      0.26238031     0.044247412      -4.0173835       -4.0173835      -14655.394                                       -14655.394
              8      -7331.6817      0.26236985     0.044276991      -4.0173835       -4.0173835      -14655.329                                       -14655.329
              5      -7331.4703      0.26236959     0.044202839      -4.0173835       -4.0173835      -14654.906                                       -14654.906
              3      -7331.4941      0.26235278     0.044214666      -4.0173835       -4.0173835      -14654.953                                       -14654.953
              3      -7332.6432      0.26270463     0.044364814      -4.0173835       -4.0173835      -14657.252                                       -14657.252
              4      -7332.4624      0.26261269     0.044333932      -4.0173835       -4.0173835       -14656.89                                        -14656.89
             15      -7332.7168      0.26264723     0.044283447      -4.0173835       -4.0173835      -14657.399                                       -14657.399
             43       -7334.754      0.26324052     0.044367582      -4.0173835       -4.0173835      -14661.473                                       -14661.473
              6       -7333.351      0.26315653     0.044478378      -4.0173835       -4.0173835      -14658.667                                       -14658.667
              1      -7333.8858      0.26317401     0.044447368      -4.0173835       -4.0173835      -14659.737                                       -14659.737
              9      -7333.6929      0.26323395     0.044480711      -4.0173835       -4.0173835      -14659.351                                       -14659.351
             19      -7334.9965      0.26334889     0.044406073      -4.0173835       -4.0173835      -14661.958                                       -14661.958
              2      -7334.7125      0.26346465     0.044254288      -4.0173835       -4.0173835       -14661.39                                        -14661.39
              3       -7334.596      0.26342438      0.04425132      -4.0173835       -4.0173835      -14661.157                                       -14661.157
              5      -7334.7596      0.26333011      0.04442879      -4.0173835       -4.0173835      -14661.484                                       -14661.484
              4      -7333.6922      0.26338791     0.044524343      -4.0173835       -4.0173835       -14659.35                                        -14659.35
             18      -7333.8408      0.26346268     0.044536294      -4.0173835       -4.0173835      -14659.647                                       -14659.647
              6      -7336.0534       0.2638375     0.044304802      -4.0173835       -4.0173835      -14664.072                                       -14664.072
              5      -7335.8251      0.26376611     0.044296755      -4.0173835       -4.0173835      -14663.615                                       -14663.615
              7      -7335.8063      0.26363241     0.044447468      -4.0173835       -4.0173835      -14663.578                                       -14663.578
              3      -7335.7402      0.26365242     0.044310428      -4.0173835       -4.0173835      -14663.446                                       -14663.446
              3      -7336.8542      0.26390332     0.044413907      -4.0173835       -4.0173835      -14665.674                                       -14665.674
              5      -7336.8081      0.26391037     0.044378943      -4.0173835       -4.0173835      -14665.581                                       -14665.581
              1      -7336.2597      0.26395087     0.044527708      -4.0173835       -4.0173835      -14664.485                                       -14664.485
              3      -7336.9921      0.26402923     0.044361767      -4.0173835       -4.0173835      -14665.949                                       -14665.949
              5        -7337.18      0.26405193     0.044469229      -4.0173835       -4.0173835      -14666.325                                       -14666.325
             16      -7336.8258      0.26417979     0.044556615      -4.0173835       -4.0173835      -14665.617                                       -14665.617
              8      -7336.2516      0.26392066     0.044518493      -4.0173835       -4.0173835      -14664.468                                       -14664.468
              2      -7336.4699      0.26395672     0.044321666      -4.0173835       -4.0173835      -14664.905                                       -14664.905
              5      -7337.6928      0.26437108      0.04436586      -4.0173835       -4.0173835      -14667.351                                       -14667.351
              6       -7337.089      0.26426913     0.044330306      -4.0173835       -4.0173835      -14666.143                                       -14666.143
              9      -7337.9493      0.26431419     0.044487906      -4.0173835       -4.0173835      -14667.864                                       -14667.864
              4      -7339.5317      0.26489873     0.044492971      -4.0173835       -4.0173835      -14671.029                                       -14671.029
              3      -7341.3024      0.26569206     0.044603105      -4.0173835       -4.0173835       -14674.57                                        -14674.57
              2      -7341.2825      0.26568705     0.044561359      -4.0173835       -4.0173835       -14674.53                                        -14674.53
             12      -7340.8104      0.26549676     0.044607681      -4.0173835       -4.0173835      -14673.586                                       -14673.586
             27       -7340.946      0.26551235     0.044562836      -4.0173835       -4.0173835      -14673.857                                       -14673.857
              9      -7340.3818      0.26542973     0.044477967      -4.0173835       -4.0173835      -14672.729                                       -14672.729
              2       -7340.935      0.26565704     0.044654398      -4.0173835       -4.0173835      -14673.835                                       -14673.835
             10      -7340.9304      0.26598582     0.044484418      -4.0173835       -4.0173835      -14673.826                                       -14673.826
              3      -7340.5498      0.26583063     0.044464329      -4.0173835       -4.0173835      -14673.065                                       -14673.065
              3      -7341.0434      0.26582793     0.044500729      -4.0173835       -4.0173835      -14674.052                                       -14674.052
              6      -7341.0294      0.26570157     0.044512761      -4.0173835       -4.0173835      -14674.024                                       -14674.024
             12      -7340.7281       0.2666247     0.044477637      -4.0173835       -4.0173835      -14673.421                                       -14673.421
             21      -7342.9954      0.26681713     0.044766127      -4.0173835       -4.0173835      -14677.956                                       -14677.956
             35      -7342.8835      0.26701286     0.044822075      -4.0173835       -4.0173835      -14677.732                                       -14677.732
              4      -7343.8808      0.26731708     0.044784419      -4.0173835       -4.0173835      -14679.727                                       -14679.727
             26      -7344.0357      0.26735572     0.044743252      -4.0173835       -4.0173835      -14680.037                                       -14680.037
              7      -7343.9669      0.26734099     0.044773343      -4.0173835       -4.0173835      -14679.899                                       -14679.899
              5      -7343.1737      0.26729203     0.044855144      -4.0173835       -4.0173835      -14678.313                                       -14678.313
             10      -7339.7483      0.26736909     0.044475503      -4.0173835       -4.0173835      -14671.462                                       -14671.462
              9      -7342.8407      0.26658929     0.044627252      -4.0173835       -4.0173835      -14677.647                                       -14677.647
              7      -7342.8643       0.2665505      0.04468923      -4.0173835       -4.0173835      -14677.694                                       -14677.694
              4      -7343.0278      0.26937239     0.044730642      -4.0173835       -4.0173835      -14678.021                                       -14678.021
             19      -7344.4984      0.26976927     0.045118267      -4.0173835       -4.0173835      -14680.962                                       -14680.962
             11      -7344.9111      0.26913428     0.045015214      -4.0173835       -4.0173835      -14681.787                                       -14681.787
              7      -7343.4969      0.27088408     0.044899783      -4.0173835       -4.0173835      -14678.959                                       -14678.959
              5      -7344.1428      0.26773401     0.044856307      -4.0173835       -4.0173835      -14680.251                                       -14680.251
              4      -7344.8708      0.26822306     0.044799532      -4.0173835       -4.0173835      -14681.707                                       -14681.707
             21      -7344.9569      0.26864552     0.044801725      -4.0173835       -4.0173835      -14681.879                                       -14681.879
              5      -7342.8856       0.2690438     0.044698174      -4.0173835       -4.0173835      -14677.736                                       -14677.736
              1      -7344.6218       0.2691597     0.044797243      -4.0173835       -4.0173835      -14681.209                                       -14681.209
             12      -7344.0908      0.27036868     0.045198971      -4.0173835       -4.0173835      -14680.147                                       -14680.147
              2      -7344.6334      0.26864848     0.044971118      -4.0173835       -4.0173835      -14681.232                                       -14681.232
              6       -7344.568      0.26853871     0.044960079      -4.0173835       -4.0173835      -14681.101                                       -14681.101
              3      -7344.4448      0.26855195     0.044972137      -4.0173835       -4.0173835      -14680.855                                       -14680.855
              7       -7343.298      0.26856112     0.045041707      -4.0173835       -4.0173835      -14678.561                                       -14678.561
              1      -7344.7109      0.26871311     0.044778335      -4.0173835       -4.0173835      -14681.387                                       -14681.387
              2      -7345.3478      0.26889831      0.04487698      -4.0173835       -4.0173835      -14682.661                                       -14682.661
              5      -7345.2248      0.26900117     0.044961076      -4.0173835       -4.0173835      -14682.415                                       -14682.415
              4      -7343.3025      0.27194342     0.045024345      -4.0173835       -4.0173835       -14678.57                                        -14678.57
              3      -7344.1565      0.27240564     0.045170116      -4.0173835       -4.0173835      -14680.278                                       -14680.278
             20      -7343.5072      0.27263723     0.045149895      -4.0173835       -4.0173835       -14678.98                                        -14678.98
              2      -7343.5161      0.27295277     0.045221685      -4.0173835       -4.0173835      -14678.997                                       -14678.997
             10      -7343.9257      0.27276676     0.045292664      -4.0173835       -4.0173835      -14679.817                                       -14679.817
             27      -7344.0364      0.27256328     0.045300564      -4.0173835       -4.0173835      -14680.038                                       -14680.038
              5      -7343.9329      0.27266526     0.045308338      -4.0173835       -4.0173835      -14679.831                                       -14679.831
             12      -7344.0152      0.27268261     0.045287695      -4.0173835       -4.0173835      -14679.996                                       -14679.996
              9      -7343.1613      0.27258671     0.045115107      -4.0173835       -4.0173835      -14678.288                                       -14678.288
             24      -7345.1651       0.2706378      0.04497954      -4.0173835       -4.0173835      -14682.295                                       -14682.295
              6      -7345.3338        0.270675     0.045005483      -4.0173835       -4.0173835      -14682.633                                       -14682.633
             30      -7344.5573      0.27064125     0.044930194      -4.0173835       -4.0173835       -14681.08                                        -14681.08
             13      -7345.3739      0.27081236      0.04503286      -4.0173835       -4.0173835      -14682.713                                       -14682.713
              1       -7345.307      0.27089511     0.045034387      -4.0173835       -4.0173835      -14682.579                                       -14682.579
             15      -7345.4208      0.27082749     0.045045848      -4.0173835       -4.0173835      -14682.807                                       -14682.807
             12      -7344.2939      0.26814997     0.044723067      -4.0173835       -4.0173835      -14680.553                                       -14680.553
              1      -7344.5946       0.2691245     0.044792903      -4.0173835       -4.0173835      -14681.155                                       -14681.155
              5      -7344.9247      0.27013958     0.044902222      -4.0173835       -4.0173835      -14681.815                                       -14681.815
              1      -7345.2086      0.27022096     0.044935733      -4.0173835       -4.0173835      -14682.382                                       -14682.382
             26      -7344.5232      0.27062841     0.045195074      -4.0173835       -4.0173835      -14681.012                                       -14681.012
              4      -7344.3113      0.26798865     0.044889869      -4.0173835       -4.0173835      -14680.588                                       -14680.588
              9      -7343.9516      0.27028771     0.044857173      -4.0173835       -4.0173835      -14679.869                                       -14679.869
              7      -7344.5251      0.27061741     0.045194098      -4.0173835       -4.0173835      -14681.015                                       -14681.015
              2      -7345.2912      0.27026808     0.045102046      -4.0173835       -4.0173835      -14682.548                                       -14682.548
              3      -7345.5226      0.27055956     0.045025374      -4.0173835       -4.0173835      -14683.011                                       -14683.011
