#        weight    minuslogpost         Omega_c         Omega_b   minuslogprior minuslogprior__0            chi2 chi2__functions_and_classes.SO_x_DESI_Likelihood
              1      -4014.1771      0.26235719     0.037301643      -4.0173835       -4.0173835      -8020.3195                                       -8020.3195
              1      -4029.6326      0.26220581     0.037306317      -4.0173835       -4.0173835      -8051.2304                                       -8051.2304
              1       -4159.222      0.26230864     0.037444608      -4.0173835       -4.0173835      -8310.4092                                       -8310.4092
              1      -4231.7873      0.26221715     0.037512643      -4.0173835       -4.0173835      -8455.5397                                       -8455.5397
              1      -4471.4685      0.26220965     0.037765343      -4.0173835       -4.0173835      -8934.9022                                       -8934.9022
              1      -4472.9951      0.26217105     0.037764198      -4.0173835       -4.0173835      -8937.9555                                       -8937.9555
              4      -4515.9022      0.26208074     0.037804183      -4.0173835       -4.0173835      -9023.7697                                       -9023.7697
              3      -4544.3157      0.26206542     0.037833771      -4.0173835       -4.0173835      -9080.5966                                       -9080.5966
              1      -4619.8211      0.26219107     0.037926329      -4.0173835       -4.0173835      -9231.6074                                       -9231.6074
              1      -4716.3148      0.26228504     0.038041389      -4.0173835       -4.0173835      -9424.5948                                       -9424.5948
              2      -4745.5175      0.26224774     0.038071844      -4.0173835       -4.0173835      -9483.0002                                       -9483.0002
              1      -4801.5906      0.26226374     0.038137229      -4.0173835       -4.0173835      -9595.1465                                       -9595.1465
              1      -5088.4962      0.26226253     0.038478632      -4.0173835       -4.0173835      -10168.958                                       -10168.958
              1      -5093.0135      0.26218363     0.038478351      -4.0173835       -4.0173835      -10177.992                                       -10177.992
              1      -5330.4992      0.26221642     0.038781844      -4.0173835       -4.0173835      -10652.964                                       -10652.964
              5      -5348.4726      0.26208745     0.038795777      -4.0173835       -4.0173835       -10688.91                                        -10688.91
              1      -5377.5878        0.262084     0.038833895      -4.0173835       -4.0173835      -10747.141                                       -10747.141
              1      -5377.2803      0.26205865     0.038831599      -4.0173835       -4.0173835      -10746.526                                       -10746.526
              4      -5379.8279      0.26204849     0.038834213      -4.0173835       -4.0173835      -10751.621                                       -10751.621
              2      -5381.1525      0.26203536     0.038834987      -4.0173835       -4.0173835       -10754.27                                        -10754.27
              1      -5398.9947      0.26212351      0.03886525      -4.0173835       -4.0173835      -10789.955                                       -10789.955
              1      -5406.7374      0.26212006     0.038875304      -4.0173835       -4.0173835       -10805.44                                        -10805.44
              1      -5418.1476      0.26212363     0.038890794      -4.0173835       -4.0173835       -10828.26                                        -10828.26
              3      -5461.9908      0.26193026     0.038935373      -4.0173835       -4.0173835      -10915.947                                       -10915.947
              1      -5611.3162      0.26202918     0.039149589      -4.0173835       -4.0173835      -11214.598                                       -11214.598
              1      -5691.8351      0.26181379     0.039249061      -4.0173835       -4.0173835      -11375.635                                       -11375.635
              1      -5746.7278      0.26199177     0.039342805      -4.0173835       -4.0173835      -11485.421                                       -11485.421
              1       -5804.938      0.26194761     0.039426658      -4.0173835       -4.0173835      -11601.841                                       -11601.841
              3      -5818.6334      0.26193657     0.039446525      -4.0173835       -4.0173835      -11629.232                                       -11629.232
              4       -5851.533      0.26193483     0.039496573      -4.0173835       -4.0173835      -11695.031                                       -11695.031
              2      -5957.7191      0.26194953     0.039663876      -4.0173835       -4.0173835      -11907.403                                       -11907.403
              1      -5984.5204       0.2620016     0.039710838      -4.0173835       -4.0173835      -11961.006                                       -11961.006
              2      -6065.8621      0.26164686     0.039817218      -4.0173835       -4.0173835       -12123.69                                        -12123.69
              2      -6211.5009      0.26149507      0.04005632      -4.0173835       -4.0173835      -12414.967                                       -12414.967
              2      -6275.2504      0.26144726     0.040167858      -4.0173835       -4.0173835      -12542.466                                       -12542.466
              1       -6415.313      0.26146987     0.040436454      -4.0173835       -4.0173835      -12822.591                                       -12822.591
              3      -6428.1309      0.26131184     0.040449757      -4.0173835       -4.0173835      -12848.227                                       -12848.227
              1      -6428.6411      0.26131511     0.040451024      -4.0173835       -4.0173835      -12849.247                                       -12849.247
              1      -6528.7938       0.2612376     0.040651194      -4.0173835       -4.0173835      -13049.553                                       -13049.553
              2      -6528.6004      0.26122658      0.04064994      -4.0173835       -4.0173835      -13049.166                                       -13049.166
              2      -6555.6245      0.26097978      0.04068893      -4.0173835       -4.0173835      -13103.214                                       -13103.214
              1      -6654.7233      0.26127439      0.04093373      -4.0173835       -4.0173835      -13301.412                                       -13301.412
              1      -6737.5321      0.26111875     0.041121047      -4.0173835       -4.0173835      -13467.029                                       -13467.029
              2      -6771.6345      0.26084495     0.041186547      -4.0173835       -4.0173835      -13535.234                                       -13535.234
              6      -6771.9488      0.26065292     0.041172776      -4.0173835       -4.0173835      -13535.863                                       -13535.863
              2      -6842.7623      0.26026977     0.041332842      -4.0173835       -4.0173835       -13677.49                                        -13677.49
              2       -6881.141      0.26003879     0.041424236      -4.0173835       -4.0173835      -13754.247                                       -13754.247
              1      -6887.2153      0.26015416     0.041450395      -4.0173835       -4.0173835      -13766.396                                       -13766.396
              1      -6964.7065      0.26010124     0.041683824      -4.0173835       -4.0173835      -13921.378                                       -13921.378
              2      -6969.1955      0.26005246     0.041694789      -4.0173835       -4.0173835      -13930.356                                       -13930.356
              2      -7036.8815      0.25996987     0.041921163      -4.0173835       -4.0173835      -14065.728                                       -14065.728
              2      -7078.4326      0.25986394     0.042070915      -4.0173835       -4.0173835       -14148.83                                        -14148.83
              2      -7136.9449      0.25974861     0.042310676      -4.0173835       -4.0173835      -14265.855                                       -14265.855
              5      -7181.4336      0.25967673     0.042523609      -4.0173835       -4.0173835      -14354.832                                       -14354.832
              1      -7194.7005      0.25971289     0.042597695      -4.0173835       -4.0173835      -14381.366                                       -14381.366
              3      -7206.0109      0.25967562     0.042659648      -4.0173835       -4.0173835      -14403.987                                       -14403.987
              1      -7207.7037       0.2598563     0.042680527      -4.0173835       -4.0173835      -14407.373                                       -14407.373
              2      -7213.2062      0.25971538     0.042704978      -4.0173835       -4.0173835      -14418.378                                       -14418.378
              1      -7257.7524      0.25966172     0.043007666      -4.0173835       -4.0173835       -14507.47                                        -14507.47
              2      -7256.7456      0.25959803     0.042996375      -4.0173835       -4.0173835      -14505.456                                       -14505.456
              1      -7271.2359      0.25965884     0.043121755      -4.0173835       -4.0173835      -14534.437                                       -14534.437
              2       -7281.805      0.25962042     0.043221781      -4.0173835       -4.0173835      -14555.575                                       -14555.575
              1      -7281.9676      0.25963693     0.043224099      -4.0173835       -4.0173835        -14555.9                                         -14555.9
              1      -7300.2348      0.25960612     0.043443407      -4.0173835       -4.0173835      -14592.435                                       -14592.435
              1      -7301.0934      0.25967603     0.043457209      -4.0173835       -4.0173835      -14594.152                                       -14594.152
              1      -7310.1319      0.25964519     0.043613425      -4.0173835       -4.0173835      -14612.229                                       -14612.229
              2      -7310.9758      0.25962379     0.043631968      -4.0173835       -4.0173835      -14613.917                                       -14613.917
              1      -7316.0273      0.25977953      0.04375718      -4.0173835       -4.0173835       -14624.02                                        -14624.02
              1      -7319.0233      0.25963813     0.043933044      -4.0173835       -4.0173835      -14630.012                                       -14630.012
              3      -7319.2397      0.25965741     0.044050729      -4.0173835       -4.0173835      -14630.445                                       -14630.445
              1      -7318.8492      0.25957193     0.044030179      -4.0173835       -4.0173835      -14629.664                                       -14629.664
              5      -7318.4756       0.2595865       0.0440879      -4.0173835       -4.0173835      -14628.916                                       -14628.916
              3      -7318.8503      0.25960281     0.043931512      -4.0173835       -4.0173835      -14629.666                                       -14629.666
              2      -7319.8862      0.25976028     0.044039019      -4.0173835       -4.0173835      -14631.738                                       -14631.738
              1      -7319.7693      0.25973816     0.044037045      -4.0173835       -4.0173835      -14631.504                                       -14631.504
              1      -7319.8089      0.25974277     0.043985456      -4.0173835       -4.0173835      -14631.583                                       -14631.583
              2        -7319.21      0.25971431     0.044095339      -4.0173835       -4.0173835      -14630.385                                       -14630.385
              1      -7319.3557      0.25971784     0.044083081      -4.0173835       -4.0173835      -14630.677                                       -14630.677
              2      -7319.5512      0.25977615     0.044099862      -4.0173835       -4.0173835      -14631.068                                       -14631.068
              1      -7319.5119      0.25968832     0.043976987      -4.0173835       -4.0173835      -14630.989                                       -14630.989
              1      -7318.7418      0.25976625     0.043869927      -4.0173835       -4.0173835      -14629.449                                       -14629.449
              1      -7320.0507      0.25986076     0.043938724      -4.0173835       -4.0173835      -14632.067                                       -14632.067
              2       -7320.398      0.25997198      0.04392932      -4.0173835       -4.0173835      -14632.761                                       -14632.761
              1      -7319.1875      0.25986472      0.04387554      -4.0173835       -4.0173835       -14630.34                                        -14630.34
              4      -7318.5302      0.25988253     0.043840021      -4.0173835       -4.0173835      -14629.026                                       -14629.026
              1      -7320.4594        0.260012      0.04392228      -4.0173835       -4.0173835      -14632.884                                       -14632.884
              2      -7320.8381      0.26008429      0.04393005      -4.0173835       -4.0173835      -14633.641                                       -14633.641
              1      -7321.4595      0.26012185     0.043971653      -4.0173835       -4.0173835      -14634.884                                       -14634.884
              1      -7321.0737      0.26000332      0.04407867      -4.0173835       -4.0173835      -14634.113                                       -14634.113
              1      -7320.7818      0.25996007     0.043974324      -4.0173835       -4.0173835      -14633.529                                       -14633.529
              4      -7320.6859       0.2601027     0.043915208      -4.0173835       -4.0173835      -14633.337                                       -14633.337
              2      -7322.0943      0.26027315     0.043973909      -4.0173835       -4.0173835      -14636.154                                       -14636.154
              2      -7321.8198      0.26032471     0.043938306      -4.0173835       -4.0173835      -14635.605                                       -14635.605
              2      -7323.2752      0.26045388     0.044129463      -4.0173835       -4.0173835      -14638.516                                       -14638.516
              2      -7322.9755      0.26041642      0.04414213      -4.0173835       -4.0173835      -14637.916                                       -14637.916
              4      -7322.9663      0.26035765     0.044064407      -4.0173835       -4.0173835      -14637.898                                       -14637.898
              1      -7322.9103       0.2603462     0.044063818      -4.0173835       -4.0173835      -14637.786                                       -14637.786
              1      -7322.7116      0.26048295     0.043961549      -4.0173835       -4.0173835      -14637.388                                       -14637.388
              1      -7324.0815      0.26059043     0.044105273      -4.0173835       -4.0173835      -14640.128                                       -14640.128
              1      -7323.7405      0.26054741     0.044038357      -4.0173835       -4.0173835      -14639.446                                       -14639.446
              2      -7323.6473      0.26060649     0.044000371      -4.0173835       -4.0173835       -14639.26                                        -14639.26
              2      -7324.6818      0.26073645     0.044146184      -4.0173835       -4.0173835      -14641.329                                       -14641.329
              1      -7324.5464       0.2608327     0.044008371      -4.0173835       -4.0173835      -14641.058                                       -14641.058
              2      -7323.8231      0.26056805     0.044037694      -4.0173835       -4.0173835      -14639.611                                       -14639.611
              1      -7322.0113      0.26030965     0.043955335      -4.0173835       -4.0173835      -14635.988                                       -14635.988
              1      -7320.7471       0.2603334     0.043880797      -4.0173835       -4.0173835      -14633.459                                       -14633.459
              2      -7322.9656       0.2603824     0.044115869      -4.0173835       -4.0173835      -14637.897                                       -14637.897
              1      -7322.4558      0.26035299     0.044157955      -4.0173835       -4.0173835      -14636.877                                       -14636.877
              1      -7322.4713      0.26029087     0.044114539      -4.0173835       -4.0173835      -14636.908                                       -14636.908
              1       -7322.516      0.26027281      0.04403705      -4.0173835       -4.0173835      -14636.997                                       -14636.997
              1      -7323.0897      0.26052651     0.043977924      -4.0173835       -4.0173835      -14638.145                                       -14638.145
              2      -7323.4842      0.26046451      0.04407338      -4.0173835       -4.0173835      -14638.934                                       -14638.934
              2      -7323.6319       0.2604947     0.044079226      -4.0173835       -4.0173835      -14639.229                                       -14639.229
              2      -7324.3482      0.26068611     0.044043184      -4.0173835       -4.0173835      -14640.662                                       -14640.662
              3      -7323.8395      0.26056141     0.044045397      -4.0173835       -4.0173835      -14639.644                                       -14639.644
              5      -7323.9319      0.26057267     0.044053965      -4.0173835       -4.0173835      -14639.829                                       -14639.829
              1      -7323.9382      0.26058104      0.04404765      -4.0173835       -4.0173835      -14639.842                                       -14639.842
              2      -7323.8645      0.26070893     0.044217002      -4.0173835       -4.0173835      -14639.694                                       -14639.694
              2      -7323.8647      0.26070893     0.044216986      -4.0173835       -4.0173835      -14639.695                                       -14639.695
              1       -7322.948      0.26047014     0.044176268      -4.0173835       -4.0173835      -14637.861                                       -14637.861
              1      -7322.7737      0.26048215     0.044195562      -4.0173835       -4.0173835      -14637.513                                       -14637.513
              1      -7320.3072      0.26035191     0.044276629      -4.0173835       -4.0173835       -14632.58                                        -14632.58
              1       -7322.353      0.26034546     0.044163095      -4.0173835       -4.0173835      -14636.671                                       -14636.671
              1      -7323.0229      0.26044826     0.044157257      -4.0173835       -4.0173835      -14638.011                                       -14638.011
              3      -7323.0033      0.26046895     0.044170794      -4.0173835       -4.0173835      -14637.972                                       -14637.972
              1      -7322.7594      0.26039284     0.044151215      -4.0173835       -4.0173835      -14637.484                                       -14637.484
              2      -7324.2374       0.2606279     0.044071032      -4.0173835       -4.0173835       -14640.44                                        -14640.44
              3      -7325.0959      0.26083381     0.044163062      -4.0173835       -4.0173835      -14642.157                                       -14642.157
              1      -7324.8655      0.26113718     0.043974608      -4.0173835       -4.0173835      -14641.696                                       -14641.696
              1      -7324.0398      0.26130557     0.043926933      -4.0173835       -4.0173835      -14640.045                                       -14640.045
              1      -7327.6032       0.2613676     0.044146031      -4.0173835       -4.0173835      -14647.172                                       -14647.172
              1      -7326.4358      0.26129433     0.044279897      -4.0173835       -4.0173835      -14644.837                                       -14644.837
              1      -7326.3078      0.26107459     0.044159626      -4.0173835       -4.0173835      -14644.581                                       -14644.581
              1      -7326.0957      0.26105911     0.044189759      -4.0173835       -4.0173835      -14644.157                                       -14644.157
              6       -7326.011      0.26102127     0.044170316      -4.0173835       -4.0173835      -14643.987                                       -14643.987
              1      -7324.6328      0.26115208     0.043962137      -4.0173835       -4.0173835      -14641.231                                       -14641.231
              2       -7325.272      0.26137142      0.04436557      -4.0173835       -4.0173835      -14642.509                                       -14642.509
              2      -7326.1829      0.26150518     0.044363921      -4.0173835       -4.0173835      -14644.331                                       -14644.331
              1      -7327.9124      0.26148465     0.044238273      -4.0173835       -4.0173835       -14647.79                                        -14647.79
              1      -7328.3625      0.26156192     0.044225648      -4.0173835       -4.0173835       -14648.69                                        -14648.69
              1       -7328.471      0.26156445     0.044187159      -4.0173835       -4.0173835      -14648.907                                       -14648.907
              1      -7329.7396      0.26187202     0.044207398      -4.0173835       -4.0173835      -14651.444                                       -14651.444
              1      -7330.0676      0.26195753     0.044205265      -4.0173835       -4.0173835        -14652.1                                         -14652.1
              1      -7329.3644      0.26196076     0.044334709      -4.0173835       -4.0173835      -14650.694                                       -14650.694
              2      -7327.7657       0.2620009     0.044431927      -4.0173835       -4.0173835      -14647.497                                       -14647.497
              2      -7328.6816      0.26210808     0.044421062      -4.0173835       -4.0173835      -14649.328                                       -14649.328
              2      -7329.8268      0.26250788     0.044476588      -4.0173835       -4.0173835      -14651.619                                       -14651.619
              4      -7330.4045      0.26257359     0.044468353      -4.0173835       -4.0173835      -14652.774                                       -14652.774
              1      -7331.8205       0.2624467     0.044219175      -4.0173835       -4.0173835      -14655.606                                       -14655.606
              7      -7331.7904      0.26248249     0.044200951      -4.0173835       -4.0173835      -14655.546                                       -14655.546
              1      -7331.1526      0.26250132     0.044145284      -4.0173835       -4.0173835       -14654.27                                        -14654.27
              1      -7332.4091      0.26268556     0.044207586      -4.0173835       -4.0173835      -14656.783                                       -14656.783
              2      -7332.0471       0.2626103     0.044192199      -4.0173835       -4.0173835      -14656.059                                       -14656.059
              1      -7332.0317       0.2626611     0.044180919      -4.0173835       -4.0173835      -14656.029                                       -14656.029
              3      -7332.6026      0.26270279     0.044368632      -4.0173835       -4.0173835       -14657.17                                        -14657.17
              3      -7331.8918      0.26244385      0.04430696      -4.0173835       -4.0173835      -14655.749                                       -14655.749
              2      -7330.9459      0.26228085     0.044337428      -4.0173835       -4.0173835      -14653.857                                       -14653.857
              1      -7330.4147      0.26204071     0.044223158      -4.0173835       -4.0173835      -14652.795                                       -14652.795
              1      -7330.4615      0.26206244      0.04420692      -4.0173835       -4.0173835      -14652.888                                       -14652.888
              3      -7330.6048      0.26208816     0.044241333      -4.0173835       -4.0173835      -14653.175                                       -14653.175
              1      -7330.7103      0.26212953     0.044209173      -4.0173835       -4.0173835      -14653.386                                       -14653.386
              2      -7331.9761      0.26278541     0.044447831      -4.0173835       -4.0173835      -14655.917                                       -14655.917
              4      -7332.8886      0.26291933     0.044201347      -4.0173835       -4.0173835      -14657.743                                       -14657.743
             23      -7332.3947      0.26255828     0.044282827      -4.0173835       -4.0173835      -14656.755                                       -14656.755
              8      -7331.9713      0.26245792     0.044301448      -4.0173835       -4.0173835      -14655.908                                       -14655.908
              9      -7332.7248       0.2627977     0.044210525      -4.0173835       -4.0173835      -14657.415                                       -14657.415
              1      -7332.5596      0.26283063      0.04419152      -4.0173835       -4.0173835      -14657.084                                       -14657.084
              2      -7332.4118      0.26256737     0.044299199      -4.0173835       -4.0173835      -14656.789                                       -14656.789
              4      -7334.0228      0.26335307     0.044496037      -4.0173835       -4.0173835      -14660.011                                       -14660.011
              7      -7333.6548      0.26357137     0.044571651      -4.0173835       -4.0173835      -14659.275                                       -14659.275
              9      -7334.0561      0.26356733     0.044552141      -4.0173835       -4.0173835      -14660.077                                       -14660.077
              2      -7334.0262      0.26356766      0.04455367      -4.0173835       -4.0173835      -14660.018                                       -14660.018
             11      -7334.5463       0.2633966     0.044251587      -4.0173835       -4.0173835      -14661.058                                       -14661.058
              1      -7335.1163      0.26344407     0.044293884      -4.0173835       -4.0173835      -14662.198                                       -14662.198
              3      -7334.7723      0.26327119      0.04439295      -4.0173835       -4.0173835       -14661.51                                        -14661.51
              2      -7337.3242      0.26426399     0.044349368      -4.0173835       -4.0173835      -14666.614                                       -14666.614
              7      -7336.9811      0.26415602     0.044335492      -4.0173835       -4.0173835      -14665.927                                       -14665.927
              1      -7337.3406      0.26407331     0.044413807      -4.0173835       -4.0173835      -14666.646                                       -14666.646
              2      -7337.0536      0.26404443     0.044365665      -4.0173835       -4.0173835      -14666.072                                       -14666.072
             19      -7337.2301      0.26403115     0.044428116      -4.0173835       -4.0173835      -14666.425                                       -14666.425
              3      -7338.2158      0.26438815     0.044442982      -4.0173835       -4.0173835      -14668.397                                       -14668.397
              7      -7338.4738      0.26448209     0.044455864      -4.0173835       -4.0173835      -14668.913                                       -14668.913
              7      -7338.3218      0.26442738     0.044446929      -4.0173835       -4.0173835      -14668.609                                       -14668.609
             10      -7338.3373      0.26458313     0.044394636      -4.0173835       -4.0173835       -14668.64                                        -14668.64
              2      -7337.4635      0.26499764     0.044319977      -4.0173835       -4.0173835      -14666.892                                       -14666.892
              4      -7339.3561      0.26505788     0.044621565      -4.0173835       -4.0173835      -14670.677                                       -14670.677
              9      -7341.0221       0.2656074     0.044622637      -4.0173835       -4.0173835      -14674.009                                       -14674.009
              2      -7341.6711      0.26595894     0.044665516      -4.0173835       -4.0173835      -14675.307                                       -14675.307
              2       -7341.439       0.2658567     0.044660714      -4.0173835       -4.0173835      -14674.843                                       -14674.843
              9      -7342.3564       0.2664413     0.044735003      -4.0173835       -4.0173835      -14676.678                                       -14676.678
              3      -7343.3566      0.26686902     0.044677382      -4.0173835       -4.0173835      -14678.678                                       -14678.678
              3      -7342.2163      0.26837523     0.044623161      -4.0173835       -4.0173835      -14676.398                                       -14676.398
             11      -7344.2494      0.26858398     0.044736626      -4.0173835       -4.0173835      -14680.464                                       -14680.464
              3       -7345.257      0.26870744      0.04486794      -4.0173835       -4.0173835      -14682.479                                       -14682.479
              8       -7344.317      0.26915595     0.045060964      -4.0173835       -4.0173835      -14680.599                                       -14680.599
              3      -7344.8264      0.26855085     0.044784255      -4.0173835       -4.0173835      -14681.618                                       -14681.618
              3      -7344.3398      0.26889184     0.044760417      -4.0173835       -4.0173835      -14680.645                                       -14680.645
              4      -7345.0974      0.26886912     0.044825018      -4.0173835       -4.0173835       -14682.16                                        -14682.16
              4      -7345.0019      0.26833434     0.044850012      -4.0173835       -4.0173835      -14681.969                                       -14681.969
              7      -7344.8663      0.26835137     0.044789546      -4.0173835       -4.0173835      -14681.698                                       -14681.698
             11      -7344.8139      0.26809711     0.044814653      -4.0173835       -4.0173835      -14681.593                                       -14681.593
              3      -7344.1287      0.26797581     0.044904712      -4.0173835       -4.0173835      -14680.223                                       -14680.223
              2       -7344.221        0.268483     0.044978488      -4.0173835       -4.0173835      -14680.407                                       -14680.407
             15      -7342.0552      0.26862046     0.045101279      -4.0173835       -4.0173835      -14676.076                                       -14676.076
              7       -7343.803       0.2684972     0.044704249      -4.0173835       -4.0173835      -14679.571                                       -14679.571
              2      -7344.5219      0.26781597     0.044767718      -4.0173835       -4.0173835      -14681.009                                       -14681.009
              3      -7345.6198      0.26999652     0.044981496      -4.0173835       -4.0173835      -14683.205                                       -14683.205
             22      -7345.6383        0.269979     0.044995408      -4.0173835       -4.0173835      -14683.242                                       -14683.242
              6      -7345.6305      0.26981053     0.044979954      -4.0173835       -4.0173835      -14683.226                                       -14683.226
              2      -7345.6351      0.26995913     0.044988498      -4.0173835       -4.0173835      -14683.235                                       -14683.235
              2      -7345.3338      0.26946721     0.044883995      -4.0173835       -4.0173835      -14682.633                                       -14682.633
              4      -7343.9061      0.26945438     0.045118048      -4.0173835       -4.0173835      -14679.777                                       -14679.777
             13       -7345.615      0.26973618     0.044962732      -4.0173835       -4.0173835      -14683.195                                       -14683.195
              1      -7345.3895      0.26976954     0.044913573      -4.0173835       -4.0173835      -14682.744                                       -14682.744
             14       -7345.485      0.27010677     0.044958938      -4.0173835       -4.0173835      -14682.935                                       -14682.935
              3      -7345.0117      0.27084239     0.044990601      -4.0173835       -4.0173835      -14681.989                                       -14681.989
              5      -7345.0723      0.26879474     0.044948122      -4.0173835       -4.0173835       -14682.11                                        -14682.11
              4      -7345.5518      0.26945972      0.04496725      -4.0173835       -4.0173835      -14683.069                                       -14683.069
             10      -7345.6384      0.26996373     0.044995358      -4.0173835       -4.0173835      -14683.242                                       -14683.242
             20      -7345.3228      0.26894113     0.044865174      -4.0173835       -4.0173835      -14682.611                                       -14682.611
             17      -7345.4064      0.26898996      0.04490832      -4.0173835       -4.0173835      -14682.778                                       -14682.778
              2      -7343.6277      0.26946794     0.044765104      -4.0173835       -4.0173835      -14679.221                                       -14679.221
             10       -7343.677      0.26898931     0.044729701      -4.0173835       -4.0173835      -14679.319                                       -14679.319
              6      -7345.2553      0.26876551     0.044906896      -4.0173835       -4.0173835      -14682.476                                       -14682.476
              7      -7345.4982      0.26942951     0.044910872      -4.0173835       -4.0173835      -14682.962                                       -14682.962
              2      -7345.4502      0.26951522     0.045002003      -4.0173835       -4.0173835      -14682.866                                       -14682.866
              8      -7345.0376      0.26937465     0.045034357      -4.0173835       -4.0173835       -14682.04                                        -14682.04
              2      -7345.5798      0.26950317     0.044944461      -4.0173835       -4.0173835      -14683.125                                       -14683.125
             17      -7345.0305      0.26966607     0.044867202      -4.0173835       -4.0173835      -14682.026                                       -14682.026
              4      -7345.4141      0.26936296      0.04498683      -4.0173835       -4.0173835      -14682.793                                       -14682.793
              6      -7345.3689      0.26924102     0.044976292      -4.0173835       -4.0173835      -14682.703                                       -14682.703
              4      -7345.6293       0.2698939     0.045000814      -4.0173835       -4.0173835      -14683.224                                       -14683.224
              3      -7345.6359       0.2698932     0.044992253      -4.0173835       -4.0173835      -14683.237                                       -14683.237
              8      -7345.5314      0.26942933     0.044969413      -4.0173835       -4.0173835      -14683.028                                       -14683.028
              1      -7345.5351      0.26943423     0.044969008      -4.0173835       -4.0173835      -14683.035                                       -14683.035
              7      -7345.4219      0.26947367     0.044897509      -4.0173835       -4.0173835      -14682.809                                       -14682.809
              1      -7345.0373      0.26951155      0.04485546      -4.0173835       -4.0173835       -14682.04                                        -14682.04
              4      -7345.1574      0.26980673     0.045072337      -4.0173835       -4.0173835       -14682.28                                        -14682.28
              1      -7345.5355      0.27011295     0.044969028      -4.0173835       -4.0173835      -14683.036                                       -14683.036
              1      -7344.7422      0.27005116     0.045130402      -4.0173835       -4.0173835       -14681.45                                        -14681.45
             11      -7344.5098      0.27096077     0.045220277      -4.0173835       -4.0173835      -14680.985                                       -14680.985
              4      -7345.1319      0.27083984     0.045002698      -4.0173835       -4.0173835      -14682.229                                       -14682.229
              8      -7345.5412      0.27065796     0.045068288      -4.0173835       -4.0173835      -14683.048                                       -14683.048
              3      -7345.4896      0.27077854      0.04505924      -4.0173835       -4.0173835      -14682.944                                       -14682.944
              5      -7345.2667      0.27053004     0.044977488      -4.0173835       -4.0173835      -14682.499                                       -14682.499
              1      -7345.2044      0.27030685     0.045114663      -4.0173835       -4.0173835      -14682.374                                       -14682.374
              1      -7345.2639      0.27027164     0.045105416      -4.0173835       -4.0173835      -14682.493                                       -14682.493
              2      -7345.2135      0.27038268     0.044954062      -4.0173835       -4.0173835      -14682.392                                       -14682.392
              1      -7345.5861      0.27046499     0.045053581      -4.0173835       -4.0173835      -14683.137                                       -14683.137
             20      -7345.3563      0.27053249     0.045113501      -4.0173835       -4.0173835      -14682.678                                       -14682.678
              3      -7343.9117      0.27025311     0.045197999      -4.0173835       -4.0173835      -14679.789                                       -14679.789
              7      -7344.0402      0.27070937     0.044907104      -4.0173835       -4.0173835      -14680.046                                       -14680.046
              5      -7344.4736      0.27092196     0.044958182      -4.0173835       -4.0173835      -14680.912                                       -14680.912
             13       -7344.838      0.27018169     0.044899895      -4.0173835       -4.0173835      -14681.641                                       -14681.641
              3      -7345.5867      0.27012983     0.045041788      -4.0173835       -4.0173835      -14683.139                                       -14683.139
              2      -7345.6312      0.26996592     0.045008018      -4.0173835       -4.0173835      -14683.228                                       -14683.228
              1      -7345.3502      0.27015701     0.044944837      -4.0173835       -4.0173835      -14682.666                                       -14682.666
              4      -7344.5472      0.26905227     0.045033082      -4.0173835       -4.0173835       -14681.06                                        -14681.06
              8      -7343.0521      0.26843983      0.04466265      -4.0173835       -4.0173835      -14678.069                                       -14678.069
              7      -7344.7957       0.2684634     0.044924908      -4.0173835       -4.0173835      -14681.557                                       -14681.557
             14      -7345.4289      0.26906759     0.044925585      -4.0173835       -4.0173835      -14682.823                                       -14682.823
             12      -7345.3416      0.26996446     0.045068639      -4.0173835       -4.0173835      -14682.648                                       -14682.648
              6      -7345.3735      0.27058685     0.044999049      -4.0173835       -4.0173835      -14682.712                                       -14682.712
             11      -7345.0079      0.27096658     0.045006914      -4.0173835       -4.0173835      -14681.981                                       -14681.981
              2      -7345.3471      0.27040367     0.044972099      -4.0173835       -4.0173835      -14682.659                                       -14682.659
              5       -7345.457      0.26992953     0.045049428      -4.0173835       -4.0173835      -14682.879                                       -14682.879
              3      -7345.4629      0.26999236     0.044943901      -4.0173835       -4.0173835      -14682.891                                       -14682.891
              1      -7345.2485      0.27001138     0.044918643      -4.0173835       -4.0173835      -14682.462                                       -14682.462
              4      -7343.9165       0.2711333      0.04526854      -4.0173835       -4.0173835      -14679.798                                       -14679.798
              6      -7345.1154       0.2711348     0.045174139      -4.0173835       -4.0173835      -14682.196                                       -14682.196
              2      -7345.1127      0.27112157     0.045174118      -4.0173835       -4.0173835      -14682.191                                       -14682.191
              1      -7344.7844      0.27020196     0.044898063      -4.0173835       -4.0173835      -14681.534                                       -14681.534
              8      -7345.3567      0.26986177     0.045056393      -4.0173835       -4.0173835      -14682.679                                       -14682.679
              4      -7344.5818      0.26943179     0.045076325      -4.0173835       -4.0173835      -14681.129                                       -14681.129
              1      -7343.8203      0.26964599     0.044789671      -4.0173835       -4.0173835      -14679.606                                       -14679.606
              7      -7345.3909      0.27020179     0.044954881      -4.0173835       -4.0173835      -14682.747                                       -14682.747
             16      -7345.5487      0.27057207     0.045037934      -4.0173835       -4.0173835      -14683.063                                       -14683.063
              2      -7345.6049      0.27035027     0.045023077      -4.0173835       -4.0173835      -14683.175                                       -14683.175
              2      -7345.4488      0.27074206     0.045037232      -4.0173835       -4.0173835      -14682.863                                       -14682.863
             15      -7345.4118      0.27073153     0.045027114      -4.0173835       -4.0173835      -14682.789                                       -14682.789
             14      -7344.4652      0.27050167     0.045188612      -4.0173835       -4.0173835      -14680.896                                       -14680.896
             18       -7345.564      0.27057816     0.045053348      -4.0173835       -4.0173835      -14683.093                                       -14683.093
              6      -7344.4856       0.2706888     0.044930972      -4.0173835       -4.0173835      -14680.936                                       -14680.936
              8      -7342.3357      0.27121513     0.044888725      -4.0173835       -4.0173835      -14676.637                                       -14676.637
              7      -7342.0464      0.27133772     0.045366767      -4.0173835       -4.0173835      -14676.058                                       -14676.058
              3      -7345.0637      0.27148797     0.045182199      -4.0173835       -4.0173835      -14682.093                                       -14682.093
              2      -7345.0135       0.2711847     0.045039928      -4.0173835       -4.0173835      -14681.992                                       -14681.992
              5      -7345.2093      0.27112382     0.045057119      -4.0173835       -4.0173835      -14682.384                                       -14682.384
             22      -7345.1627      0.27094026     0.045020488      -4.0173835       -4.0173835      -14682.291                                       -14682.291
              2      -7345.4125      0.27099692     0.045086159      -4.0173835       -4.0173835       -14682.79                                        -14682.79
              1      -7344.8477       0.2709053     0.045190895      -4.0173835       -4.0173835      -14681.661                                       -14681.661
              4      -7345.5168       0.2707385     0.045074714      -4.0173835       -4.0173835      -14682.999                                       -14682.999
              8       -7344.426      0.27072451     0.045208791      -4.0173835       -4.0173835      -14680.817                                       -14680.817
              3      -7345.4038      0.27060769     0.045006793      -4.0173835       -4.0173835      -14682.773                                       -14682.773
              2      -7345.1152      0.27015463     0.045110189      -4.0173835       -4.0173835      -14682.196                                       -14682.196
              3       -7344.389      0.27009489     0.044861764      -4.0173835       -4.0173835      -14680.743                                       -14680.743
              7      -7344.2522       0.2700955     0.044853955      -4.0173835       -4.0173835       -14680.47                                        -14680.47
              3      -7343.8701      0.26994694       0.0448196      -4.0173835       -4.0173835      -14679.706                                       -14679.706
              1      -7344.2765      0.27017865     0.045171402      -4.0173835       -4.0173835      -14680.518                                       -14680.518
              4      -7344.1937      0.26920508     0.044773319      -4.0173835       -4.0173835      -14680.353                                       -14680.353
              2      -7344.4482      0.26938519     0.045079656      -4.0173835       -4.0173835      -14680.862                                       -14680.862
              1      -7344.2935       0.2695967     0.044810456      -4.0173835       -4.0173835      -14680.552                                       -14680.552
              5      -7343.9036      0.27064473     0.045232264      -4.0173835       -4.0173835      -14679.772                                       -14679.772
              4      -7342.2467      0.27075929     0.044834433      -4.0173835       -4.0173835      -14676.459                                       -14676.459
              1      -7341.8576      0.27192706      0.04495729      -4.0173835       -4.0173835       -14675.68                                        -14675.68
             12      -7344.9218      0.27177115     0.045191731      -4.0173835       -4.0173835      -14681.809                                       -14681.809
              4       -7344.494      0.27172045     0.045258968      -4.0173835       -4.0173835      -14680.953                                       -14680.953
              1      -7344.6854      0.27206197     0.045180577      -4.0173835       -4.0173835      -14681.336                                       -14681.336
             10      -7345.0992      0.27145235     0.045104022      -4.0173835       -4.0173835      -14682.164                                       -14682.164
              4      -7344.6068      0.27212245     0.045177209      -4.0173835       -4.0173835      -14681.179                                       -14681.179
              7      -7345.2994      0.27121779      0.04510357      -4.0173835       -4.0173835      -14682.564                                       -14682.564
             11      -7345.2756       0.2712143     0.045091734      -4.0173835       -4.0173835      -14682.517                                       -14682.517
              6      -7345.1456      0.27132857     0.045170538      -4.0173835       -4.0173835      -14682.256                                       -14682.256
             15      -7344.9355      0.27113964     0.045024505      -4.0173835       -4.0173835      -14681.836                                       -14681.836
              5      -7345.4549      0.27060177     0.045100694      -4.0173835       -4.0173835      -14682.875                                       -14682.875
             14      -7345.4648      0.27072384     0.045038139      -4.0173835       -4.0173835      -14682.895                                       -14682.895
             13      -7345.3232      0.27076768     0.045017225      -4.0173835       -4.0173835      -14682.612                                       -14682.612
              5      -7345.0321      0.27022178     0.045123545      -4.0173835       -4.0173835      -14682.029                                       -14682.029
              2      -7345.5915      0.26993512     0.045022206      -4.0173835       -4.0173835      -14683.148                                       -14683.148
              5      -7345.6381      0.26995325     0.044997185      -4.0173835       -4.0173835      -14683.241                                       -14683.241
             10      -7345.5085      0.27028288     0.044982976      -4.0173835       -4.0173835      -14682.982                                       -14682.982
              5      -7345.2895      0.27044564     0.045116264      -4.0173835       -4.0173835      -14682.544                                       -14682.544
              3      -7345.5533      0.27058771     0.045044494      -4.0173835       -4.0173835      -14683.072                                       -14683.072
              2      -7343.4853      0.27055762     0.045245374      -4.0173835       -4.0173835      -14678.936                                       -14678.936
              6      -7344.7277      0.27102794     0.044990065      -4.0173835       -4.0173835      -14681.421                                       -14681.421
              4      -7344.7677      0.27100242     0.044989943      -4.0173835       -4.0173835      -14681.501                                       -14681.501
              5      -7345.1294      0.27094409     0.045165119      -4.0173835       -4.0173835      -14682.224                                       -14682.224
              7      -7344.5831      0.27085102     0.044956966      -4.0173835       -4.0173835      -14681.131                                       -14681.131
              2      -7345.1333      0.27077734     0.044994413      -4.0173835       -4.0173835      -14682.232                                       -14682.232
              1      -7345.5072       0.2707682     0.045071457      -4.0173835       -4.0173835       -14682.98                                        -14682.98
              3      -7345.5305      0.27029073     0.044988528      -4.0173835       -4.0173835      -14683.026                                       -14683.026
              2      -7345.3037       0.2703777     0.044963602      -4.0173835       -4.0173835      -14682.573                                       -14682.573
              7      -7343.8562      0.27032737     0.044856448      -4.0173835       -4.0173835      -14679.678                                       -14679.678
              3      -7345.4759      0.27050831     0.045092136      -4.0173835       -4.0173835      -14682.917                                       -14682.917
              2      -7345.4463      0.27079468     0.045106919      -4.0173835       -4.0173835      -14682.858                                       -14682.858
              4      -7344.8544      0.27009307      0.04512622      -4.0173835       -4.0173835      -14681.674                                       -14681.674
              2      -7343.7863       0.2701378     0.045193354      -4.0173835       -4.0173835      -14679.538                                       -14679.538
              3      -7343.2833      0.27040046     0.045240703      -4.0173835       -4.0173835      -14678.532                                       -14678.532
              1      -7345.3402      0.27086577     0.045035388      -4.0173835       -4.0173835      -14682.646                                       -14682.646
              3      -7345.3781      0.27084052     0.045123561      -4.0173835       -4.0173835      -14682.722                                       -14682.722
              2      -7345.2702      0.27067059     0.044996222      -4.0173835       -4.0173835      -14682.506                                       -14682.506
              9      -7345.1126      0.27087204     0.045004991      -4.0173835       -4.0173835       -14682.19                                        -14682.19
              2      -7344.2971      0.27090178     0.044944435      -4.0173835       -4.0173835      -14680.559                                       -14680.559
              7      -7344.4007      0.26982064     0.044836495      -4.0173835       -4.0173835      -14680.767                                       -14680.767
              7      -7344.8545      0.26982999      0.04486737      -4.0173835       -4.0173835      -14681.674                                       -14681.674
              2      -7343.4297      0.26973132     0.044779068      -4.0173835       -4.0173835      -14678.825                                       -14678.825
