#        weight    minuslogpost         Omega_m   minuslogprior minuslogprior__0            chi2 chi2__functions_and_classes.SO_x_DESI_Likelihood_sigma8_version
              1      -6368.8775      0.31520651      -3.2793674       -3.2793674      -12731.196                                                      -12731.196
              1      -6368.8783      0.31553293      -3.2802818       -3.2802818      -12731.196                                                      -12731.196
              1      -6368.8757      0.31675571      -3.2794975       -3.2794975      -12731.192                                                      -12731.192
              1      -6368.8778       0.3162649      -3.2806106       -3.2806106      -12731.194                                                      -12731.194
              1      -6368.8655      0.31789962      -3.2727476       -3.2727476      -12731.185                                                      -12731.185
              1      -6368.7902      0.32132589      -3.2177331       -3.2177331      -12731.145                                                      -12731.145
              1       -6368.737      0.32280749      -3.1777846       -3.1777846      -12731.118                                                      -12731.118
              1      -6368.5937      0.32575515      -3.0692935       -3.0692935      -12731.049                                                      -12731.049
              1         -6368.5      0.32728305      -2.9978618       -2.9978618      -12731.004                                                      -12731.004
              1      -6368.4759      0.32764553      -2.9793924       -2.9793924      -12730.993                                                      -12730.993
              1      -6368.6022      0.32560543      -3.0757347       -3.0757347      -12731.053                                                      -12731.053
              1      -6368.6544      0.32462707      -3.1153749       -3.1153749      -12731.078                                                      -12731.078
              1      -6368.6513      0.32468691      -3.1130723       -3.1130723      -12731.077                                                      -12731.077
              1      -6368.6909      0.32387142      -3.1430794       -3.1430794      -12731.096                                                      -12731.096
              1      -6368.6661      0.32439138      -3.1242881       -3.1242881      -12731.084                                                      -12731.084
              1      -6368.6337      0.32502743      -3.0996676       -3.0996676      -12731.068                                                      -12731.068
              1      -6368.6848      0.32400248      -3.1384562       -3.1384562      -12731.093                                                      -12731.093
              1      -6368.6641      0.32443344      -3.1227155       -3.1227155      -12731.083                                                      -12731.083
              3       -6368.468      0.32776102      -2.9733854       -2.9733854      -12730.989                                                      -12730.989
              1      -6368.5798      0.32599672      -3.0586899       -3.0586899      -12731.042                                                      -12731.042
              1      -6368.5968      0.32570141      -3.0716167       -3.0716167       -12731.05                                                       -12731.05
              1      -6368.4733      0.32768394      -2.9774013       -2.9774013      -12730.992                                                      -12730.992
              1      -6368.4523       0.3279889      -2.9613584       -2.9613584      -12730.982                                                      -12730.982
              1      -6368.5897       0.3258259      -3.0662148       -3.0662148      -12731.047                                                      -12731.047
              1      -6368.5807      0.32598161      -3.0593609       -3.0593609      -12731.043                                                      -12731.043
              1      -6368.6805      0.32409461      -3.1351607       -3.1351607      -12731.091                                                      -12731.091
              1      -6368.7055      0.32354934      -3.1541166       -3.1541166      -12731.103                                                      -12731.103
              1      -6368.5454      0.32657037      -3.0324714       -3.0324714      -12731.026                                                      -12731.026
              1      -6368.6419      0.32486954      -3.1059469       -3.1059469      -12731.072                                                      -12731.072
              1      -6368.7776      0.32170886       -3.208342        -3.208342      -12731.139                                                      -12731.139
              1      -6368.7689      0.32196095      -3.2018045       -3.2018045      -12731.134                                                      -12731.134
              1      -6368.7699      0.32193116      -3.2025917       -3.2025917      -12731.135                                                      -12731.135
              1      -6368.7726      0.32185636      -3.2045511       -3.2045511      -12731.136                                                      -12731.136
              1      -6368.8308      0.31985374      -3.2477636       -3.2477636      -12731.166                                                      -12731.166
              1      -6368.8375      0.31955738      -3.2526444       -3.2526444       -12731.17                                                       -12731.17
              1      -6368.8673      0.31774504      -3.2739995       -3.2739995      -12731.187                                                      -12731.187
              1      -6368.8666      0.31780516      -3.2735252       -3.2735252      -12731.186                                                      -12731.186
              1      -6368.8784      0.31586521      -3.2807262       -3.2807262      -12731.195                                                      -12731.195
              1      -6368.8646      0.31357543      -3.2677031       -3.2677031      -12731.194                                                      -12731.194
              1      -6368.8593      0.31319068      -3.2632281       -3.2632281      -12731.192                                                      -12731.192
              1      -6368.8729      0.31438307      -3.2749567       -3.2749567      -12731.196                                                      -12731.196
              1      -6368.8761      0.31487172      -3.2779376       -3.2779376      -12731.196                                                      -12731.196
              1      -6368.8762      0.31489102      -3.2780336       -3.2780336      -12731.196                                                      -12731.196
              1      -6368.8289       0.3116206      -3.2381461       -3.2381461      -12731.181                                                      -12731.181
              1      -6368.8649      0.31360318      -3.2680004       -3.2680004      -12731.194                                                      -12731.194
              1       -6368.841      0.31216133      -3.2480213       -3.2480213      -12731.186                                                      -12731.186
              1      -6368.7479      0.30903668      -3.1730159       -3.1730159       -12731.15                                                       -12731.15
              2      -6368.5741       0.3054922      -3.0354024       -3.0354024      -12731.077                                                      -12731.077
              1      -6368.1563      0.29995384      -2.7085907       -2.7085907      -12730.895                                                      -12730.895
              1      -6367.9046      0.29741376      -2.5131035       -2.5131035      -12730.783                                                      -12730.783
              1      -6368.3954      0.30282845       -2.895234        -2.895234          -12731                                                          -12731
              1      -6368.4148      0.30309039      -2.9104156       -2.9104156      -12731.009                                                      -12731.009
              1      -6368.1471      0.29985466      -2.7014955       -2.7014955      -12730.891                                                      -12730.891
              1      -6368.2368      0.30085897      -2.7713205       -2.7713205      -12730.931                                                      -12730.931
              1      -6368.5948       0.3058482      -3.0517465       -3.0517465      -12731.086                                                      -12731.086
              1      -6368.6192      0.30628403      -3.0709885       -3.0709885      -12731.096                                                      -12731.096
              1      -6368.7205      0.30836316      -3.1511635       -3.1511635      -12731.139                                                      -12731.139
              1      -6368.8072      0.31079436      -3.2205473       -3.2205473      -12731.173                                                      -12731.173
              1       -6368.844      0.31924081      -3.2574269       -3.2574269      -12731.173                                                      -12731.173
              2      -6368.8555       0.3186055      -3.2656807       -3.2656807       -12731.18                                                       -12731.18
              1      -6368.8783      0.31553123      -3.2802782       -3.2802782      -12731.196                                                      -12731.196
              1      -6368.8641      0.31800742      -3.2718116       -3.2718116      -12731.185                                                      -12731.185
              1      -6368.8364      0.31960838      -3.2518324       -3.2518324      -12731.169                                                      -12731.169
              1      -6368.7251      0.32309599      -3.1688708       -3.1688708      -12731.112                                                      -12731.112
              1      -6368.7361      0.32282948       -3.177118        -3.177118      -12731.118                                                      -12731.118
              2      -6368.8714      0.31734618      -3.2767395       -3.2767395      -12731.189                                                      -12731.189
              1      -6368.8784      0.31590246      -3.2807454       -3.2807454      -12731.195                                                      -12731.195
              1      -6368.8566      0.31853137       -3.266527        -3.266527       -12731.18                                                       -12731.18
              1      -6368.8706      0.31743192      -3.2762101       -3.2762101      -12731.189                                                      -12731.189
              1      -6368.6214      0.32525615      -3.0903749       -3.0903749      -12731.062                                                      -12731.062
              1      -6368.6454      0.32480208      -3.1085964       -3.1085964      -12731.074                                                      -12731.074
              1      -6368.4678      0.32776474      -2.9731907       -2.9731907      -12730.989                                                      -12730.989
              1      -6368.4822       0.3275521       -2.984209        -2.984209      -12730.996                                                      -12730.996
              1      -6368.5719      0.32613181      -3.0526474       -3.0526474      -12731.038                                                      -12731.038
              1      -6368.8078      0.32074024      -3.2308334       -3.2308334      -12731.154                                                      -12731.154
              1      -6368.4735      0.32767969      -2.9776218       -2.9776218      -12730.992                                                      -12730.992
              1      -6368.3956      0.32877627      -2.9180265       -2.9180265      -12730.955                                                      -12730.955
              1      -6368.6504      0.32470518      -3.1123662       -3.1123662      -12731.076                                                      -12731.076
              1      -6368.3794      0.32899404      -2.9055551       -2.9055551      -12730.948                                                      -12730.948
              1      -6368.5537        0.326434      -3.0388369       -3.0388369       -12731.03                                                       -12731.03
              1      -6368.7959       0.3211446      -3.2219512       -3.2219512      -12731.148                                                      -12731.148
              1      -6368.6216      0.30632702      -3.0728409       -3.0728409      -12731.097                                                      -12731.097
              1      -6368.5764      0.30553093       -3.037208        -3.037208      -12731.078                                                      -12731.078
              2      -6368.8099      0.31088831      -3.2227013       -3.2227013      -12731.174                                                      -12731.174
              1       -6368.836      0.31193059      -3.2439663       -3.2439663      -12731.184                                                      -12731.184
              1      -6368.8062      0.32079776      -3.2296142       -3.2296142      -12731.153                                                      -12731.153
              1      -6368.7057      0.32354443      -3.1542812       -3.1542812      -12731.103                                                      -12731.103
              1      -6368.6672      0.32437031      -3.1250731       -3.1250731      -12731.084                                                      -12731.084
              2       -6368.877      0.31648162      -3.2802511       -3.2802511      -12731.194                                                      -12731.194
              1      -6368.8615      0.31334602      -3.2651141       -3.2651141      -12731.193                                                      -12731.193
              1      -6368.8673      0.31774668      -3.2739868       -3.2739868      -12731.187                                                      -12731.187
              1      -6368.8647      0.31796653      -3.2721727       -3.2721727      -12731.185                                                      -12731.185
              1      -6368.8773      0.31513907      -3.2791194       -3.2791194      -12731.196                                                      -12731.196
              1       -6368.824      0.31142076      -3.2341678       -3.2341678       -12731.18                                                       -12731.18
              1      -6368.8519      0.31881611      -3.2631433       -3.2631433      -12731.178                                                      -12731.178
              3      -6368.8357      0.31191579      -3.2436981       -3.2436981      -12731.184                                                      -12731.184
              1      -6368.8484      0.31254237      -3.2541995       -3.2541995      -12731.188                                                      -12731.188
              1      -6368.8261      0.31150836      -3.2359336       -3.2359336       -12731.18                                                       -12731.18
              1      -6368.8308      0.31985361      -3.2477658       -3.2477658      -12731.166                                                      -12731.166
              1      -6368.0278      0.33304259      -2.6353225       -2.6353225      -12730.785                                                      -12730.785
              3      -6368.5611      0.32631145      -3.0444864       -3.0444864      -12731.033                                                      -12731.033
              1      -6368.2691      0.33038425      -2.8209742       -2.8209742      -12730.896                                                      -12730.896
              1        -6368.56       0.3263302      -3.0436264       -3.0436264      -12731.033                                                      -12731.033
              1      -6368.6054      0.32554796       -3.078181        -3.078181      -12731.054                                                      -12731.054
              1      -6368.7465      0.32256632       -3.184952        -3.184952      -12731.123                                                      -12731.123
              1      -6368.8561       0.3185666      -3.2661278       -3.2661278       -12731.18                                                       -12731.18
              1      -6368.6334      0.32503325       -3.099434        -3.099434      -12731.068                                                      -12731.068
              1      -6368.8726      0.31434534      -3.2746823       -3.2746823      -12731.196                                                      -12731.196
              1      -6368.6969      0.30782885       -3.132394        -3.132394      -12731.129                                                      -12731.129
              1      -6368.5086      0.30444194      -2.9839024       -2.9839024      -12731.049                                                      -12731.049
              1      -6368.4142      0.30308147      -2.9099032       -2.9099032      -12731.009                                                      -12731.009
              1      -6368.2532      0.30105051      -2.7841281       -2.7841281      -12730.938                                                      -12730.938
              1      -6368.7247      0.30846084      -3.1544578       -3.1544578       -12731.14                                                       -12731.14
              1      -6368.8783       0.3155775      -3.2803699       -3.2803699      -12731.196                                                      -12731.196
              1      -6368.6731      0.30732585      -3.1135646       -3.1135646      -12731.119                                                      -12731.119
              1      -6368.8042      0.31069072      -3.2181254       -3.2181254      -12731.172                                                      -12731.172
              1      -6368.8716      0.31731346      -3.2769328       -3.2769328      -12731.189                                                      -12731.189
              1      -6368.7007      0.30791332      -3.1354455       -3.1354455      -12731.131                                                      -12731.131
              1      -6368.8633      0.31807356      -3.2712118       -3.2712118      -12731.184                                                      -12731.184
              1      -6368.8765      0.31494699      -3.2783025       -3.2783025      -12731.196                                                      -12731.196
              2      -6368.3386      0.30209016      -2.8508027       -2.8508027      -12730.976                                                      -12730.976
              2      -6367.3188      0.29256469      -2.0602912       -2.0602912      -12730.517                                                      -12730.517
              1      -6367.5407      0.29427022      -2.2314701       -2.2314701      -12730.619                                                      -12730.619
              1      -6365.4935      0.28167987     -0.66327439      -0.66327439      -12729.661                                                      -12729.661
              1      -6367.5722      0.29452307       -2.255748        -2.255748      -12730.633                                                      -12730.633
              1      -6367.9153      0.29751435      -2.5213902       -2.5213902      -12730.788                                                      -12730.788
              1      -6367.2638      0.29216088      -2.0178697       -2.0178697      -12730.492                                                      -12730.492
              1      -6368.0445      0.29877848      -2.6216979       -2.6216979      -12730.846                                                      -12730.846
              1      -6368.0259      0.29859012      -2.6072019       -2.6072019      -12730.837                                                      -12730.837
              1      -6368.8784      0.31562163      -3.2804484       -3.2804484      -12731.196                                                      -12731.196
              1      -6368.8738      0.31705318      -3.2783017       -3.2783017      -12731.191                                                      -12731.191
              2      -6368.8648      0.31795824       -3.272245        -3.272245      -12731.185                                                      -12731.185
              1       -6366.187      0.28533974      -1.1917627       -1.1917627       -12729.99                                                       -12729.99
              1      -6365.1953      0.28022261     -0.43627398      -0.43627398      -12729.518                                                      -12729.518
              1      -6366.6461       0.2880379      -1.5432575       -1.5432575      -12730.206                                                      -12730.206
              1      -6367.9898      0.29823163      -2.5791781       -2.5791781      -12730.821                                                      -12730.821
              2      -6368.0789      0.29913108      -2.6484102       -2.6484102      -12730.861                                                      -12730.861
              2      -6368.7607       0.3221881       -3.195672        -3.195672       -12731.13                                                       -12731.13
              1      -6368.6475      0.32476169      -3.1101726       -3.1101726      -12731.075                                                      -12731.075
              1      -6368.2549      0.33055381      -2.8100699       -2.8100699       -12730.89                                                       -12730.89
              2      -6368.8239      0.32013977      -3.2426827       -3.2426827      -12731.162                                                      -12731.162
              1      -6368.5289      0.32683453      -3.0199065       -3.0199065      -12731.018                                                      -12731.018
              1      -6367.9931      0.33339196      -2.6085881       -2.6085881      -12730.769                                                      -12730.769
              1      -6368.8615      0.31820665      -3.2699459       -3.2699459      -12731.183                                                      -12731.183
              1      -6368.8608      0.31825923       -3.269424        -3.269424      -12731.183                                                      -12731.183
              1      -6368.6524      0.30690987      -3.0971433       -3.0971433       -12731.11                                                       -12731.11
              2      -6368.8326      0.31977405      -3.2491145       -3.2491145      -12731.167                                                      -12731.167
              1      -6368.8573      0.31306211      -3.2615861       -3.2615861      -12731.191                                                      -12731.191
              1      -6368.3789       0.3290001      -2.9052051       -2.9052051      -12730.947                                                      -12730.947
              1      -6368.5643      0.32625879      -3.0468939       -3.0468939      -12731.035                                                      -12731.035
              2      -6368.1289      0.33198215       -2.713146        -2.713146      -12730.831                                                      -12730.831
              1      -6367.8471      0.33479331      -2.4959029       -2.4959029      -12730.702                                                      -12730.702
              3      -6367.8146      0.33509265      -2.4707014       -2.4707014      -12730.688                                                      -12730.688
              1      -6367.9747      0.33357483      -2.5943784       -2.5943784      -12730.761                                                      -12730.761
              1      -6368.1068      0.33221927      -2.6961786       -2.6961786      -12730.821                                                      -12730.821
              1      -6367.8135      0.33510242      -2.4698721       -2.4698721      -12730.687                                                      -12730.687
              1      -6368.3412      0.32949115      -2.8762976       -2.8762976       -12730.93                                                       -12730.93
              1      -6368.8206      0.31128691      -3.2314039       -3.2314039      -12731.178                                                      -12731.178
              1      -6368.8335       0.3118189      -3.2419185       -3.2419185      -12731.183                                                      -12731.183
              1      -6368.8776      0.31523324      -3.2794601       -3.2794601      -12731.196                                                      -12731.196
              1      -6368.4852      0.32750774      -2.9864821       -2.9864821      -12730.997                                                      -12730.997
              2      -6368.6257       0.3251775      -3.0935966       -3.0935966      -12731.064                                                      -12731.064
              2      -6368.7029      0.32360732      -3.1521636       -3.1521636      -12731.102                                                      -12731.102
              1      -6368.7633      0.32211842      -3.1975774       -3.1975774      -12731.131                                                      -12731.131
              1      -6368.6549      0.30696057      -3.0991859       -3.0991859      -12731.112                                                      -12731.112
              1      -6368.8717      0.31730293      -3.2769941       -3.2769941      -12731.189                                                      -12731.189
              5      -6368.8488      0.31898888      -3.2609146       -3.2609146      -12731.176                                                      -12731.176
              1       -6367.609      0.33688099      -2.3118427       -2.3118427      -12730.594                                                      -12730.594
              2      -6367.3286      0.33910239      -2.0947208       -2.0947208      -12730.468                                                      -12730.468
              1       -6367.129      0.34056338      -1.9399673       -1.9399673      -12730.378                                                      -12730.378
              2      -6367.9427      0.33388779      -2.5697153       -2.5697153      -12730.746                                                      -12730.746
              2      -6368.8586      0.31840289      -3.2679357       -3.2679357      -12731.181                                                      -12731.181
              1       -6367.962      0.29796051      -2.5576042       -2.5576042      -12730.809                                                      -12730.809
              1      -6367.1639      0.29144535      -1.9409198       -1.9409198      -12730.446                                                      -12730.446
              2      -6368.8739      0.31451264      -3.2758504       -3.2758504      -12731.196                                                      -12731.196
              4      -6368.7285      0.30855161      -3.1574811       -3.1574811      -12731.142                                                      -12731.142
              1      -6368.8768      0.31502182      -3.2786402       -3.2786402      -12731.196                                                      -12731.196
              1      -6368.7609      0.32218394      -3.1957863       -3.1957863       -12731.13                                                       -12731.13
              1      -6368.2151      0.33101854      -2.7795301       -2.7795301      -12730.871                                                      -12730.871
              1      -6368.6152      0.30621053      -3.0678025       -3.0678025      -12731.095                                                      -12731.095
              2      -6368.8762      0.31488196      -3.2779887       -3.2779887      -12731.196                                                      -12731.196
              3      -6368.7057      0.30802513      -3.1394366       -3.1394366      -12731.133                                                      -12731.133
              1      -6368.7702      0.32192498      -3.2027546       -3.2027546      -12731.135                                                      -12731.135
              1      -6368.1546      0.33170127      -2.7329221       -2.7329221      -12730.843                                                      -12730.843
              1      -6368.8654      0.31790911      -3.2726672       -3.2726672      -12731.185                                                      -12731.185
              2      -6368.8776      0.31632683      -3.2805292       -3.2805292      -12731.194                                                      -12731.194
              1      -6366.6834      0.34355153      -1.5939066       -1.5939066      -12730.179                                                      -12730.179
              4      -6367.1452      0.34044761      -1.9525764       -1.9525764      -12730.385                                                      -12730.385
              1      -6367.8937      0.33435698      -2.5319246       -2.5319246      -12730.724                                                      -12730.724
              1      -6368.1881      0.33132695      -2.7587324       -2.7587324      -12730.859                                                      -12730.859
              1      -6368.0939      0.33235619      -2.6862666       -2.6862666      -12730.815                                                      -12730.815
              1      -6368.2859      0.33018133      -2.8338552       -2.8338552      -12730.904                                                      -12730.904
              1      -6368.1462        0.331793      -2.7265026       -2.7265026      -12730.839                                                      -12730.839
              1      -6368.3835      0.30266945        -2.88587         -2.88587      -12730.995                                                      -12730.995
              1      -6368.3783      0.30260142      -2.8818287       -2.8818287      -12730.993                                                      -12730.993
              1      -6368.7746      0.30976228      -3.1943017       -3.1943017      -12731.161                                                      -12731.161
              2      -6367.8375      0.29679574      -2.4612032       -2.4612032      -12730.753                                                      -12730.753
              2       -6367.699      0.29557582      -2.3537731       -2.3537731       -12730.69                                                       -12730.69
              1      -6367.0016      0.29032674      -1.8160634       -1.8160634      -12730.371                                                      -12730.371
              1      -6368.8639      0.31352575      -3.2671622       -3.2671622      -12731.194                                                      -12731.194
              1      -6368.8385       0.3195067      -3.2534399       -3.2534399       -12731.17                                                       -12731.17
              2       -6368.102      0.33227102       -2.692442        -2.692442      -12730.819                                                      -12730.819
              1      -6368.7162      0.32330629      -3.1621402       -3.1621402      -12731.108                                                      -12731.108
              1      -6368.4022      0.30291903      -2.9005184       -2.9005184      -12731.003                                                      -12731.003
              1      -6368.6616      0.30709213      -3.1044329       -3.1044329      -12731.114                                                      -12731.114
              1      -6368.4537      0.30363199      -2.9408386       -2.9408386      -12731.026                                                      -12731.026
              1      -6368.7663      0.32203397       -3.199858        -3.199858      -12731.133                                                      -12731.133
              2      -6368.8745      0.31694104      -3.2787986       -3.2787986      -12731.191                                                      -12731.191
              1      -6368.8783      0.31600724      -3.2807664       -3.2807664      -12731.195                                                      -12731.195
              4      -6368.3584      0.30234345       -2.866319        -2.866319      -12730.984                                                      -12730.984
              2      -6368.8669      0.31777893      -3.2737341       -3.2737341      -12731.186                                                      -12731.186
              2      -6368.8416      0.31935997       -3.255679        -3.255679      -12731.172                                                      -12731.172
              1      -6368.5133      0.32707908      -3.0079975       -3.0079975      -12731.011                                                      -12731.011
              1      -6367.7142      0.33598554      -2.3931625       -2.3931625      -12730.642                                                      -12730.642
              3      -6367.5383      0.33746134      -2.2572354       -2.2572354      -12730.562                                                      -12730.562
              1      -6365.6774      0.34933985      -0.8106648       -0.8106648      -12729.734                                                      -12729.734
              3      -6368.5971      0.32569612      -3.0718451       -3.0718451       -12731.05                                                       -12731.05
              6      -6368.5074      0.32717004      -3.0035005       -3.0035005      -12731.008                                                      -12731.008
              2      -6368.5506      0.32648471      -3.0364797       -3.0364797      -12731.028                                                      -12731.028
              1      -6368.7576      0.32227232      -3.1933399       -3.1933399      -12731.129                                                      -12731.129
              4      -6365.7658      0.34887151     -0.87957469      -0.87957469      -12729.772                                                      -12729.772
              1      -6367.1725      0.34025212      -1.9737323       -1.9737323      -12730.398                                                      -12730.398
              1      -6367.7881      0.33533174      -2.4502865       -2.4502865      -12730.676                                                      -12730.676
              1      -6368.0138      0.33318415      -2.6245556       -2.6245556      -12730.778                                                      -12730.778
              1      -6368.7153      0.32332791       -3.161437        -3.161437      -12731.108                                                      -12731.108
              1      -6367.1491      0.34042025      -1.9555471       -1.9555471      -12730.387                                                      -12730.387
              1       -6368.313      0.32984777      -2.8546316       -2.8546316      -12730.917                                                      -12730.917
              2      -6368.2921       0.3015145       -2.814478        -2.814478      -12730.955                                                      -12730.955
              1       -6368.761      0.32218128      -3.1958595       -3.1958595       -12731.13                                                       -12731.13
              1      -6368.6114      0.32544042      -3.0827189       -3.0827189      -12731.057                                                      -12731.057
              1      -6368.7768      0.32173244      -3.2077425       -3.2077425      -12731.138                                                      -12731.138
              4      -6368.6385       0.3249361      -3.1033133       -3.1033133       -12731.07                                                       -12731.07
              1      -6368.8525      0.31878629      -3.2635145       -3.2635145      -12731.178                                                      -12731.178
              4      -6368.2141       0.3310309      -2.7787042       -2.7787042      -12730.871                                                      -12730.871
              2      -6368.4904      0.32742955      -2.9904674       -2.9904674          -12731                                                          -12731
              2      -6368.8784      0.31572534      -3.2805989       -3.2805989      -12731.196                                                      -12731.196
              3      -6368.7086      0.32348111      -3.1563953       -3.1563953      -12731.104                                                      -12731.104
              5      -6368.8566      0.31853334      -3.2665048       -3.2665048       -12731.18                                                       -12731.18
              2      -6368.7342      0.30869009      -3.1620225       -3.1620225      -12731.144                                                      -12731.144
              1      -6368.8465      0.31911367      -3.2592223       -3.2592223      -12731.175                                                      -12731.175
              1      -6368.6094      0.30610561      -3.0632131       -3.0632131      -12731.092                                                      -12731.092
              2      -6368.8774      0.31515853       -3.279193        -3.279193      -12731.196                                                      -12731.196
              2       -6368.594      0.30583354      -3.0510843       -3.0510843      -12731.086                                                      -12731.086
              1      -6368.6701      0.32431104        -3.12727         -3.12727      -12731.086                                                      -12731.086
              1      -6368.6796       0.3241142      -3.1344549       -3.1344549       -12731.09                                                       -12731.09
              1      -6368.1045      0.33224328      -2.6944461       -2.6944461       -12730.82                                                       -12730.82
              4      -6367.8114      0.33512155      -2.4682473       -2.4682473      -12730.686                                                      -12730.686
              2      -6368.5678      0.32619988      -3.0495718       -3.0495718      -12731.036                                                      -12731.036
              3       -6368.737      0.32280817       -3.177764        -3.177764      -12731.118                                                      -12731.118
              7      -6365.7274      0.34907534      -0.8497039       -0.8497039      -12729.755                                                      -12729.755
              2       -6366.257      0.34613902      -1.2621876       -1.2621876       -12729.99                                                       -12729.99
              3      -6362.8073      0.36205675       1.4330658        1.4330658      -12728.481                                                      -12728.481
              1      -6362.7382      0.36232165       1.4874446        1.4874446      -12728.451                                                      -12728.451
              2      -6368.2397      0.30089236       -2.773565        -2.773565      -12730.932                                                      -12730.932
              1      -6368.7434      0.30892143      -3.1694194       -3.1694194      -12731.148                                                      -12731.148
              1      -6368.3512      0.30225037      -2.8606504       -2.8606504      -12730.981                                                      -12730.981
              1      -6367.9929      0.29826285      -2.5816414       -2.5816414      -12730.823                                                      -12730.823
              2      -6368.4325      0.30333397      -2.9242594       -2.9242594      -12731.017                                                      -12731.017
              3      -6368.5838      0.32592748      -3.0617557       -3.0617557      -12731.044                                                      -12731.044
              1      -6368.7451      0.30896485      -3.1707814       -3.1707814      -12731.149                                                      -12731.149
              2      -6368.2631      0.33045651      -2.8163431       -2.8163431      -12730.894                                                      -12730.894
              1      -6368.7422      0.32267589      -3.1817278       -3.1817278      -12731.121                                                      -12731.121
              1      -6368.8061      0.32080155      -3.2295334       -3.2295334      -12731.153                                                      -12731.153
              1      -6368.8545      0.31288563      -3.2592126       -3.2592126      -12731.191                                                      -12731.191
              1      -6368.8041      0.31068813      -3.2180644       -3.2180644      -12731.172                                                      -12731.172
              4      -6368.7468      0.30900624      -3.1720717       -3.1720717      -12731.149                                                      -12731.149
              1      -6368.7863      0.32144796      -3.2148103       -3.2148103      -12731.143                                                      -12731.143
              2      -6368.0621      0.33269089       -2.661687        -2.661687      -12730.801                                                      -12730.801
              2      -6368.1968      0.33122874      -2.7654013       -2.7654013      -12730.863                                                      -12730.863
              1      -6368.4516      0.30360196      -2.9391859       -2.9391859      -12731.025                                                      -12731.025
              3      -6368.7818       0.3099739       -3.200069        -3.200069      -12731.163                                                      -12731.163
              1      -6368.3148      0.30179236      -2.8321956       -2.8321956      -12730.965                                                      -12730.965
              2      -6368.0501      0.29883557      -2.6260606       -2.6260606      -12730.848                                                      -12730.848
              1      -6368.3497      0.30223068      -2.8594459       -2.8594459       -12730.98                                                       -12730.98
              1      -6368.8002      0.31055481      -3.2148776       -3.2148776      -12731.171                                                      -12731.171
              1      -6367.7017      0.33609356       -2.383542        -2.383542      -12730.636                                                      -12730.636
              1      -6368.8714       0.3142088      -3.2736368       -3.2736368      -12731.196                                                      -12731.196
              1      -6368.7944      0.32119346      -3.2208288       -3.2208288      -12731.147                                                      -12731.147
              2      -6368.7515      0.30912938      -3.1758656       -3.1758656      -12731.151                                                      -12731.151
              2      -6366.9938      0.34150612      -1.8350733       -1.8350733      -12730.317                                                      -12730.317
              2      -6368.0019      0.33330393      -2.6153751       -2.6153751      -12730.773                                                      -12730.773
              1      -6368.8514      0.31270327      -3.2566144       -3.2566144      -12731.189                                                      -12731.189
              1      -6368.8487      0.31255483      -3.2543905       -3.2543905      -12731.189                                                      -12731.189
              1      -6368.4114      0.32856149        -2.93012         -2.93012      -12730.963                                                      -12730.963
              1      -6367.7809      0.33539612      -2.4447459       -2.4447459      -12730.672                                                      -12730.672
              1      -6368.6378      0.32494865      -3.1028146       -3.1028146       -12731.07                                                       -12731.07
              1      -6368.2469      0.33064894      -2.8038964       -2.8038964      -12730.886                                                      -12730.886
              1      -6367.6969      0.33613541      -2.3798002       -2.3798002      -12730.634                                                      -12730.634
              1      -6367.7459      0.33570774      -2.4176669       -2.4176669      -12730.656                                                      -12730.656
              1       -6366.923      0.34198707      -1.7800382       -1.7800382      -12730.286                                                      -12730.286
              1      -6368.4654      0.32779922      -2.9713854       -2.9713854      -12730.988                                                      -12730.988
              2      -6368.0581      0.33273223      -2.6586163       -2.6586163      -12730.799                                                      -12730.799
              1      -6368.3956      0.32877677      -2.9179979       -2.9179979      -12730.955                                                      -12730.955
              2      -6368.7597       0.3093478      -3.1824291       -3.1824291      -12731.155                                                      -12731.155
              1      -6368.7754      0.32177543      -3.2066429       -3.2066429      -12731.137                                                      -12731.137
              2      -6367.6173      0.33681196       -2.318238        -2.318238      -12730.598                                                      -12730.598
              1      -6368.6296      0.32510381      -3.0965901       -3.0965901      -12731.066                                                      -12731.066
              5      -6367.9805      0.29814096      -2.5719988       -2.5719988      -12730.817                                                      -12730.817
              1      -6368.4363      0.30338709      -2.9272433       -2.9272433      -12731.018                                                      -12731.018
              1      -6368.4627      0.30376128      -2.9479081       -2.9479081       -12731.03                                                       -12731.03
              2      -6368.8021      0.31061808      -3.2163998       -3.2163998      -12731.171                                                      -12731.171
              1      -6368.8446      0.31234081      -3.2510117       -3.2510117      -12731.187                                                      -12731.187
              1      -6368.5063      0.32718669       -3.002673        -3.002673      -12731.007                                                      -12731.007
              2      -6368.8487      0.31899441       -3.260841        -3.260841      -12731.176                                                      -12731.176
              1      -6368.4619      0.32784931      -2.9687529       -2.9687529      -12730.986                                                      -12730.986
              3       -6368.465      0.30379429      -2.9497014       -2.9497014      -12731.031                                                      -12731.031
              1      -6368.1455      0.33180059      -2.7259695       -2.7259695      -12730.839                                                      -12730.839
              6      -6368.4435      0.32811485      -2.9546119       -2.9546119      -12730.978                                                      -12730.978
              5      -6368.6428      0.32485285      -3.1066045       -3.1066045      -12731.072                                                      -12731.072
              4      -6368.1726      0.33150163      -2.7467655       -2.7467655      -12730.852                                                      -12730.852
              1      -6368.1006      0.33228566      -2.6913829       -2.6913829      -12730.818                                                      -12730.818
              1      -6367.2124      0.33996404      -2.0045996       -2.0045996      -12730.416                                                      -12730.416
              1       -6366.825      0.34263801      -1.7039141       -1.7039141      -12730.242                                                      -12730.242
              1      -6368.0799       0.3325045      -2.6754367       -2.6754367      -12730.809                                                      -12730.809
              1      -6367.4833      0.33790485      -2.2144943       -2.2144943      -12730.538                                                      -12730.538
              4      -6368.4868      0.32748216      -2.9877886       -2.9877886      -12730.998                                                      -12730.998
              3      -6368.7945      0.32118841      -3.2209452       -3.2209452      -12731.147                                                      -12731.147
              1      -6368.7149      0.32333624      -3.1611655       -3.1611655      -12731.107                                                      -12731.107
              2      -6368.5874      0.32586495       -3.064506        -3.064506      -12731.046                                                      -12731.046
              1      -6368.6171      0.32533594      -3.0870781       -3.0870781       -12731.06                                                       -12731.06
              2      -6367.9577      0.29791939       -2.554303        -2.554303      -12730.807                                                      -12730.807
              1      -6368.6005      0.30594741       -3.056201        -3.056201      -12731.089                                                      -12731.089
              5      -6368.6757      0.32419515      -3.1315209       -3.1315209      -12731.088                                                      -12731.088
              1      -6368.6086      0.32549139      -3.0805744       -3.0805744      -12731.056                                                      -12731.056
              1      -6368.8666      0.31780834      -3.2734996       -3.2734996      -12731.186                                                      -12731.186
              4        -6368.15      0.29988565      -2.7037172       -2.7037172      -12730.893                                                      -12730.893
              1      -6368.2572      0.30109799      -2.7872777       -2.7872777       -12730.94                                                       -12730.94
              1      -6368.7469      0.32255584      -3.1852576       -3.1852576      -12731.123                                                      -12731.123
              1      -6367.1832      0.29158192      -1.9557825       -1.9557825      -12730.455                                                      -12730.455
              2      -6368.8526      0.31277406      -3.2576405       -3.2576405       -12731.19                                                       -12731.19
              2       -6368.851      0.31268385       -3.256329        -3.256329      -12731.189                                                      -12731.189
              1      -6368.7041      0.32358157      -3.1530328       -3.1530328      -12731.102                                                      -12731.102
              1      -6368.8426      0.31931215       -3.256388        -3.256388      -12731.172                                                      -12731.172
              1       -6368.791      0.31025907      -3.2075259       -3.2075259      -12731.167                                                      -12731.167
              1      -6368.8566      0.31301381      -3.2609502       -3.2609502      -12731.191                                                      -12731.191
              2       -6368.828      0.31158356      -3.2374223       -3.2374223      -12731.181                                                      -12731.181
              2       -6368.759      0.32223562      -3.1943601       -3.1943601      -12731.129                                                      -12731.129
              1      -6368.5238       0.3269156      -3.0159881       -3.0159881      -12731.016                                                      -12731.016
              2      -6368.8625      0.31813366      -3.2706499       -3.2706499      -12731.184                                                      -12731.184
              1      -6368.5387      0.30491206      -3.0075613       -3.0075613      -12731.062                                                      -12731.062
              1      -6368.6273      0.30643205      -3.0773318       -3.0773318        -12731.1                                                        -12731.1
              1      -6368.5804      0.30559892      -3.0403612       -3.0403612       -12731.08                                                       -12731.08
              4      -6368.6509      0.32469565      -3.1127347       -3.1127347      -12731.076                                                      -12731.076
              1      -6368.7362      0.32282729      -3.1771847       -3.1771847      -12731.118                                                      -12731.118
              1      -6368.8652      0.31362888      -3.2682728       -3.2682728      -12731.194                                                      -12731.194
              1      -6368.6402      0.32490336      -3.1046116       -3.1046116      -12731.071                                                      -12731.071
              2       -6367.731      0.33583829      -2.4061942       -2.4061942       -12730.65                                                       -12730.65
              1      -6368.5316      0.32679159      -3.0219701       -3.0219701      -12731.019                                                      -12731.019
              2      -6368.5849      0.32590941      -3.0625523       -3.0625523      -12731.045                                                      -12731.045
              1       -6368.639      0.30665207      -3.0865803       -3.0865803      -12731.105                                                      -12731.105
              1      -6368.8588      0.31316128      -3.2628592       -3.2628592      -12731.192                                                      -12731.192
              2      -6368.8739      0.31702679      -3.2784237       -3.2784237      -12731.191                                                      -12731.191
              1      -6368.6784      0.30743445      -3.1177252       -3.1177252      -12731.121                                                      -12731.121
              2      -6368.3443      0.32945204       -2.878639        -2.878639      -12730.931                                                      -12730.931
              2      -6368.6735      0.30733354      -3.1138609       -3.1138609      -12731.119                                                      -12731.119
              1      -6368.8702      0.31746716      -3.2759831       -3.2759831      -12731.188                                                      -12731.188
              1      -6368.4743       0.3039294      -2.9569901       -2.9569901      -12731.035                                                      -12731.035
              1      -6368.8267      0.31152925      -3.2363497       -3.2363497      -12731.181                                                      -12731.181
              1       -6368.531      0.32680143      -3.0214981       -3.0214981      -12731.019                                                      -12731.019
              3      -6365.8169      0.34859768     -0.91941438      -0.91941438      -12729.795                                                      -12729.795
              2      -6363.5551      0.35910243      0.84772185       0.84772185      -12728.806                                                      -12728.806
              3      -6368.1188       0.3320911       -2.705381        -2.705381      -12730.827                                                      -12730.827
              2      -6368.8539      0.31870223      -3.2645398       -3.2645398      -12731.179                                                      -12731.179
              3      -6367.9217      0.29757491      -2.5263577       -2.5263577      -12730.791                                                      -12730.791
              2       -6368.643      0.32484948      -3.1067372       -3.1067372      -12731.072                                                      -12731.072
              1      -6368.7469      0.30900937       -3.172169        -3.172169      -12731.149                                                      -12731.149
              1      -6368.5619      0.32629913      -3.0450508       -3.0450508      -12731.034                                                      -12731.034
              3      -6368.3877      0.30272565      -2.8891921       -2.8891921      -12730.997                                                      -12730.997
              3      -6366.7472      0.28866819      -1.6207041       -1.6207041      -12730.253                                                      -12730.253
              2      -6367.8446      0.29685857       -2.466557        -2.466557      -12730.756                                                      -12730.756
              5      -6368.8406      0.31214529      -3.2477469       -3.2477469      -12731.186                                                      -12731.186
              1      -6366.9745      0.29014545      -1.7953045       -1.7953045      -12730.358                                                      -12730.358
              1      -6368.8676       0.3177228      -3.2741709       -3.2741709      -12731.187                                                      -12731.187
              2      -6368.7077      0.32349942      -3.1557858       -3.1557858      -12731.104                                                      -12731.104
              1      -6368.8567       0.3185272      -3.2665738       -3.2665738       -12731.18                                                       -12731.18
              1      -6368.8083      0.32072399      -3.2311754       -3.2311754      -12731.154                                                      -12731.154
              1      -6368.5956      0.32572249      -3.0707069       -3.0707069       -12731.05                                                       -12731.05
              1      -6367.0956      0.34079982      -1.9140303       -1.9140303      -12730.363                                                      -12730.363
              1      -6367.8364       0.3348921      -2.4876299       -2.4876299      -12730.698                                                      -12730.698
              1      -6368.6148      0.32537842      -3.0853115       -3.0853115      -12731.059                                                      -12731.059
              1      -6368.3211      0.32974545      -2.8609057       -2.8609057       -12730.92                                                       -12730.92
              1      -6368.8165      0.31112952       -3.228052        -3.228052      -12731.177                                                      -12731.177
              1      -6368.8369      0.31197143      -3.2447012       -3.2447012      -12731.184                                                      -12731.184
              1      -6368.5816      0.32596511      -3.0600923       -3.0600923      -12731.043                                                      -12731.043
              1      -6368.6671      0.32437226      -3.1250005       -3.1250005      -12731.084                                                      -12731.084
              1      -6368.1995      0.33119758      -2.7675075       -2.7675075      -12730.864                                                      -12730.864
              2      -6368.8555      0.31294753      -3.2600608       -3.2600608      -12731.191                                                      -12731.191
              5      -6367.9949        0.333374      -2.6099755       -2.6099755       -12730.77                                                       -12730.77
              1      -6368.8429      0.31929598      -3.2566255       -3.2566255      -12731.173                                                      -12731.173
              1      -6368.8581       0.3131145      -3.2622641       -3.2622641      -12731.192                                                      -12731.192
              3      -6368.7329      0.32290846      -3.1747068       -3.1747068      -12731.116                                                      -12731.116
              2      -6368.6557      0.32460013       -3.116406        -3.116406      -12731.079                                                      -12731.079
              1      -6368.6312      0.30650426      -3.0803909       -3.0803909      -12731.102                                                      -12731.102
              1       -6368.541      0.30494939      -3.0093976       -3.0093976      -12731.063                                                      -12731.063
              2       -6368.263      0.30116577      -2.7917565       -2.7917565      -12730.943                                                      -12730.943
