#        weight    minuslogpost         Omega_m   minuslogprior minuslogprior__0            chi2 chi2__functions_and_classes.SO_x_DESI_Likelihood_w_emulator
              1       44199.047      0.32631146      -2.6848799       -2.6848799       88403.464                                                   88403.464
              2        43782.42      0.34593343      -2.0531326       -2.0531326       87568.946                                                   87568.946
              2       43594.263      0.35475013      -1.5686829       -1.5686829       87191.664                                                   87191.664
              3       43181.143        0.374093    -0.070103791     -0.070103791       86362.427                                                   86362.427
              3       43177.309      0.37427482    -0.053176903     -0.053176903       86354.724                                                   86354.724
              3       42762.206      0.39377441       2.0691461        2.0691461       85520.274                                                   85520.274
              2       42601.512      0.40136514       3.0598248        3.0598248       85196.905                                                   85196.905
              3       42577.416      0.40250563       3.2166388        3.2166388       85148.399                                                   85148.399
              2       42217.042       0.4196583        5.826093         5.826093       84422.432                                                   84422.432
              1       42198.633      0.42053926        5.972824         5.972824        84385.32                                                    84385.32
              2       41867.718      0.43649614       8.8455156        8.8455156       83717.745                                                   83717.745
              3       41521.706      0.45343778       12.341374        12.341374        83018.73                                                    83018.73
              1       41334.078      0.46275244       14.459081        14.459081       82639.238                                                   82639.238
              3       41169.501       0.4710098        16.45249         16.45249       82306.097                                                   82306.097
              1       40655.722      0.49737294       23.546973        23.546973        81264.35                                                    81264.35
              1       40433.976      0.50907071       27.051097        27.051097       80813.849                                                   80813.849
              4        40199.18      0.52169884        31.07967         31.07967         80336.2                                                     80336.2
              1       40169.387      0.52332214       31.616034        31.616034       80275.543                                                   80275.543
              1       39923.689       0.5368725       36.257788        36.257788       79774.863                                                   79774.863
              1       39862.424      0.54030272       37.479428        37.479428        79649.89                                                    79649.89
              3       39772.789      0.54536333       39.316088        39.316088       79466.946                                                   79466.946
              1       39649.316      0.55241434       41.943449        41.943449       79214.745                                                   79214.745
              1       39496.218      0.56129577       45.366072        45.366072       78901.703                                                   78901.703
              1       39162.517      0.58123607       53.510198        53.510198       78218.014                                                   78218.014
              1       38808.528       0.6034103       63.313806        63.313806       77490.429                                                   77490.429
              2       38687.886      0.61124548       66.965975        66.965975       77241.841                                                   77241.841
              1       38475.696      0.62543121       73.828199        73.828199       76803.735                                                   76803.735
              6       38323.614      0.63594745       79.123153        79.123153       76488.982                                                   76488.982
              1       38198.254      0.64486605       83.752363        83.752363       76229.002                                                   76229.002
              2       38137.704      0.64925693       86.078203        86.078203       76103.252                                                   76103.252
              1       38073.586      0.65397401       88.611204        88.611204        75969.95                                                    75969.95
              1       38034.633      0.65687302        90.18559         90.18559       75888.894                                                   75888.894
              2       38007.874      0.65887696       91.281746        91.281746       75833.185                                                   75833.185
              3        37833.22      0.67227007       98.772748        98.772748       75468.895                                                   75468.895
