#        weight    minuslogpost         Omega_m   minuslogprior minuslogprior__0            chi2 chi2__functions_and_classes.SO_x_DESI_Likelihood_sigma8_version
              2       44633.857      0.31567966      -3.2805385       -3.2805385       89274.275                                                       89274.275
              4       44630.336      0.31655756      -3.2800757       -3.2800757       89267.232                                                       89267.232
              1       44624.853      0.31792418      -3.2725388       -3.2725388       89256.252                                                       89256.252
              1       44623.137      0.31835068      -3.2684872       -3.2684872       89252.811                                                       89252.811
              3        44620.25       0.3190752      -3.2597512       -3.2597512       89247.019                                                       89247.019
              1        44619.41       0.3192828      -3.2568182       -3.2568182       89245.334                                                       89245.334
              1       44616.596      0.31998774      -3.2454285       -3.2454285       89239.683                                                       89239.683
              3        44609.11      0.32186911       -3.204219        -3.204219       89224.629                                                       89224.629
              1       44604.905      0.32294875      -3.1734663       -3.1734663       89216.157                                                       89216.157
              2       44596.784      0.32497872      -3.1016168       -3.1016168       89199.772                                                       89199.772
              1       44592.059      0.32617482      -3.0507065       -3.0507065        89190.22                                                        89190.22
              1       44585.402      0.32785802      -2.9682939       -2.9682939        89176.74                                                        89176.74
              1       44577.152      0.32995602      -2.8479432       -2.8479432           89160                                                           89160
              1       44567.144      0.33250397      -2.6754752       -2.6754752       89139.638                                                       89139.638
              1       44565.793      0.33284561      -2.6501561       -2.6501561       89136.887                                                       89136.887
              2       44559.577      0.33443996      -2.5251397       -2.5251397       89124.205                                                       89124.205
              1       44549.925      0.33694913      -2.3055088       -2.3055088        89104.46                                                        89104.46
              2       44536.124      0.34052009      -1.9446887       -1.9446887       89076.138                                                       89076.138
              1       44532.535       0.3414483      -1.8416202       -1.8416202       89068.753                                                       89068.753
              1        44525.78      0.34320503      -1.6360696       -1.6360696       89054.832                                                       89054.832
              1       44521.345      0.34436088      -1.4933453       -1.4933453       89045.676                                                       89045.676
              2       44516.988      0.34549942      -1.3469543       -1.3469543        89036.67                                                        89036.67
              1        44504.04      0.34889506     -0.87613382      -0.87613382       89009.832                                                       89009.832
              1       44502.233      0.34936623     -0.80675459      -0.80675459       89006.079                                                       89006.079
              1       44497.924      0.35050118     -0.63558557      -0.63558557       88997.119                                                       88997.119
              2       44498.601      0.35032414     -0.66266226      -0.66266226       88998.527                                                       88998.527
              3       44496.273      0.35093574     -0.56853168      -0.56853168       88993.682                                                       88993.682
              1       44483.002      0.35445246    0.0049927498     0.0049927498       88965.993                                                       88965.993
              1       44481.667       0.3548084     0.066104226      0.066104226       88963.201                                                       88963.201
              1       44469.995      0.35791555      0.62348574       0.62348574       88938.743                                                       88938.743
              2       44469.012      0.35817836      0.67259738       0.67259738        88936.68                                                        88936.68
              1       44464.845       0.3592927      0.88425003       0.88425003       88927.922                                                       88927.922
              2       44461.533      0.36018132       1.0569871        1.0569871       88920.952                                                       88920.952
              1       44462.021      0.36004774       1.0307975        1.0307975        88921.98                                                        88921.98
              2        44457.72      0.36120066       1.2594548        1.2594548       88912.922                                                       88912.922
              3       44457.788      0.36118417       1.2561427        1.2561427       88913.064                                                       88913.064
              1       44454.555      0.36204751       1.4311739        1.4311739       88906.247                                                       88906.247
              3       44453.876      0.36223627       1.4698835        1.4698835       88904.813                                                       88904.813
              1       44453.824      0.36224625       1.4719354        1.4719354       88904.704                                                       88904.704
              2       44452.641      0.36256406       1.5374826        1.5374826       88902.206                                                       88902.206
              1       44450.852      0.36304613       1.6377627        1.6377627       88898.428                                                       88898.428
              2       44441.024      0.36570525        2.209481         2.209481        88877.63                                                        88877.63
              1       44435.756      0.36712946       2.5286147        2.5286147       88866.454                                                       88866.454
              4       44418.616      0.37178758       3.6353548        3.6353548       88829.962                                                       88829.962
              1       44374.972      0.38385599        6.951312         6.951312       88736.042                                                       88736.042
              1       44347.784       0.3914893       9.3828651        9.3828651       88676.802                                                       88676.802
              1       44346.991      0.39171073       9.4572664        9.4572664       88675.067                                                       88675.067
              5       44345.898      0.39202283       9.5625023        9.5625023       88672.672                                                       88672.672
              3       44335.245      0.39505034       10.605803        10.605803       88649.278                                                       88649.278
              1       44325.455      0.39785665        11.60926         11.60926       88627.692                                                       88627.692
              2       44325.428      0.39786422       11.612012        11.612012       88627.632                                                       88627.632
              1       44324.778      0.39804811       11.678994        11.678994       88626.199                                                       88626.199
              2       44318.769       0.3997681       12.312776        12.312776       88612.912                                                       88612.912
              2       44295.862      0.40638147       14.872145        14.872145       88561.979                                                       88561.979
              1       44288.263      0.40859107       15.770581        15.770581       88544.986                                                       88544.986
              2       44245.878      0.42110922        21.27023         21.27023       88449.216                                                       88449.216
              2       44221.468      0.42845256       24.820518        24.820518       88393.294                                                       88393.294
              1       44213.461      0.43087957         26.0466          26.0466       88374.829                                                       88374.829
              1       44212.313      0.43122556       26.223521        26.223521       88372.178                                                       88372.178
              4       44198.001      0.43560134       28.506967        28.506967       88338.988                                                       88338.988
              1       44166.929      0.44521972       33.825316        33.825316       88266.207                                                       88266.207
              1       44167.299      0.44510755       33.760921        33.760921       88267.077                                                       88267.077
              2       44167.458      0.44505564       33.731139        33.731139       88267.454                                                       88267.454
              4       44145.433       0.4519834       37.811422        37.811422       88215.244                                                       88215.244
              2       44141.196      0.45332198       38.624404        38.624404       88205.143                                                       88205.143
              5       44141.094      0.45335461        38.64432         38.64432       88204.899                                                       88204.899
              2       44128.562      0.45734455       41.115412        41.115412       88174.893                                                       88174.893
              1       44115.449      0.46156105       43.803718        43.803718       88143.291                                                       88143.291
              4       44111.352      0.46288276       44.662665        44.662665        88133.38                                                        88133.38
              1       44098.385       0.4670844       47.444781        47.444781       88101.881                                                       88101.881
              1       44095.484      0.46802923       48.081202        48.081202       88094.806                                                       88094.806
              2       44095.703      0.46795699       48.032405        48.032405       88095.342                                                       88095.342
              2       44082.256      0.47236528       51.052791        51.052791       88062.406                                                       88062.406
              2        44073.52      0.47524889       53.075256        53.075256        88040.89                                                        88040.89
              5        44060.29      0.47965723       56.238541        56.238541       88008.103                                                       88008.103
              2       44057.576       0.4805664       56.901676        56.901676       88001.349                                                       88001.349
              1       44027.692      0.49066977       64.518186        64.518186       87926.348                                                       87926.348
              3       44018.035       0.4939898       67.120049        67.120049       87901.829                                                       87901.829
              1       44014.282      0.49528291       68.146703        68.146703        87892.27                                                        87892.27
              1        43994.48      0.50214028       73.715238        73.715238        87841.53                                                        87841.53
              1       43936.586      0.52283212       91.784849        91.784849       87689.602                                                       87689.602
              6       43881.702      0.54331368       111.54481        111.54481       87540.315                                                       87540.315
              1       43757.988      0.59324311       167.52755        167.52755        87180.92                                                        87180.92
              1       43738.662      0.60160867       177.99104        177.99104       87121.343                                                       87121.343
              1       43711.142      0.61382688       193.83224        193.83224        87034.62                                                        87034.62
              2       43705.647      0.61631052       197.13347        197.13347       87017.027                                                       87017.027
              2       43686.534      0.62505532       208.97521        208.97521       86955.117                                                       86955.117
              1        43682.54      0.62691046       211.53104        211.53104       86942.017                                                       86942.017
              2       43679.697      0.62822494       213.35127        213.35127       86932.692                                                       86932.692
              1       43670.817      0.63237791       219.15253        219.15253       86903.329                                                       86903.329
              3       43603.018      0.66586725       268.73499        268.73499       86668.566                                                       86668.566
              1       43600.687      0.66707866       270.62196        270.62196        86660.13                                                        86660.13
              1       43590.534      0.67237256       278.94458        278.94458       86623.179                                                       86623.179
              3       43571.017      0.68281129        295.7204         295.7204       86550.592                                                       86550.592
              2       43520.316      0.71148822       344.29908        344.29908       86352.033                                                       86352.033
              1        43458.61      0.75049144       416.23659        416.23659       86084.746                                                       86084.746
              3        43454.13      0.75350012        422.0667         422.0667       86064.126                                                       86064.126
              4       43446.546      0.75876092       432.35752        432.35752       86028.378                                                       86028.378
              1       43397.346      0.79553255       507.72249        507.72249       85779.247                                                       85779.247
              1       43386.524       0.8044271       526.85485        526.85485       85719.338                                                       85719.338
              2       43379.942      0.81002971       539.08668        539.08668        85681.71                                                        85681.71
              1       43360.263      0.82762941       578.41845        578.41845        85563.69                                                        85563.69
              2        43297.75      0.89803184       749.52159        749.52159       85096.457                                                       85096.457
              1       43293.049      0.90486686       767.30628        767.30628       85051.485                                                       85051.485
              1       43272.914      0.93989042       861.69536        861.69536       84822.437                                                       84822.437
              2       43267.423      0.95199401       895.58229        895.58229       84743.682                                                       84743.682
              1       43258.387      0.97981526       975.94301        975.94301       84564.889                                                       84564.889
              1       43254.714      0.99535528       1022.3272        1022.3272       84464.773                                                       84464.773
              2       43253.395      0.99866958       1032.3587        1032.3587       84442.073                                                       84442.073
              1       43248.763       1.0156071        1084.386         1084.386       84328.754                                                       84328.754
              2       43249.101       1.0123428         1074.26          1074.26       84349.681                                                       84349.681
              1       43249.651       1.0103327       1068.0478        1068.0478       84363.206                                                       84363.206
              3       43250.434       1.0076966       1059.9285        1059.9285       84381.011                                                       84381.011
              4       43248.793       1.0154609       1083.9316        1083.9316       84329.722                                                       84329.722
              1       43249.424       1.0217386       1103.5346        1103.5346       84291.778                                                       84291.778
              1       43249.637       1.0257309       1116.0926        1116.0926        84267.09                                                        84267.09
              1        43249.75       1.0309719       1132.6856        1132.6856       84234.128                                                       84234.128
              2        43249.71       1.0284333       1124.6331        1124.6331       84250.154                                                       84250.154
              2       43249.273       1.0195571       1096.7028        1096.7028       84305.141                                                       84305.141
              1       43249.806       1.0368288       1151.3729        1151.3729       84196.866                                                       84196.866
              4       43249.804        1.034343       1143.4228        1143.4228       84212.762                                                       84212.762
             12       43249.212       1.0173619       1089.8491        1089.8491       84318.725                                                       84318.725
              1       43250.044       1.0420142       1168.0451        1168.0451       84163.997                                                       84163.997
              1       43251.587       1.0040071       1048.6166        1048.6166       84405.941                                                       84405.941
             14       43251.326       1.0048157       1051.0903        1051.0903       84400.471                                                       84400.471
              7       43249.605       1.0230421       1107.6269        1107.6269       84283.956                                                       84283.956
              3       43249.232       1.0198339       1097.5686        1097.5686       84303.327                                                       84303.327
             13       43249.803       1.0338862       1141.9649        1141.9649       84215.677                                                       84215.677
             13       43249.653       1.0103254       1068.0255        1068.0255       84363.255                                                       84363.255
              1       43249.665       1.0292862       1127.3353        1127.3353        84244.66                                                        84244.66
              8       43249.884       1.0378218       1154.5565        1154.5565       84190.655                                                       84190.655
             22       43249.547        1.020494       1099.6342        1099.6342       84299.825                                                       84299.825
             13       43249.193       1.0201341       1098.5078        1098.5078        84301.37                                                        84301.37
              4       43249.083       1.0126191       1075.1153        1075.1153       84347.936                                                       84347.936
             24       43249.976       1.0415267       1166.4726        1166.4726       84167.006                                                       84167.006
              3       43249.581       1.0269654         1119.99          1119.99       84259.183                                                       84259.183
              5       43249.785       1.0351089       1145.8694        1145.8694       84207.832                                                       84207.832
              2       43250.107         1.04367       1173.3939        1173.3939       84153.425                                                       84153.425
              6       43250.536       1.0494418       1192.1347        1192.1347       84116.803                                                       84116.803
              1        43250.07       1.0427573       1170.4441        1170.4441       84159.252                                                       84159.252
              3       43248.803       1.0144149       1080.6821        1080.6821       84336.242                                                       84336.242
