#        weight    minuslogpost         Omega_m   minuslogprior minuslogprior__0            chi2 chi2__functions_and_classes.SO_x_DESI_Likelihood_original
              1        45026.86      0.31031146      -2.6848799       -2.6848799        90059.09                                                  90059.09
              2       44956.684      0.32993343      -2.0531326       -2.0531326       89917.475                                                 89917.475
              2       44925.198      0.33875013      -1.5686829       -1.5686829       89853.533                                                 89853.533
              3       44856.354        0.358093    -0.070103791     -0.070103791       89712.848                                                 89712.848
              3        44855.69      0.35827482    -0.053176903     -0.053176903       89711.486                                                 89711.486
              3         44786.7      0.37777441       2.0691461        2.0691461       89569.262                                                 89569.262
              2       44759.967      0.38536514       3.0598248        3.0598248       89513.815                                                 89513.815
              3       44755.982      0.38650563       3.2166388        3.2166388       89505.531                                                 89505.531
              1       44696.046       0.4036583        5.826093         5.826093       89380.441                                                 89380.441
              1       44697.171      0.40333501       5.7725592        5.7725592       89382.798                                                 89382.798
              1       44694.113      0.40421597       5.9188345        5.9188345       89376.388                                                 89376.388
              2       44638.893      0.42017286       8.7832724        8.7832724       89260.219                                                 89260.219
              3       44580.905       0.4371145       12.270368        12.270368       89137.269                                                 89137.269
              1       44549.312      0.44642915       14.383257        14.383257       89069.857                                                 89069.857
              3       44521.503      0.45468652       16.372394        16.372394       89010.261                                                 89010.261
              1       44433.994      0.48104965       23.453241        23.453241       88821.081                                                 88821.081
              1       44395.816      0.49274742       26.951315        26.951315       88737.729                                                 88737.729
              4       44355.086      0.50537556       30.973356        30.973356       88648.225                                                 88648.225
              1       44349.887      0.50699885        31.50888         31.50888       88636.757                                                 88636.757
              1       44306.815      0.52054922       36.143625        36.143625       88541.342                                                 88541.342
              1       44296.003      0.52397944       37.363491        37.363491       88517.279                                                 88517.279
              3       44280.133      0.52904005       39.197533        39.197533        88481.87                                                  88481.87
              1       44258.186      0.53609105       41.821247        41.821247       88432.729                                                 88432.729
              1        44230.75      0.54497249       45.239276        45.239276       88371.022                                                 88371.022
              1       44170.177      0.56491279       53.373087        53.373087       88233.607                                                 88233.607
              1       44104.499      0.58708702       63.165226        63.165226       88082.667                                                 88082.667
              2       44081.745       0.5949222       66.813342        66.813342       88029.863                                                 88029.863
              1       44041.055      0.60910793       73.668229        73.668229       87934.773                                                 87934.773
              5       44011.407      0.61962416       78.957744        78.957744       87864.899                                                 87864.899
              1        44014.98      0.61834547       78.305131        78.305131        87873.35                                                  87873.35
              1       43990.119      0.62726408       82.911481        82.911481       87814.415                                                 87814.415
              2       43977.985      0.63165496       85.226067        85.226067       87785.518                                                 87785.518
              1       43965.018      0.63637204       87.746977        87.746977       87754.541                                                 87754.541
              1       43957.102      0.63927105       89.313933        89.313933       87735.575                                                 87735.575
              2       43951.641      0.64127499       90.404952        90.404952       87722.472                                                 87722.472
              3       43915.566       0.6546681       97.861626        97.861626       87635.408                                                 87635.408
              3       43842.433       0.6826463       114.36461        114.36461       87456.137                                                 87456.137
              1       43782.498      0.70647386       129.40686        129.40686       87306.183                                                 87306.183
              5       43778.235      0.70819932       130.53141        130.53141       87295.407                                                 87295.407
              1       43775.819      0.70917873       131.17185        131.17185       87289.295                                                 87289.295
              1       43766.594      0.71294361         133.648          133.648       87265.892                                                 87265.892
              6       43731.543      0.72744702       143.39882        143.39882       87176.288                                                 87176.288
              1       43619.736      0.77614409       178.60061        178.60061        86882.27                                                  86882.27
              9         43547.3      0.80999355        205.3048         205.3048        86683.99                                                  86683.99
              1       43482.312      0.84221564        232.4283         232.4283       86499.768                                                 86499.768
              1       43475.711      0.84559585       235.36993        235.36993       86480.682                                                 86480.682
              2       43417.362      0.87649043       263.10303        263.10303       86308.517                                                 86308.517
              3       43371.701      0.90202468       287.17704        287.17704       86169.047                                                 86169.047
              1       43332.456      0.92510336       309.83342        309.83342       86045.245                                                 86045.245
              1       43302.881      0.94323829       328.23446        328.23446       85949.293                                                 85949.293
              2       43260.716      0.97046393       356.84756        356.84756       85807.738                                                 85807.738
              2       43221.754      0.99753813       386.47761        386.47761       85670.553                                                 85670.553
              1       43217.048       1.0001973       389.45112        389.45112       85655.193                                                 85655.193
              3       43189.506       1.0189326       410.72136        410.72136       85557.569                                                 85557.569
              3       43106.989       1.0858704       491.30391        491.30391        85231.37                                                  85231.37
              1       43080.761        1.109139       520.99481        520.99481       85119.533                                                 85119.533
              4        43037.55       1.1506429       576.10478        576.10478       84922.891                                                 84922.891
              3       43020.658         1.16812       600.13596        600.13596       84841.043                                                 84841.043
              3       43010.381       1.1791412       615.54152        615.54152       84789.678                                                 84789.678
              1       43004.772       1.1852738       624.19782        624.19782       84761.147                                                 84761.147
              3       43002.261       1.1880685       628.16254        628.16254       84748.197                                                 84748.197
              4       42984.799       1.2079731        656.7622         656.7622       84656.074                                                 84656.074
              3       42934.164       1.2722052       753.37643        753.37643       84361.576                                                 84361.576
              2       42889.069       1.3399135       862.36616        862.36616       84053.405                                                 84053.405
              2       42885.406       1.3459579       872.45242        872.45242       84025.908                                                 84025.908
              1        42866.45       1.3788054       928.28691        928.28691       83876.326                                                 83876.326
              1       42851.521       1.4066447       976.95997        976.95997       83749.121                                                 83749.121
              2       42828.743       1.4532418       1061.2034        1061.2034       83535.079                                                 83535.079
              1       42814.824       1.4845116       1119.6842        1119.6842        83390.28                                                  83390.28
              5         42811.8       1.4916062       1133.1702        1133.1702        83357.26                                                  83357.26
              1       42805.814       1.5060837       1160.9405        1160.9405       83289.746                                                 83289.746
              1       42801.022       1.5180525       1184.1515        1184.1515       83233.741                                                 83233.741
              3       42794.662       1.5344924       1216.4073        1216.4073       83156.509                                                 83156.509
              2       42792.281       1.5407839       1228.8658        1228.8658       83126.831                                                 83126.831
              1        42762.19       1.6316356       1415.8329        1415.8329       82692.714                                                 82692.714
              3        42759.94       1.6395415       1432.7272        1432.7272       82654.425                                                 82654.425
              2       42758.114       1.6460146       1446.6342        1446.6342        82622.96                                                  82622.96
              1       42746.869       1.6902327       1543.4276        1543.4276       82406.883                                                 82406.883
              1       42747.566       1.6872216        1536.737         1536.737       82421.658                                                 82421.658
              1       42744.777       1.6994459       1563.9892        1563.9892       82361.576                                                 82361.576
              1       42740.598       1.7192025       1608.5386        1608.5386       82264.118                                                 82264.118
              1        42732.63       1.7652213       1714.7288        1714.7288       82035.803                                                 82035.803
              7       42730.399        1.937998         2143.66          2143.66       81173.477                                                 81173.477
              1       42728.533        1.923773       2106.5411        2106.5411       81243.984                                                 81243.984
              1       42726.984       1.8156819       1835.0634        1835.0634       81783.842                                                 81783.842
              9       42727.025       1.8142241       1831.5297        1831.5297       81790.991                                                 81790.991
             16       42725.034         1.86559       1958.0876        1958.0876       81533.893                                                 81533.893
              7         42725.2       1.8740675       1979.3808        1979.3808       81491.639                                                 81491.639
              1       42725.331       1.8813628       1997.7967        1997.7967       81455.068                                                 81455.068
              4       42725.049       1.8600791       1944.3075        1944.3075       81561.484                                                 81561.484
              2       42725.326       1.8805818       1995.8211        1995.8211       81459.011                                                 81459.011
              5       42725.101       1.8699617       1969.0539        1969.0539       81512.095                                                 81512.095
              6       42725.193       1.8495156       1918.0289        1918.0289       81614.329                                                 81614.329
              3       42725.417       1.8826273       2000.9974        2000.9974       81448.839                                                 81448.839
              4       42725.067       1.8665179       1960.4128        1960.4128       81529.308                                                 81529.308
              1       42725.244       1.8491609       1917.1497        1917.1497        81616.19                                                  81616.19
              6       42725.447       1.8833836       2002.9129        2002.9129       81445.068                                                 81445.068
              8       42725.693       1.8892534       2017.8111        2017.8111       81415.763                                                 81415.763
              8       42725.111       1.8545926       1930.6366        1930.6366       81588.948                                                 81588.948
              2       42725.944       1.8305838       1871.3795        1871.3795        81709.13                                                  81709.13
              2       42726.965        1.908475       2066.9835        2066.9835       81319.963                                                 81319.963
              4       42726.179       1.8264516       1861.2736        1861.2736        81729.81                                                  81729.81
              4       42725.155       1.8727234       1975.9972        1975.9972       81498.315                                                 81498.315
              3       42725.338       1.8789991       1991.8205        1991.8205       81467.035                                                 81467.035
              1       42726.617       1.8197606       1844.9678        1844.9678       81763.299                                                 81763.299
              2       42725.412       1.8829246       2001.7503        2001.7503       81447.323                                                 81447.323
              1       42726.789        1.817369       1839.1571        1839.1571       81775.263                                                 81775.263
              3       42725.196       1.8755023       1982.9961        1982.9961       81484.399                                                 81484.399
              1       42727.475       1.8088264       1818.4757        1818.4757       81817.998                                                 81817.998
              5       42725.176       1.8718637       1973.8345        1973.8345       81502.683                                                 81502.683
              3       42725.882        1.831793       1874.3418        1874.3418       81703.081                                                 81703.081
              9       42725.855       1.8925005       2026.0762        2026.0762       81399.558                                                 81399.558
              8       42726.219       1.8986338        2041.734         2041.734        81368.97                                                  81368.97
              6       42725.143       1.8511656       1922.1217        1922.1217       81606.043                                                 81606.043
              3       42725.487       1.8405649       1895.9023        1895.9023       81659.169                                                 81659.169
              2       42727.823       1.8051661         1809.65          1809.65       81836.346                                                 81836.346
              1       42726.186        1.826309       1860.9254        1860.9254       81730.521                                                 81730.521
              1       42726.604       1.9038781       2055.1701        2055.1701       81342.867                                                 81342.867
              2       42727.732       1.8058857       1811.3835        1811.3835       81832.698                                                 81832.698
              4       42725.076       1.8618567       1948.7471        1948.7471       81552.658                                                 81552.658
             12        42725.11       1.8701494       1969.5253        1969.5253        81511.17                                                  81511.17
              2       42725.085       1.8648248       1956.1715        1956.1715       81537.827                                                 81537.827
              4       42726.018       1.8961175       2035.3029        2035.3029        81381.43                                                  81381.43
             17       42725.168       1.8708805       1971.3626        1971.3626        81507.61                                                  81507.61
             17       42725.116       1.8552261       1932.2127        1932.2127       81585.807                                                 81585.807
              6       42725.152        1.852556       1925.5742        1925.5742       81599.155                                                 81599.155
              6       42725.089       1.8568461       1936.2458        1936.2458       81577.687                                                 81577.687
              2       42725.097       1.8590329       1941.6969        1941.6969         81566.8                                                   81566.8
              1       42725.196       1.8751266       1982.0492        1982.0492       81486.294                                                 81486.294
              4       42727.913       1.9181216       2091.8841        2091.8841       81272.058                                                 81272.058
              3         42727.4       1.9132925       2079.4003        2079.4003       81295.998                                                 81295.998
              2        42727.58       1.9150496       2083.9381        2083.9381       81287.284                                                 81287.284
             10       42726.566       1.9033682       2053.8617        2053.8617       81345.408                                                 81345.408
              5       42726.225       1.8987179       2041.9492        2041.9492       81368.552                                                 81368.552
              1       42725.479       1.8412854       1897.6786        1897.6786         81655.6                                                   81655.6
              2        42725.74       1.8901438        2020.076         2020.076       81411.328                                                 81411.328
             10       42725.669       1.8887229       2016.4625        2016.4625       81418.412                                                 81418.412
              2       42726.453       1.8216817       1849.6423        1849.6423       81753.621                                                 81753.621
             21       42725.119       1.8549344       1931.4869        1931.4869       81587.264                                                 81587.264
              8       42725.099       1.8687272        1965.954         1965.954        81518.29                                                  81518.29
              8       42725.114       1.8553773       1932.5888        1932.5888       81585.051                                                 81585.051
              5       42725.792       1.8910466       2022.3736        2022.3736       81406.837                                                 81406.837
              1       42725.297       1.8807448       1996.2333        1996.2333       81458.128                                                 81458.128
              2       42725.112       1.8559113       1933.9181        1933.9181       81582.388                                                 81582.388
              4       42726.091       1.8279043       1864.8233        1864.8233       81722.535                                                 81722.535
              9       42726.875       1.9074434       2064.3296        2064.3296       81325.091                                                 81325.091
              3        42726.56       1.9032913       2053.6644        2053.6644       81345.791                                                 81345.791
             11       42726.436       1.8223495       1851.2684        1851.2684       81750.336                                                 81750.336
              3       42725.718        1.835288       1882.9176        1882.9176       81685.602                                                 81685.602
              3       42725.153       1.8726073        1975.705         1975.705       81498.896                                                 81498.896
              6       42725.111       1.8545455       1930.5194        1930.5194       81589.184                                                 81589.184
              1       42725.132       1.8540036       1929.1718        1929.1718       81591.921                                                 81591.921
              2        42725.09       1.8580286       1939.1926        1939.1926       81571.795                                                 81571.795
              9       42725.135       1.8509877       1921.6803        1921.6803       81606.909                                                 81606.909
             10       42725.608       1.8875655       2013.5216        2013.5216       81424.173                                                 81424.173
              5        42725.25       1.8766145       1985.8007        1985.8007       81478.899                                                 81478.899
              1       42725.198       1.8757545       1983.6319        1983.6319       81483.133                                                 81483.133
              2       42725.969       1.8302107       1870.4659        1870.4659       81711.007                                                 81711.007
