#        weight    minuslogpost         Omega_m   minuslogprior minuslogprior__0            chi2 chi2__functions_and_classes.SO_x_DESI_Likelihood_sigma8_version
              1       28082.188      0.31497275      -3.2784216       -3.2784216       56170.933                                                       56170.933
              1       28081.765      0.31481795      -3.2776616       -3.2776616       56170.085                                                       56170.085
              3       28081.023      0.31451466      -3.2758638       -3.2758638       56168.598                                                       56168.598
              2       28079.918      0.31404012      -3.2722307       -3.2722307       56166.381                                                       56166.381
              5       28078.316       0.3132833      -3.2643655       -3.2643655       56163.161                                                       56163.161
              1       28076.614      0.31236875      -3.2514644       -3.2514644        56159.73                                                        56159.73
              1       28074.578      0.31094917      -3.2240758       -3.2240758       56155.603                                                       56155.603
              1       28073.947      0.31035091      -3.2098504       -3.2098504       56154.313                                                       56154.313
              1       28073.121      0.30929688      -3.1809182       -3.1809182       56152.604                                                       56152.604
              1       28072.716      0.30840564      -3.1526015       -3.1526015       56151.737                                                       56151.737
              1       28073.172      0.30576289      -3.0478812       -3.0478812        56152.44                                                        56152.44
              1       28073.066      0.30597716      -3.0575281       -3.0575281       56152.246                                                       56152.246
              1       28073.667        0.305099      -3.0166957       -3.0166957       56153.367                                                       56153.367
              1       28073.779      0.30497521      -3.0106644       -3.0106644       56153.578                                                       56153.578
              1       28072.635      0.30805162      -3.1403738       -3.1403738        56151.55                                                        56151.55
              1       28072.915       0.3062378      -3.0689874       -3.0689874       56151.969                                                       56151.969
              1       28072.964      0.30612894      -3.0642379       -3.0642379       56152.056                                                       56152.056
              1       28072.806      0.30860974      -3.1593979       -3.1593979       56151.931                                                       56151.931
              2       28072.592       0.3073399      -3.1141058       -3.1141058       56151.412                                                       56151.412
              2       28073.295      0.30957171      -3.1889379       -3.1889379       56152.968                                                       56152.968
              1       28073.949       0.3103535      -3.2099154       -3.2099154       56154.318                                                       56154.318
              1        28073.71      0.31010495      -3.2035407       -3.2035407       56153.827                                                       56153.827
              1       28074.168      0.31058274      -3.2155517       -3.2155517       56154.767                                                       56154.767
              1       28072.979      0.30902773      -3.1727386       -3.1727386       56152.303                                                       56152.303
              1       28072.937      0.30894982      -3.1703109       -3.1703109       56152.214                                                       56152.214
              1       28072.693      0.30834735      -3.1506265       -3.1506265       56151.688                                                       56151.688
              1       28072.735      0.30846958      -3.1547505       -3.1547505       56151.779                                                       56151.779
              1       28072.805      0.30860621      -3.1592818       -3.1592818       56151.929                                                       56151.929
              2       28072.635      0.30713612      -3.1061702       -3.1061702       56151.483                                                       56151.483
              1       28072.655      0.30708076      -3.1039826       -3.1039826       56151.518                                                       56151.518
              1       28072.656      0.30702822      -3.1018934       -3.1018934       56151.516                                                       56151.516
              2       28072.762      0.30666602      -3.0871594       -3.0871594       56151.699                                                       56151.699
              1       28072.621      0.30739578      -3.1162495       -3.1162495       56151.475                                                       56151.475
              1       28072.695      0.30683811      -3.0942328       -3.0942328       56151.579                                                       56151.579
              2       28072.631      0.30807402      -3.1411638       -3.1411638       56151.544                                                       56151.544
              1       28072.844      0.30641563      -3.0766329       -3.0766329        56151.84                                                        56151.84
              1       28073.061      0.30598659       -3.057948        -3.057948       56152.239                                                       56152.239
              1       28072.781      0.30656874       -3.083103        -3.083103       56151.728                                                       56151.728
              1       28072.628      0.30714666      -3.1065851       -3.1065851        56151.47                                                        56151.47
              1       28072.618      0.30727692      -3.1116731       -3.1116731       56151.458                                                       56151.458
              1       28072.617      0.30797305      -3.1375845       -3.1375845       56151.509                                                       56151.509
              4       28073.216      0.30948305      -3.1863874       -3.1863874       56152.805                                                       56152.805
              2       28073.796      0.31020541      -3.2061504       -3.2061504       56154.005                                                       56154.005
              1        28074.05      0.31044856      -3.2122809       -3.2122809       56154.525                                                       56154.525
              1       28073.902       0.3103187      -3.2090396       -3.2090396       56154.221                                                       56154.221
              1       28073.674      0.31005196       -3.202146        -3.202146       56153.752                                                       56153.752
              1       28072.978      0.30907639      -3.1742413       -3.1742413       56152.305                                                       56152.305
              1        28072.83      0.30643962      -3.0776533       -3.0776533       56151.815                                                       56151.815
              2       28074.654       0.3041638      -2.9694431       -2.9694431       56155.247                                                       56155.247
              1       28075.134      0.30377938      -2.9488919       -2.9488919       56156.165                                                       56156.165
              1       28074.426      0.30434289      -2.9787926       -2.9787926       56154.809                                                       56154.809
              2       28073.176       0.3057566       -3.047595        -3.047595       56152.447                                                       56152.447
              1       28072.599      0.30768278      -3.1270418       -3.1270418       56151.452                                                       56151.452
              1        28073.07      0.30596121      -3.0568168       -3.0568168       56152.253                                                       56152.253
              1       28073.784      0.30497017      -3.0104174       -3.0104174       56153.588                                                       56153.588
              1       28073.427      0.30539425      -3.0308069       -3.0308069       56152.916                                                       56152.916
              1       28072.618       0.3074416      -3.1179971       -3.1179971       56151.473                                                       56151.473
              1       28072.729      0.30674531      -3.0904346       -3.0904346       56151.639                                                       56151.639
              1       28072.657      0.30702025      -3.1015755       -3.1015755       56151.516                                                       56151.516
              1       28072.801      0.30863712      -3.1602954       -3.1602954       56151.923                                                       56151.923
              1       28072.713      0.30839701      -3.1523099       -3.1523099       56151.731                                                       56151.731
              2       28072.737      0.30847753      -3.1550165       -3.1550165       56151.784                                                       56151.784
              1       28072.887      0.30632918      -3.0729336       -3.0729336        56151.92                                                        56151.92
              1        28072.61      0.30753058      -3.1213643       -3.1213643       56151.462                                                       56151.462
              1       28072.911      0.30628285      -3.0709378       -3.0709378       56151.963                                                       56151.963
              2       28072.616      0.30796571      -3.1373225       -3.1373225       56151.506                                                       56151.506
              1       28072.628      0.30792399       -3.135829        -3.135829       56151.527                                                       56151.527
              1       28073.034      0.30604019      -3.0603268       -3.0603268       56152.188                                                       56152.188
              2       28072.982      0.30909276      -3.1747444       -3.1747444       56152.314                                                       56152.314
              1       28072.796      0.30862228      -3.1598092       -3.1598092       56151.911                                                       56151.911
              1       28072.917      0.30623317      -3.0687867       -3.0687867       56151.972                                                       56151.972
              1        28072.92      0.30622753      -3.0685416       -3.0685416       56151.977                                                       56151.977
              1       28072.613      0.30794081      -3.1364319       -3.1364319         56151.5                                                         56151.5
              3       28073.406      0.30971652      -3.1930286       -3.1930286       56153.197                                                       56153.197
              2       28073.048      0.30601661       -3.059282        -3.059282       56152.215                                                       56152.215
              1       28072.622      0.30747959      -3.1194392       -3.1194392       56151.482                                                       56151.482
              2       28072.793      0.30653442      -3.0816618       -3.0816618        56151.75                                                        56151.75
              1       28072.755      0.30661746      -3.0851398       -3.0851398       56151.679                                                       56151.679
              1       28072.628      0.30790302      -3.1350752       -3.1350752       56151.526                                                       56151.526
              2       28073.005      0.30606925      -3.0616117       -3.0616117       56152.134                                                       56152.134
              3       28072.692       0.3082903      -3.1486788       -3.1486788       56151.682                                                       56151.682
              1       28072.925       0.3062139      -3.0679493       -3.0679493       56151.986                                                       56151.986
              2       28072.977      0.30609091      -3.0625664       -3.0625664       56152.078                                                       56152.078
              2       28072.719      0.30679787      -3.0925904       -3.0925904       56151.623                                                       56151.623
              1       28072.615      0.30724575      -3.1104624       -3.1104624       56151.451                                                       56151.451
              1       28072.593      0.30732698       -3.113608        -3.113608       56151.414                                                       56151.414
              1       28073.217       0.3094924       -3.186658        -3.186658       56152.808                                                       56152.808
              2       28073.031      0.30918435      -3.1775376       -3.1775376       56152.417                                                       56152.417
              2        28072.59      0.30767043      -3.1265849       -3.1265849       56151.433                                                       56151.433
              4       28073.293        0.305605      -3.0406419       -3.0406419       56152.668                                                       56152.668
              1        28072.72      0.30679557      -3.0924965       -3.0924965       56151.624                                                       56151.624
              2       28072.628       0.3078525      -3.1332514       -3.1332514       56151.523                                                       56151.523
              1       28072.659       0.3070617      -3.1032261       -3.1032261       56151.524                                                       56151.524
              1       28072.622      0.30716924      -3.1074726       -3.1074726       56151.458                                                       56151.458
              2       28072.669      0.30814845      -3.1437734       -3.1437734       56151.625                                                       56151.625
              3       28072.615      0.30795392      -3.1369014       -3.1369014       56151.503                                                       56151.503
              1       28072.981      0.30908114      -3.1743873       -3.1743873        56152.31                                                        56152.31
              1       28073.055      0.30921904      -3.1785856       -3.1785856       56152.468                                                       56152.468
              1       28073.338      0.30553992      -3.0376257       -3.0376257        56152.75                                                        56152.75
              1       28072.718      0.30681708      -3.0933755       -3.0933755       56151.623                                                       56151.623
              1       28072.785      0.30655865      -3.0826796       -3.0826796       56151.735                                                       56151.735
              1       28073.427      0.30539393      -3.0307917       -3.0307917       56152.917                                                       56152.917
              1       28072.672      0.30691519      -3.0973581       -3.0973581       56151.538                                                       56151.538
              2       28072.958      0.30615055      -3.0651849       -3.0651849       56152.045                                                       56152.045
              1       28072.694       0.3068404      -3.0943261       -3.0943261       56151.577                                                       56151.577
              2       28072.782      0.30656646      -3.0830073       -3.0830073        56151.73                                                        56151.73
              2       28072.781      0.30657106         -3.0832          -3.0832       56151.728                                                       56151.728
              1       28073.019      0.30913371      -3.1759979       -3.1759979        56152.39                                                        56152.39
              1       28072.629      0.30806563      -3.1408682       -3.1408682       56151.541                                                       56151.541
              1       28072.676      0.30823033      -3.1466159       -3.1466159       56151.645                                                       56151.645
              1       28072.716      0.30840596      -3.1526122       -3.1526122       56151.737                                                       56151.737
              1       28073.707      0.30504967      -3.0143004       -3.0143004       56153.443                                                       56153.443
              2       28072.628      0.30792415      -3.1358346       -3.1358346       56151.527                                                       56151.527
              1        28072.62      0.30750291      -3.1203208       -3.1203208       56151.481                                                       56151.481
              1       28072.724      0.30677878       -3.091809        -3.091809       56151.632                                                       56151.632
              2       28072.658      0.30708792      -3.1042662       -3.1042662       56151.525                                                       56151.525
              2       28072.765      0.30851109      -3.1561359       -3.1561359       56151.841                                                       56151.841
              3       28072.628      0.30720143      -3.1087337       -3.1087337       56151.473                                                       56151.473
              2       28072.591      0.30757964      -3.1232054       -3.1232054       56151.429                                                       56151.429
              1       28072.625      0.30781332      -3.1318293       -3.1318293       56151.513                                                       56151.513
              1       28072.626      0.30721815       -3.109387        -3.109387       56151.471                                                       56151.471
              1       28072.628       0.3080642      -3.1408179       -3.1408179       56151.537                                                       56151.537
              2       28072.986      0.30903876      -3.1730801       -3.1730801       56152.317                                                       56152.317
              2       28073.465      0.30982102      -3.1959226       -3.1959226       56153.321                                                       56153.321
              1       28073.092      0.30924404      -3.1793376       -3.1793376       56152.543                                                       56152.543
              1       28072.588      0.30762674      -3.1249633       -3.1249633       56151.425                                                       56151.425
              1       28072.926      0.30892459      -3.1695189       -3.1695189        56152.19                                                        56152.19
              1       28072.592      0.30734962      -3.1144797       -3.1144797       56151.412                                                       56151.412
              1       28072.673      0.30818455      -3.1450303       -3.1450303       56151.635                                                       56151.635
              1       28073.363      0.30547894      -3.0347827       -3.0347827       56152.795                                                       56152.795
              1       28073.322      0.30557449      -3.0392304       -3.0392304       56152.722                                                       56152.722
              1       28073.283      0.30562161      -3.0414087       -3.0414087       56152.649                                                       56152.649
              2       28072.971      0.30611459      -3.0636082       -3.0636082       56152.069                                                       56152.069
              1       28073.303       0.3055896      -3.0399301       -3.0399301       56152.686                                                       56152.686
              3       28073.047      0.30601809      -3.0593478       -3.0593478       56152.214                                                       56152.214
              1       28072.907      0.30626093      -3.0699901       -3.0699901       56151.954                                                       56151.954
              2       28072.909      0.30624946      -3.0694931       -3.0694931       56151.958                                                       56151.958
              1       28072.653      0.30703733      -3.1022566       -3.1022566       56151.511                                                       56151.511
              1       28072.835      0.30875571      -3.1641448       -3.1641448       56151.999                                                       56151.999
              3       28073.627      0.30998827      -3.2004533       -3.2004533       56153.655                                                       56153.655
              2       28072.617      0.30726806      -3.1113293       -3.1113293       56151.456                                                       56151.456
              1       28074.641      0.30418061      -2.9703268       -2.9703268       56155.222                                                       56155.222
              1       28073.799      0.30495077      -3.0094654       -3.0094654       56153.618                                                       56153.618
              1        28074.21      0.30454264      -2.9890528       -2.9890528       56154.399                                                       56154.399
              3       28072.963      0.30614177      -3.0648004       -3.0648004       56152.055                                                       56152.055
              1       28073.715      0.31011104      -3.2037003       -3.2037003       56153.838                                                       56153.838
              1       28073.352      0.30963955      -3.1908657       -3.1908657       56153.085                                                       56153.085
              1       28072.861      0.30881759      -3.1661286       -3.1661286       56152.054                                                       56152.054
              2       28073.758      0.30500872      -3.0123036       -3.0123036        56153.54                                                        56153.54
              1       28073.343      0.30549757      -3.0356533       -3.0356533       56152.757                                                       56152.757
              1       28072.648      0.30698422      -3.1001347       -3.1001347       56151.496                                                       56151.496
              1       28072.807      0.30648158      -3.0794325       -3.0794325       56151.773                                                       56151.773
              2       28072.741      0.30848947      -3.1554153       -3.1554153       56151.794                                                       56151.794
              2       28073.232      0.30950221      -3.1869415       -3.1869415       56152.839                                                       56152.839
              2       28072.795      0.30653078      -3.0815087       -3.0815087       56151.752                                                       56151.752
              1       28072.679      0.30688533      -3.0961506       -3.0961506        56151.55                                                        56151.55
              3       28072.991       0.3091251      -3.1757348       -3.1757348       56152.333                                                       56152.333
              1       28072.629      0.30793304      -3.1361537       -3.1361537       56151.529                                                       56151.529
              1       28072.599      0.30773001      -3.1287827       -3.1287827       56151.455                                                       56151.455
              1         28072.7      0.30682784      -3.0938143       -3.0938143       56151.587                                                       56151.587
              1       28075.319      0.30363439      -2.9409705       -2.9409705       56156.519                                                       56156.519
              4       28073.791      0.30496326      -3.0100785       -3.0100785       56153.602                                                       56153.602
              1        28073.27      0.30564821      -3.0426343       -3.0426343       56152.625                                                       56152.625
              1       28072.947      0.30897731      -3.1711706       -3.1711706       56152.236                                                       56152.236
              1       28072.825      0.30874323      -3.1637427       -3.1637427       56151.977                                                       56151.977
              1       28072.692      0.30834095      -3.1504085       -3.1504085       56151.684                                                       56151.684
              1       28072.616      0.30728849      -3.1121212       -3.1121212       56151.456                                                       56151.456
              1       28072.844      0.30641543      -3.0766242       -3.0766242        56151.84                                                        56151.84
              1       28073.283      0.30955695      -3.1885158       -3.1885158       56152.942                                                       56152.942
              1       28073.594      0.30996509      -3.1998328       -3.1998328       56153.588                                                       56153.588
              1       28072.708      0.30838008      -3.1517371       -3.1517371       56151.719                                                       56151.719
              1       28072.618      0.30747036      -3.1190894       -3.1190894       56151.474                                                       56151.474
              1       28073.212      0.30571601      -3.0457434       -3.0457434       56152.516                                                       56152.516
              1        28072.93      0.30893355      -3.1698005       -3.1698005       56152.199                                                       56152.199
              1       28073.489      0.30984981      -3.1967114       -3.1967114       56153.371                                                       56153.371
              1       28072.835      0.30644836      -3.0780248       -3.0780248       56151.826                                                       56151.826
              2       28072.604      0.30730765      -3.1128621       -3.1128621       56151.434                                                       56151.434
              2       28072.735      0.30675532      -3.0908464       -3.0908464       56151.652                                                       56151.652
              1       28073.104      0.30587334      -3.0528791       -3.0528791       56152.314                                                       56152.314
              2       28072.666      0.30813567      -3.1433274       -3.1433274       56151.618                                                       56151.618
              1       28072.741      0.30668617      -3.0879944       -3.0879944       56151.658                                                       56151.658
              2       28074.254       0.3106636       -3.217484        -3.217484       56154.943                                                       56154.943
              1       28073.887      0.31030412      -3.2086708       -3.2086708       56154.191                                                       56154.191
              1       28073.145      0.30932956      -3.1818893       -3.1818893       56152.655                                                       56152.655
              1       28073.561      0.30525185      -3.0240496       -3.0240496       56153.169                                                       56153.169
              1        28072.91      0.30625486      -3.0697273       -3.0697273        56151.96                                                        56151.96
              1       28072.624      0.30742118      -3.1172195       -3.1172195       56151.482                                                       56151.482
              1       28072.597      0.30770576      -3.1278902       -3.1278902       56151.451                                                       56151.451
              3       28072.723      0.30845107      -3.1541301       -3.1541301       56151.755                                                       56151.755
              2       28072.806      0.30869354      -3.1621347       -3.1621347       56151.936                                                       56151.936
              2       28072.692      0.30684746      -3.0946133       -3.0946133       56151.574                                                       56151.574
              1       28073.113      0.30928529      -3.1805726       -3.1805726       56152.588                                                       56152.588
              2       28073.425       0.3097438      -3.1937887       -3.1937887       56153.238                                                       56153.238
              1       28073.038      0.30919709       -3.177923        -3.177923       56152.431                                                       56152.431
              1       28072.862      0.30881995      -3.1662039       -3.1662039       56152.056                                                       56152.056
              2        28072.72       0.3084399      -3.1537552       -3.1537552       56151.748                                                       56151.748
              1       28072.611      0.30751422      -3.1207478       -3.1207478       56151.463                                                       56151.463
              1       28072.987      0.30904029      -3.1731275       -3.1731275        56152.32                                                        56152.32
              1       28072.986      0.30911598      -3.1754561       -3.1754561       56152.323                                                       56152.323
              3       28072.638      0.30712472      -3.1057207       -3.1057207       56151.487                                                       56151.487
              1        28073.07      0.30595991      -3.0567589       -3.0567589       56152.254                                                       56152.254
              3       28072.812      0.30646648      -3.0787934       -3.0787934       56151.782                                                       56151.782
              1       28072.886      0.30633242       -3.073073        -3.073073       56151.917                                                       56151.917
