#        weight    minuslogpost         Omega_m   minuslogprior minuslogprior__0            chi2 chi2__functions_and_classes.SO_x_DESI_Likelihood_w_emulator
              1       44123.019      0.32990588      -2.6152421       -2.6152421       88251.269                                                   88251.269
              3       44013.431       0.3350742      -2.4788809       -2.4788809       88031.819                                                   88031.819
              1       43811.241      0.34458046      -2.1164669       -2.1164669       87626.715                                                   87626.715
              3       43716.761      0.34901159      -1.8981288       -1.8981288       87437.319                                                   87437.319
              1       43570.329      0.35587165      -1.4981422       -1.4981422       87143.654                                                   87143.654
              1       43275.498      0.36967419     -0.46520581      -0.46520581       86551.926                                                   86551.926
              1       43009.006      0.38216757      0.73257644       0.73257644       86016.546                                                   86016.546
              4       42945.807      0.38513552       1.0538347        1.0538347       85889.507                                                   85889.507
              1       42900.926      0.38724517       1.2907586        1.2907586        85799.27                                                    85799.27
              1       42008.405      0.42968695        7.569837         7.569837        84001.67                                                    84001.67
              2       41489.023      0.45505229       12.698491        12.698491       82952.649                                                   82952.649
              1       41407.508      0.45909362       13.610685        13.610685       82787.795                                                   82787.795
              1         41312.5      0.46383026       14.713088        14.713088       82595.573                                                   82595.573
              2       40951.216      0.48209376        19.29977         19.29977       81863.832                                                   81863.832
              3        40723.52      0.49383617       22.530622        22.530622       81401.978                                                   81401.978
              3       40384.665      0.51170082       27.869108        27.869108       80713.592                                                   80713.592
              1       39511.394      0.56040852       45.018481        45.018481       78932.751                                                   78932.751
              2       39471.757      0.56272773       45.929716        45.929716       78851.654                                                   78851.654
              1        39350.33      0.56991029       48.806406        48.806406       78603.047                                                   78603.047
              2       39250.434      0.57589875       51.267947        51.267947       78398.332                                                   78398.332
              1       39189.703      0.57957889       52.809124        52.809124       78273.788                                                   78273.788
              2        38924.77      0.59599871       59.949479        59.949479        77729.64                                                    77729.64
              1       38833.523      0.60180515       62.577727        62.577727       77541.891                                                   77541.891
              1       38739.031      0.60790594       65.397321        65.397321       77347.268                                                   77347.268
              2       38605.231      0.61670826       69.570425        69.570425       77071.321                                                   77071.321
              1        38567.78      0.61921028       70.779239        70.779239       76994.002                                                   76994.002
              8       38456.405       0.6267484       74.481715        74.481715       76763.847                                                   76763.847
              5         38021.5      0.65785762       90.723364        90.723364       75861.553                                                   75861.553
              4       37931.633      0.66466275       94.482629        94.482629         75674.3                                                     75674.3
              3       37700.942      0.68272907       104.82223        104.82223       75192.239                                                   75192.239
              1         37579.8      0.69249508        110.6289         110.6289       74938.343                                                   74938.343
              1       37507.836      0.69832727       114.16937        114.16937       74787.333                                                   74787.333
              1       37505.824      0.69848931       114.26852        114.26852        74783.11                                                    74783.11
              1       37136.155      0.72997513       134.33039        134.33039        74003.65                                                    74003.65
              7       37115.189      0.73240144       135.94219        135.94219       73958.493                                                   73958.493
              4       37078.311      0.74031321       141.26342        141.26342       73874.096                                                   73874.096
             10       37078.463      0.74114292       141.82726        141.82726       73873.271                                                   73873.271
             12       37078.366      0.74072765       141.54492        141.54492       73873.643                                                   73873.643
             29       37078.385      0.74076726       141.57184        141.57184       73873.626                                                   73873.626
             29       37078.281      0.74039709       141.32037        141.32037       73873.922                                                   73873.922
             25       37078.045      0.74023786       141.21227        141.21227       73873.665                                                   73873.665
             10        37078.23      0.74041646       141.33353        141.33353       73873.793                                                   73873.793
             30       37078.276      0.74033833       141.28047        141.28047       73873.991                                                   73873.991
             11       37078.573      0.74099994       141.73002        141.73002       73873.685                                                   73873.685
             16       37079.636      0.74171081       142.21381        142.21381       73874.844                                                   73874.844
              2       37078.247      0.74046266        141.3649         141.3649       73873.764                                                   73873.764
              4       37078.114      0.74050077       141.39078        141.39078       73873.446                                                   73873.446
