#        weight    minuslogpost         Omega_m   minuslogprior minuslogprior__0            chi2 chi2__functions_and_classes.SO_x_DESI_Likelihood_w_emulator
              1      -10625.051      0.31974481      -2.3025851       -2.3025851      -21245.497                                                  -21245.497
              1      -10625.264      0.31754954      -2.3025851       -2.3025851      -21245.922                                                  -21245.922
              1      -10625.285      0.31277501      -2.3025851       -2.3025851      -21245.964                                                  -21245.964
              1      -10624.049      0.30496182      -2.3025851       -2.3025851      -21243.493                                                  -21243.493
              1      -10624.367      0.30628417      -2.3025851       -2.3025851      -21244.128                                                  -21244.128
              1      -10624.497      0.30688798      -2.3025851       -2.3025851      -21244.389                                                  -21244.389
              1      -10625.349      0.31489144      -2.3025851       -2.3025851      -21246.093                                                  -21246.093
              1      -10625.338      0.31406168      -2.3025851       -2.3025851       -21246.07                                                   -21246.07
              1      -10625.178      0.31860027      -2.3025851       -2.3025851      -21245.751                                                  -21245.751
              1      -10625.108       0.3107016      -2.3025851       -2.3025851      -21245.612                                                  -21245.612
              3      -10625.338      0.31407192      -2.3025851       -2.3025851      -21246.071                                                  -21246.071
              1      -10625.096      0.31937699      -2.3025851       -2.3025851      -21245.587                                                  -21245.587
              1        -10625.3      0.31692726      -2.3025851       -2.3025851      -21245.995                                                  -21245.995
              1      -10625.105      0.31929869      -2.3025851       -2.3025851      -21245.605                                                  -21245.605
              1      -10624.548       0.3227604      -2.3025851       -2.3025851       -21244.49                                                   -21244.49
              2      -10624.964      0.30955849      -2.3025851       -2.3025851      -21245.323                                                  -21245.323
              1      -10624.913      0.30921074      -2.3025851       -2.3025851      -21245.222                                                  -21245.222
              1      -10624.585      0.30731821      -2.3025851       -2.3025851      -21244.564                                                  -21244.564
              2      -10625.216      0.31180048      -2.3025851       -2.3025851      -21245.826                                                  -21245.826
              2      -10625.212      0.31822727      -2.3025851       -2.3025851      -21245.819                                                  -21245.819
              2      -10624.895       0.3208492      -2.3025851       -2.3025851      -21245.186                                                  -21245.186
              1      -10623.512      0.32670942      -2.3025851       -2.3025851      -21242.419                                                  -21242.419
              1      -10624.308      0.32383577      -2.3025851       -2.3025851      -21244.011                                                  -21244.011
              1       -10624.97      0.32035087      -2.3025851       -2.3025851      -21245.335                                                  -21245.335
              1      -10623.972      0.30466428      -2.3025851       -2.3025851      -21243.338                                                  -21243.338
              8      -10625.217      0.31182168      -2.3025851       -2.3025851       -21245.83                                                   -21245.83
              1      -10624.265      0.30583973      -2.3025851       -2.3025851      -21243.924                                                  -21243.924
              1      -10624.318      0.30606817      -2.3025851       -2.3025851       -21244.03                                                   -21244.03
              1      -10625.003       0.3201136      -2.3025851       -2.3025851      -21245.401                                                  -21245.401
              2      -10624.705      0.32196116      -2.3025851       -2.3025851      -21244.805                                                  -21244.805
              1      -10625.242      0.31785621      -2.3025851       -2.3025851      -21245.878                                                  -21245.878
              2      -10625.033      0.31988893      -2.3025851       -2.3025851       -21245.46                                                   -21245.46
              2      -10625.072      0.31038853      -2.3025851       -2.3025851      -21245.539                                                  -21245.539
              1      -10625.283      0.31274543      -2.3025851       -2.3025851       -21245.96                                                   -21245.96
              1      -10625.182      0.31855736      -2.3025851       -2.3025851      -21245.759                                                  -21245.759
              1      -10625.309      0.31324258      -2.3025851       -2.3025851      -21246.013                                                  -21246.013
              1      -10625.278      0.31732295      -2.3025851       -2.3025851      -21245.951                                                  -21245.951
              1      -10623.543       0.3031492      -2.3025851       -2.3025851      -21242.482                                                  -21242.482
              1        -10624.1      0.30516009      -2.3025851       -2.3025851      -21243.594                                                  -21243.594
              1      -10623.384      0.30263238      -2.3025851       -2.3025851      -21242.164                                                  -21242.164
              1      -10624.402      0.30644482      -2.3025851       -2.3025851      -21244.199                                                  -21244.199
              1      -10625.296      0.31298437      -2.3025851       -2.3025851      -21245.987                                                  -21245.987
              1      -10625.343      0.31432624      -2.3025851       -2.3025851      -21246.082                                                  -21246.082
              1      -10624.808      0.32138303      -2.3025851       -2.3025851      -21245.012                                                  -21245.012
              1      -10624.772      0.32159005      -2.3025851       -2.3025851       -21244.94                                                   -21244.94
              1      -10624.242      0.32411003      -2.3025851       -2.3025851      -21243.879                                                  -21243.879
              3      -10623.974       0.3251454      -2.3025851       -2.3025851      -21243.342                                                  -21243.342
              1      -10625.283      0.31723679      -2.3025851       -2.3025851      -21245.961                                                  -21245.961
              1      -10623.741      0.32596138      -2.3025851       -2.3025851      -21242.877                                                  -21242.877
              3      -10624.993      0.32018537      -2.3025851       -2.3025851      -21245.381                                                  -21245.381
              1      -10625.043      0.31981256      -2.3025851       -2.3025851       -21245.48                                                   -21245.48
              1      -10625.258      0.31763022      -2.3025851       -2.3025851      -21245.911                                                  -21245.911
              2      -10625.332      0.31383369      -2.3025851       -2.3025851      -21246.058                                                  -21246.058
              1      -10625.318       0.3134616      -2.3025851       -2.3025851      -21246.031                                                  -21246.031
              1      -10625.331      0.31380589      -2.3025851       -2.3025851      -21246.056                                                  -21246.056
              2      -10625.269       0.3174619      -2.3025851       -2.3025851      -21245.934                                                  -21245.934
              2        -10624.8      0.32142971      -2.3025851       -2.3025851      -21244.996                                                  -21244.996
              1      -10623.326      0.32728201      -2.3025851       -2.3025851      -21242.046                                                  -21242.046
              2      -10623.494      0.32676559      -2.3025851       -2.3025851      -21242.383                                                  -21242.383
              1      -10623.793      0.32578559      -2.3025851       -2.3025851       -21242.98                                                   -21242.98
              2      -10624.506       0.3229572      -2.3025851       -2.3025851      -21244.407                                                  -21244.407
              1      -10625.334      0.31608714      -2.3025851       -2.3025851      -21246.062                                                  -21246.062
              1      -10625.011      0.30990148      -2.3025851       -2.3025851      -21245.417                                                  -21245.417
              3      -10624.317      0.30606513      -2.3025851       -2.3025851      -21244.029                                                  -21244.029
              2      -10624.599      0.30739258      -2.3025851       -2.3025851      -21244.593                                                  -21244.593
              1      -10625.269      0.31252823      -2.3025851       -2.3025851      -21245.934                                                  -21245.934
              1      -10625.248      0.31222055      -2.3025851       -2.3025851      -21245.892                                                  -21245.892
              4      -10625.016      0.32001965      -2.3025851       -2.3025851      -21245.426                                                  -21245.426
              1       -10624.88      0.32094628      -2.3025851       -2.3025851      -21245.155                                                  -21245.155
              2      -10625.349      0.31482521      -2.3025851       -2.3025851      -21246.093                                                  -21246.093
              2      -10624.582      0.32259129      -2.3025851       -2.3025851       -21244.56                                                   -21244.56
              1      -10625.337      0.31597126      -2.3025851       -2.3025851      -21246.069                                                  -21246.069
              1      -10625.075      0.31041474      -2.3025851       -2.3025851      -21245.546                                                  -21245.546
              1      -10625.349      0.31488015      -2.3025851       -2.3025851      -21246.093                                                  -21246.093
              1      -10625.349      0.31493975      -2.3025851       -2.3025851      -21246.093                                                  -21246.093
              4      -10624.871      0.32100406      -2.3025851       -2.3025851      -21245.137                                                  -21245.137
              1       -10624.82      0.32131127      -2.3025851       -2.3025851      -21245.035                                                  -21245.035
              1      -10625.131      0.31090952      -2.3025851       -2.3025851      -21245.657                                                  -21245.657
              2      -10624.623      0.30751687      -2.3025851       -2.3025851      -21244.642                                                  -21244.642
              1      -10624.345      0.30618709      -2.3025851       -2.3025851      -21244.085                                                  -21244.085
              2      -10623.886      0.30434655      -2.3025851       -2.3025851      -21243.168                                                  -21243.168
              1      -10624.453      0.30667761      -2.3025851       -2.3025851        -21244.3                                                    -21244.3
              2      -10623.809      0.30406312      -2.3025851       -2.3025851      -21243.012                                                  -21243.012
              1      -10625.036      0.31009869      -2.3025851       -2.3025851      -21245.468                                                  -21245.468
              9      -10625.233      0.31201102      -2.3025851       -2.3025851       -21245.86                                                   -21245.86
              3      -10625.344      0.31436531      -2.3025851       -2.3025851      -21246.083                                                  -21246.083
              3      -10625.301      0.31306994      -2.3025851       -2.3025851      -21245.996                                                  -21245.996
              9      -10625.279      0.31730897      -2.3025851       -2.3025851      -21245.953                                                  -21245.953
              1      -10624.302      0.30599733      -2.3025851       -2.3025851      -21243.998                                                  -21243.998
              2      -10623.636      0.30345958      -2.3025851       -2.3025851      -21242.666                                                  -21242.666
              8      -10624.879       0.3209509      -2.3025851       -2.3025851      -21245.154                                                  -21245.154
              1      -10625.128      0.31909299      -2.3025851       -2.3025851       -21245.65                                                   -21245.65
              1       -10624.53      0.32284573      -2.3025851       -2.3025851      -21244.455                                                  -21244.455
              1      -10624.249      0.32407963      -2.3025851       -2.3025851      -21243.894                                                  -21243.894
              1      -10625.344      0.31434223      -2.3025851       -2.3025851      -21246.082                                                  -21246.082
              1      -10625.169      0.31127844      -2.3025851       -2.3025851      -21245.732                                                  -21245.732
              1      -10624.474      0.30677692      -2.3025851       -2.3025851      -21244.343                                                  -21244.343
              2      -10625.172      0.31866262      -2.3025851       -2.3025851      -21245.739                                                  -21245.739
              4      -10625.219      0.31814087      -2.3025851       -2.3025851      -21245.833                                                  -21245.833
              1      -10625.255        0.312311      -2.3025851       -2.3025851      -21245.904                                                  -21245.904
              3      -10625.047      0.31017899      -2.3025851       -2.3025851      -21245.488                                                  -21245.488
              1      -10625.281       0.3172712      -2.3025851       -2.3025851      -21245.957                                                  -21245.957
              1      -10625.233      0.31202158      -2.3025851       -2.3025851      -21245.862                                                  -21245.862
              1      -10625.279      0.31730973      -2.3025851       -2.3025851      -21245.953                                                  -21245.953
              1      -10622.068      0.33059715      -2.3025851       -2.3025851       -21239.53                                                   -21239.53
              1      -10622.742      0.32892275      -2.3025851       -2.3025851      -21240.878                                                  -21240.878
              1      -10623.774      0.32585106      -2.3025851       -2.3025851      -21242.942                                                  -21242.942
              1      -10624.524      0.30701851      -2.3025851       -2.3025851      -21244.443                                                  -21244.443
              1      -10623.726      0.30377041      -2.3025851       -2.3025851      -21242.846                                                  -21242.846
              1      -10625.306      0.31318119      -2.3025851       -2.3025851      -21246.007                                                  -21246.007
              1      -10625.334      0.31393096      -2.3025851       -2.3025851      -21246.064                                                  -21246.064
              2      -10624.996      0.32016288      -2.3025851       -2.3025851      -21245.387                                                  -21245.387
              1      -10625.141       0.3189711      -2.3025851       -2.3025851      -21245.677                                                  -21245.677
              1      -10625.303      0.31686518      -2.3025851       -2.3025851      -21246.001                                                  -21246.001
              1      -10625.177      0.31861169      -2.3025851       -2.3025851      -21245.749                                                  -21245.749
              1      -10624.768      0.30831055      -2.3025851       -2.3025851      -21244.932                                                  -21244.932
              6      -10624.539      0.30708638      -2.3025851       -2.3025851      -21244.472                                                  -21244.472
              2      -10625.203      0.31164673      -2.3025851       -2.3025851        -21245.8                                                    -21245.8
              3      -10625.264      0.31244932      -2.3025851       -2.3025851      -21245.923                                                  -21245.923
              3      -10625.163      0.31875271      -2.3025851       -2.3025851      -21245.721                                                  -21245.721
              4      -10624.954      0.32046257      -2.3025851       -2.3025851      -21245.302                                                  -21245.302
              1      -10625.349      0.31504646      -2.3025851       -2.3025851      -21246.093                                                  -21246.093
              2      -10625.034      0.31987767      -2.3025851       -2.3025851      -21245.463                                                  -21245.463
              1      -10625.267      0.31749868      -2.3025851       -2.3025851      -21245.929                                                  -21245.929
              1      -10625.295      0.31703463      -2.3025851       -2.3025851      -21245.984                                                  -21245.984
              4      -10625.349      0.31504646      -2.3025851       -2.3025851      -21246.093                                                  -21246.093
              1      -10625.009      0.32007103      -2.3025851       -2.3025851      -21245.412                                                  -21245.412
              4      -10625.313       0.3166492      -2.3025851       -2.3025851      -21246.022                                                  -21246.022
              1      -10624.998      0.32014895      -2.3025851       -2.3025851      -21245.391                                                  -21245.391
              1       -10625.24      0.31210993      -2.3025851       -2.3025851      -21245.875                                                  -21245.875
              1      -10623.967      0.30464445      -2.3025851       -2.3025851      -21243.328                                                  -21243.328
              1      -10625.349      0.31492737      -2.3025851       -2.3025851      -21246.093                                                  -21246.093
              4      -10623.946      0.30456551      -2.3025851       -2.3025851      -21243.287                                                  -21243.287
              2      -10622.697      0.30060231      -2.3025851       -2.3025851      -21240.788                                                  -21240.788
              1      -10625.283      0.31274819      -2.3025851       -2.3025851      -21245.961                                                  -21245.961
              2       -10625.14      0.31898272      -2.3025851       -2.3025851      -21245.674                                                  -21245.674
              1      -10624.648      0.32226071      -2.3025851       -2.3025851      -21244.691                                                  -21244.691
              1      -10625.309      0.31675863      -2.3025851       -2.3025851      -21246.012                                                  -21246.012
              2      -10625.071      0.31958748      -2.3025851       -2.3025851      -21245.536                                                  -21245.536
              1      -10624.359      0.30625096      -2.3025851       -2.3025851      -21244.113                                                  -21244.113
              3      -10624.709      0.30797376      -2.3025851       -2.3025851      -21244.812                                                  -21244.812
              2      -10625.293      0.31706402      -2.3025851       -2.3025851      -21245.981                                                  -21245.981
              1      -10624.708      0.32194571      -2.3025851       -2.3025851      -21244.811                                                  -21244.811
              1      -10624.519      0.32289586      -2.3025851       -2.3025851      -21244.433                                                  -21244.433
              1      -10624.446      0.32323556      -2.3025851       -2.3025851      -21244.286                                                  -21244.286
              1      -10624.849      0.32113765      -2.3025851       -2.3025851      -21245.093                                                  -21245.093
              2      -10624.877      0.30897419      -2.3025851       -2.3025851       -21245.15                                                   -21245.15
              1      -10625.089      0.31053403      -2.3025851       -2.3025851      -21245.573                                                  -21245.573
              2      -10625.133        0.310924      -2.3025851       -2.3025851       -21245.66                                                   -21245.66
              1      -10625.347      0.31455122      -2.3025851       -2.3025851      -21246.088                                                  -21246.088
              1      -10625.348      0.31473404      -2.3025851       -2.3025851      -21246.092                                                  -21246.092
              1      -10625.345      0.31440172      -2.3025851       -2.3025851      -21246.084                                                  -21246.084
              1      -10625.343       0.3156696      -2.3025851       -2.3025851      -21246.082                                                  -21246.082
              1      -10625.187      0.31850626      -2.3025851       -2.3025851      -21245.769                                                  -21245.769
              1      -10625.243      0.31214929      -2.3025851       -2.3025851      -21245.881                                                  -21245.881
              3      -10625.014      0.30992186      -2.3025851       -2.3025851      -21245.422                                                  -21245.422
              1       -10624.02      0.30484867      -2.3025851       -2.3025851      -21243.435                                                  -21243.435
              1      -10625.346      0.31448588      -2.3025851       -2.3025851      -21246.087                                                  -21246.087
              2      -10625.349      0.31480309      -2.3025851       -2.3025851      -21246.093                                                  -21246.093
              1       -10625.34      0.31414374      -2.3025851       -2.3025851      -21246.074                                                  -21246.074
              4      -10625.326      0.31366418      -2.3025851       -2.3025851      -21246.047                                                  -21246.047
              1      -10625.121      0.31915697      -2.3025851       -2.3025851      -21245.637                                                  -21245.637
              1       -10624.37      0.32357121      -2.3025851       -2.3025851      -21244.135                                                  -21244.135
              1      -10623.967      0.32516939      -2.3025851       -2.3025851      -21243.329                                                  -21243.329
              1      -10624.218      0.32420693      -2.3025851       -2.3025851      -21243.831                                                  -21243.831
              1      -10625.142       0.3189586      -2.3025851       -2.3025851      -21245.679                                                  -21245.679
              2      -10624.247      0.32408903      -2.3025851       -2.3025851      -21243.889                                                  -21243.889
              5      -10625.286      0.31718237      -2.3025851       -2.3025851      -21245.968                                                  -21245.968
              2      -10624.906      0.32078399      -2.3025851       -2.3025851      -21245.206                                                  -21245.206
              1      -10624.811      0.32136631      -2.3025851       -2.3025851      -21245.017                                                  -21245.017
              2      -10624.019      0.32497664      -2.3025851       -2.3025851      -21243.433                                                  -21243.433
              2      -10622.919      0.30122785      -2.3025851       -2.3025851      -21241.233                                                  -21241.233
              1      -10623.737      0.30381133      -2.3025851       -2.3025851       -21242.87                                                   -21242.87
              2      -10625.348      0.31473975      -2.3025851       -2.3025851      -21246.092                                                  -21246.092
              2      -10625.161       0.3187729      -2.3025851       -2.3025851      -21245.717                                                  -21245.717
              1      -10625.195      0.31155959      -2.3025851       -2.3025851      -21245.784                                                  -21245.784
              1      -10625.326       0.3136611      -2.3025851       -2.3025851      -21246.047                                                  -21246.047
              3      -10624.971      0.30960649      -2.3025851       -2.3025851      -21245.337                                                  -21245.337
              3      -10625.077      0.31043235      -2.3025851       -2.3025851       -21245.55                                                   -21245.55
              2      -10625.321      0.31352189      -2.3025851       -2.3025851      -21246.036                                                  -21246.036
              1      -10625.311      0.31670656      -2.3025851       -2.3025851      -21246.017                                                  -21246.017
              1      -10624.675      0.30778913      -2.3025851       -2.3025851      -21244.744                                                  -21244.744
              1      -10625.345      0.31554497      -2.3025851       -2.3025851      -21246.086                                                  -21246.086
              1      -10625.117      0.31919576      -2.3025851       -2.3025851      -21245.628                                                  -21245.628
              2       -10623.68      0.32616526      -2.3025851       -2.3025851      -21242.755                                                  -21242.755
              1      -10624.657      0.32221454      -2.3025851       -2.3025851      -21244.709                                                  -21244.709
              1      -10622.515      0.32950787      -2.3025851       -2.3025851      -21240.424                                                  -21240.424
              1      -10625.253      0.31228813      -2.3025851       -2.3025851      -21245.901                                                  -21245.901
              2      -10623.437       0.3028012      -2.3025851       -2.3025851      -21242.269                                                  -21242.269
              1      -10624.119      0.30523929      -2.3025851       -2.3025851      -21243.633                                                  -21243.633
              1      -10625.332      0.31385961      -2.3025851       -2.3025851      -21246.059                                                  -21246.059
              1      -10625.197      0.31839417      -2.3025851       -2.3025851      -21245.789                                                  -21245.789
              5      -10625.028      0.31003477      -2.3025851       -2.3025851      -21245.451                                                  -21245.451
              1      -10625.348       0.3146307      -2.3025851       -2.3025851       -21246.09                                                   -21246.09
              2      -10625.249      0.31776323      -2.3025851       -2.3025851      -21245.892                                                  -21245.892
              2      -10625.128       0.3108824      -2.3025851       -2.3025851      -21245.651                                                  -21245.651
              2       -10625.18      0.31140232      -2.3025851       -2.3025851      -21245.756                                                  -21245.756
              1      -10625.291      0.31288264      -2.3025851       -2.3025851      -21245.976                                                  -21245.976
              1      -10624.969      0.30959538      -2.3025851       -2.3025851      -21245.334                                                  -21245.334
              1      -10624.904      0.30914668      -2.3025851       -2.3025851      -21245.203                                                  -21245.203
              2      -10625.032      0.31989805      -2.3025851       -2.3025851      -21245.458                                                  -21245.458
              1      -10624.981      0.32027289      -2.3025851       -2.3025851      -21245.357                                                  -21245.357
              3      -10624.538      0.32280885      -2.3025851       -2.3025851       -21244.47                                                   -21244.47
              2      -10624.484      0.32306247      -2.3025851       -2.3025851      -21244.362                                                  -21244.362
              1      -10624.896      0.32084845      -2.3025851       -2.3025851      -21245.186                                                  -21245.186
              1       -10623.85      0.32558723      -2.3025851       -2.3025851      -21243.095                                                  -21243.095
              4      -10622.736      0.32893825      -2.3025851       -2.3025851      -21240.867                                                  -21240.867
              1      -10624.853      0.32111278      -2.3025851       -2.3025851      -21245.101                                                  -21245.101
              2      -10625.349      0.31495592      -2.3025851       -2.3025851      -21246.093                                                  -21246.093
              1      -10625.332      0.31614464      -2.3025851       -2.3025851      -21246.059                                                  -21246.059
              1      -10625.309       0.3132525      -2.3025851       -2.3025851      -21246.014                                                  -21246.014
              5      -10625.262      0.31242067      -2.3025851       -2.3025851      -21245.919                                                  -21245.919
              2      -10625.236      0.31205135      -2.3025851       -2.3025851      -21245.866                                                  -21245.866
              6      -10625.278       0.3126595      -2.3025851       -2.3025851       -21245.95                                                   -21245.95
              1       -10624.87      0.30892987      -2.3025851       -2.3025851      -21245.136                                                  -21245.136
              2      -10625.179      0.31858612      -2.3025851       -2.3025851      -21245.754                                                  -21245.754
              2      -10625.284       0.3127732      -2.3025851       -2.3025851      -21245.964                                                  -21245.964
              1      -10625.268      0.31748531      -2.3025851       -2.3025851      -21245.931                                                  -21245.931
              1       -10625.32      0.31648827      -2.3025851       -2.3025851      -21246.035                                                  -21246.035
              1      -10625.311      0.31670201      -2.3025851       -2.3025851      -21246.017                                                  -21246.017
              2      -10625.344      0.31435377      -2.3025851       -2.3025851      -21246.083                                                  -21246.083
              1      -10625.339      0.31588071      -2.3025851       -2.3025851      -21246.073                                                  -21246.073
              4      -10625.237      0.31791583      -2.3025851       -2.3025851      -21245.869                                                  -21245.869
              2      -10624.555      0.32272632      -2.3025851       -2.3025851      -21244.504                                                  -21244.504
              1      -10624.083      0.32473769      -2.3025851       -2.3025851       -21243.56                                                   -21243.56
              1      -10625.262      0.31241813      -2.3025851       -2.3025851      -21245.919                                                  -21245.919
              1      -10625.086        0.319465      -2.3025851       -2.3025851      -21245.566                                                  -21245.566
              1      -10625.311      0.31669691      -2.3025851       -2.3025851      -21246.018                                                  -21246.018
              2        -10625.3      0.31305519      -2.3025851       -2.3025851      -21245.995                                                  -21245.995
              1      -10624.857      0.30884484      -2.3025851       -2.3025851      -21245.109                                                  -21245.109
              2      -10624.402      0.30644552      -2.3025851       -2.3025851        -21244.2                                                    -21244.2
              1      -10617.098       0.2893282      -2.3025851       -2.3025851      -21229.591                                                  -21229.591
              2      -10618.713      0.29203951      -2.3025851       -2.3025851      -21232.822                                                  -21232.822
              3      -10619.973      0.29438203      -2.3025851       -2.3025851      -21235.342                                                  -21235.342
              1      -10624.906      0.30916214      -2.3025851       -2.3025851      -21245.207                                                  -21245.207
              2      -10624.542      0.30710224      -2.3025851       -2.3025851      -21244.478                                                  -21244.478
              6      -10625.074      0.31040534      -2.3025851       -2.3025851      -21245.543                                                  -21245.543
              1      -10624.843      0.30876017      -2.3025851       -2.3025851      -21245.082                                                  -21245.082
              1      -10624.865      0.30889593      -2.3025851       -2.3025851      -21245.125                                                  -21245.125
              1      -10625.193       0.3184417      -2.3025851       -2.3025851      -21245.781                                                  -21245.781
              2      -10624.955      0.30949499      -2.3025851       -2.3025851      -21245.305                                                  -21245.305
              1      -10625.163       0.3112174      -2.3025851       -2.3025851       -21245.72                                                   -21245.72
              1      -10625.286      0.31718293      -2.3025851       -2.3025851      -21245.968                                                  -21245.968
              1      -10625.156      0.31882408      -2.3025851       -2.3025851      -21245.707                                                  -21245.707
              2      -10625.097       0.3106028      -2.3025851       -2.3025851      -21245.589                                                  -21245.589
              1      -10624.915      0.30922244      -2.3025851       -2.3025851      -21245.225                                                  -21245.225
              2      -10625.298      0.31302077      -2.3025851       -2.3025851      -21245.991                                                  -21245.991
              1      -10622.929      0.32841908      -2.3025851       -2.3025851      -21241.253                                                  -21241.253
              1       -10622.49      0.32957171      -2.3025851       -2.3025851      -21240.375                                                  -21240.375
              1      -10623.227      0.32757182      -2.3025851       -2.3025851       -21241.85                                                   -21241.85
              1      -10624.959      0.32042813      -2.3025851       -2.3025851      -21245.312                                                  -21245.312
              2      -10624.843      0.30875799      -2.3025851       -2.3025851      -21245.081                                                  -21245.081
              3      -10625.213      0.31176545      -2.3025851       -2.3025851       -21245.82                                                   -21245.82
              1      -10625.277      0.31265649      -2.3025851       -2.3025851       -21245.95                                                   -21245.95
              2      -10625.105      0.31929365      -2.3025851       -2.3025851      -21245.606                                                  -21245.606
              1      -10625.305      0.31314909      -2.3025851       -2.3025851      -21246.004                                                  -21246.004
              2      -10624.386      0.30637312      -2.3025851       -2.3025851      -21244.168                                                  -21244.168
              1      -10625.348      0.31536589      -2.3025851       -2.3025851       -21246.09                                                   -21246.09
              4       -10623.22      0.32759513      -2.3025851       -2.3025851      -21241.835                                                  -21241.835
              1      -10624.583      0.30731236      -2.3025851       -2.3025851      -21244.562                                                  -21244.562
              1      -10625.303      0.31686882      -2.3025851       -2.3025851      -21246.001                                                  -21246.001
              1      -10625.161       0.3187704      -2.3025851       -2.3025851      -21245.718                                                  -21245.718
              1      -10624.934      0.32059976      -2.3025851       -2.3025851      -21245.262                                                  -21245.262
              1       -10625.32      0.31350282      -2.3025851       -2.3025851      -21246.035                                                  -21246.035
              1      -10624.789      0.32149783      -2.3025851       -2.3025851      -21244.972                                                  -21244.972
              3       -10624.47      0.32312548      -2.3025851       -2.3025851      -21244.335                                                  -21244.335
              4      -10624.211      0.32423721      -2.3025851       -2.3025851      -21243.816                                                  -21243.816
              1      -10623.912      0.32536689      -2.3025851       -2.3025851       -21243.22                                                   -21243.22
              1      -10624.512      0.32292863      -2.3025851       -2.3025851      -21244.419                                                  -21244.419
              5      -10623.896       0.3254245      -2.3025851       -2.3025851      -21243.187                                                  -21243.187
              1       -10624.62      0.32240298      -2.3025851       -2.3025851      -21244.635                                                  -21244.635
              1      -10624.189      0.30552188      -2.3025851       -2.3025851      -21243.773                                                  -21243.773
              1      -10624.751      0.30821238      -2.3025851       -2.3025851      -21244.898                                                  -21244.898
              2       -10624.84      0.30873736      -2.3025851       -2.3025851      -21245.074                                                  -21245.074
              1      -10624.778      0.32155565      -2.3025851       -2.3025851      -21244.952                                                  -21244.952
              5       -10625.13       0.3190716      -2.3025851       -2.3025851      -21245.655                                                  -21245.655
              1      -10625.112      0.31073775      -2.3025851       -2.3025851       -21245.62                                                   -21245.62
              1       -10624.39       0.3063871      -2.3025851       -2.3025851      -21244.174                                                  -21244.174
              1      -10625.344      0.31562915      -2.3025851       -2.3025851      -21246.083                                                  -21246.083
              1       -10625.31      0.31326462      -2.3025851       -2.3025851      -21246.015                                                  -21246.015
              1      -10625.106      0.31067872      -2.3025851       -2.3025851      -21245.607                                                  -21245.607
              3      -10625.048      0.31018826      -2.3025851       -2.3025851       -21245.49                                                   -21245.49
              1      -10625.234      0.31203151      -2.3025851       -2.3025851      -21245.863                                                  -21245.863
              2      -10625.132      0.31905063      -2.3025851       -2.3025851      -21245.659                                                  -21245.659
              3      -10625.349      0.31494835      -2.3025851       -2.3025851      -21246.093                                                  -21246.093
              2      -10624.638      0.32231321      -2.3025851       -2.3025851      -21244.671                                                  -21244.671
              1      -10624.816      0.30858951      -2.3025851       -2.3025851      -21245.026                                                  -21245.026
              2      -10625.293      0.31292796      -2.3025851       -2.3025851      -21245.981                                                  -21245.981
              2      -10624.833      0.32123426      -2.3025851       -2.3025851      -21245.062                                                  -21245.062
              2      -10625.165      0.31873685      -2.3025851       -2.3025851      -21245.724                                                  -21245.724
              2      -10624.902      0.30913224      -2.3025851       -2.3025851      -21245.198                                                  -21245.198
              1      -10625.114      0.31075558      -2.3025851       -2.3025851      -21245.624                                                  -21245.624
              2      -10625.326      0.31631976      -2.3025851       -2.3025851      -21246.048                                                  -21246.048
              2        -10624.6      0.32250439      -2.3025851       -2.3025851      -21244.595                                                  -21244.595
              3      -10625.116      0.31920434      -2.3025851       -2.3025851      -21245.626                                                  -21245.626
              1      -10625.148      0.31890464      -2.3025851       -2.3025851       -21245.69                                                   -21245.69
              2       -10625.09      0.31942524      -2.3025851       -2.3025851      -21245.575                                                  -21245.575
              1      -10625.349      0.31496763      -2.3025851       -2.3025851      -21246.094                                                  -21246.094
              2      -10625.149      0.31108513      -2.3025851       -2.3025851      -21245.694                                                  -21245.694
              2      -10625.262      0.31757414      -2.3025851       -2.3025851      -21245.919                                                  -21245.919
              1      -10625.259      0.31761425      -2.3025851       -2.3025851      -21245.913                                                  -21245.913
              3        -10624.9      0.32081855      -2.3025851       -2.3025851      -21245.195                                                  -21245.195
              1      -10624.822       0.3213023      -2.3025851       -2.3025851      -21245.038                                                  -21245.038
              1      -10625.339       0.3158911      -2.3025851       -2.3025851      -21246.073                                                  -21246.073
              2      -10624.572      0.32264207      -2.3025851       -2.3025851      -21244.539                                                  -21244.539
              1      -10623.357      0.32718634      -2.3025851       -2.3025851       -21242.11                                                   -21242.11
              2      -10625.054      0.31972164      -2.3025851       -2.3025851      -21245.503                                                  -21245.503
              1      -10623.933      0.32529312      -2.3025851       -2.3025851      -21243.261                                                  -21243.261
              2      -10624.861       0.3210652      -2.3025851       -2.3025851      -21245.117                                                  -21245.117
              2      -10624.163      0.32442544      -2.3025851       -2.3025851      -21243.721                                                  -21243.721
              2      -10625.181      0.31140557      -2.3025851       -2.3025851      -21245.756                                                  -21245.756
              1      -10625.154      0.31884818      -2.3025851       -2.3025851      -21245.702                                                  -21245.702
              1      -10625.091      0.31055082      -2.3025851       -2.3025851      -21245.578                                                  -21245.578
              1      -10625.337       0.3159816      -2.3025851       -2.3025851      -21246.068                                                  -21246.068
              6      -10625.315      0.31337233      -2.3025851       -2.3025851      -21246.024                                                  -21246.024
              2      -10625.227      0.31804449      -2.3025851       -2.3025851      -21245.849                                                  -21245.849
              1      -10624.923      0.32066735      -2.3025851       -2.3025851      -21245.242                                                  -21245.242
              2      -10624.936      0.32058176      -2.3025851       -2.3025851      -21245.267                                                  -21245.267
              2      -10625.126      0.31910615      -2.3025851       -2.3025851      -21245.647                                                  -21245.647
              1      -10625.312      0.31667228      -2.3025851       -2.3025851       -21246.02                                                   -21246.02
              1      -10625.054      0.31023895      -2.3025851       -2.3025851      -21245.503                                                  -21245.503
              1      -10623.168      0.30195937      -2.3025851       -2.3025851       -21241.73                                                   -21241.73
              1      -10625.348      0.31473673      -2.3025851       -2.3025851      -21246.092                                                  -21246.092
              1      -10624.842      0.32118216      -2.3025851       -2.3025851      -21245.079                                                  -21245.079
              1      -10625.349      0.31511998      -2.3025851       -2.3025851      -21246.093                                                  -21246.093
              3      -10625.095      0.31058425      -2.3025851       -2.3025851      -21245.585                                                  -21245.585
              1      -10625.112      0.31073553      -2.3025851       -2.3025851      -21245.619                                                  -21245.619
              3      -10625.312      0.31331996      -2.3025851       -2.3025851       -21246.02                                                   -21246.02
              1        -10625.3      0.31306009      -2.3025851       -2.3025851      -21245.995                                                  -21245.995
              3      -10625.349      0.31487665      -2.3025851       -2.3025851      -21246.093                                                  -21246.093
              1      -10624.394      0.30640824      -2.3025851       -2.3025851      -21244.183                                                  -21244.183
              2      -10625.259      0.31237719      -2.3025851       -2.3025851      -21245.914                                                  -21245.914
              1       -10624.93      0.30932302      -2.3025851       -2.3025851      -21245.255                                                  -21245.255
              1      -10624.642      0.32229084      -2.3025851       -2.3025851      -21244.679                                                  -21244.679
              1      -10624.648      0.32226407      -2.3025851       -2.3025851       -21244.69                                                   -21244.69
              1      -10625.226      0.31805539      -2.3025851       -2.3025851      -21245.847                                                  -21245.847
              1      -10625.225      0.31191689      -2.3025851       -2.3025851      -21245.845                                                  -21245.845
              2      -10624.966      0.30956967      -2.3025851       -2.3025851      -21245.326                                                  -21245.326
              1      -10625.214      0.31177937      -2.3025851       -2.3025851      -21245.822                                                  -21245.822
              1      -10625.261      0.31240181      -2.3025851       -2.3025851      -21245.917                                                  -21245.917
              1      -10625.343      0.31428557      -2.3025851       -2.3025851       -21246.08                                                   -21246.08
              1      -10625.095      0.31058288      -2.3025851       -2.3025851      -21245.585                                                  -21245.585
              1      -10625.329      0.31376671      -2.3025851       -2.3025851      -21246.054                                                  -21246.054
              1      -10625.227      0.31193628      -2.3025851       -2.3025851      -21245.848                                                  -21245.848
              2      -10623.547      0.32659966      -2.3025851       -2.3025851      -21242.488                                                  -21242.488
              2      -10625.245      0.31781014      -2.3025851       -2.3025851      -21245.885                                                  -21245.885
              4      -10625.349      0.31478099      -2.3025851       -2.3025851      -21246.092                                                  -21246.092
              3      -10625.174      0.31864028      -2.3025851       -2.3025851      -21245.743                                                  -21245.743
              3      -10624.665      0.32217534      -2.3025851       -2.3025851      -21244.724                                                  -21244.724
              1      -10625.349      0.31500221      -2.3025851       -2.3025851      -21246.094                                                  -21246.094
              1      -10625.162      0.31876697      -2.3025851       -2.3025851      -21245.718                                                  -21245.718
              3      -10624.818      0.32132619      -2.3025851       -2.3025851       -21245.03                                                   -21245.03
              1      -10625.326      0.31365882      -2.3025851       -2.3025851      -21246.046                                                  -21246.046
              1       -10625.34      0.31586387      -2.3025851       -2.3025851      -21246.074                                                  -21246.074
              1      -10624.462      0.32316186      -2.3025851       -2.3025851      -21244.319                                                  -21244.319
              2      -10623.926      0.32531868      -2.3025851       -2.3025851      -21243.246                                                  -21243.246
              1      -10625.195      0.31842212      -2.3025851       -2.3025851      -21245.784                                                  -21245.784
              2      -10624.783      0.32152992      -2.3025851       -2.3025851      -21244.961                                                  -21244.961
              1      -10625.265      0.31246357      -2.3025851       -2.3025851      -21245.925                                                  -21245.925
              1      -10624.973      0.30961899      -2.3025851       -2.3025851       -21245.34                                                   -21245.34
              1      -10625.168      0.31127429      -2.3025851       -2.3025851      -21245.731                                                  -21245.731
              3      -10625.334      0.31609144      -2.3025851       -2.3025851      -21246.062                                                  -21246.062
              2      -10624.963      0.32039597      -2.3025851       -2.3025851      -21245.322                                                  -21245.322
              2      -10625.049      0.31976157      -2.3025851       -2.3025851      -21245.493                                                  -21245.493
              1      -10625.301      0.31307164      -2.3025851       -2.3025851      -21245.996                                                  -21245.996
              1      -10625.224      0.31807636      -2.3025851       -2.3025851      -21245.844                                                  -21245.844
              2       -10625.11      0.31925727      -2.3025851       -2.3025851      -21245.614                                                  -21245.614
              1      -10625.194      0.31843031      -2.3025851       -2.3025851      -21245.783                                                  -21245.783
              2      -10624.813      0.30857262      -2.3025851       -2.3025851       -21245.02                                                   -21245.02
              2      -10625.269      0.31252486      -2.3025851       -2.3025851      -21245.933                                                  -21245.933
              1       -10625.24      0.31788423      -2.3025851       -2.3025851      -21245.874                                                  -21245.874
              2      -10625.276      0.31263477      -2.3025851       -2.3025851      -21245.947                                                  -21245.947
              1      -10624.584      0.30731315      -2.3025851       -2.3025851      -21244.562                                                  -21244.562
              1      -10622.944      0.30130124      -2.3025851       -2.3025851      -21241.284                                                  -21241.284
              1      -10622.372      0.29973414      -2.3025851       -2.3025851      -21240.138                                                  -21240.138
              1      -10624.805      0.32140233      -2.3025851       -2.3025851      -21245.005                                                  -21245.005
              1      -10625.219      0.31814614      -2.3025851       -2.3025851      -21245.832                                                  -21245.832
              1      -10624.748      0.30819207      -2.3025851       -2.3025851       -21244.89                                                   -21244.89
              1      -10624.855      0.30882984      -2.3025851       -2.3025851      -21245.104                                                  -21245.104
              2      -10624.936      0.32058086      -2.3025851       -2.3025851      -21245.268                                                  -21245.268
              1      -10625.321      0.31646244      -2.3025851       -2.3025851      -21246.037                                                  -21246.037
              1      -10625.331      0.31619249      -2.3025851       -2.3025851      -21246.056                                                  -21246.056
              1       -10624.58      0.32260249      -2.3025851       -2.3025851      -21244.555                                                  -21244.555
              1      -10624.331      0.30612674      -2.3025851       -2.3025851      -21244.057                                                  -21244.057
              1      -10623.292      0.32738218      -2.3025851       -2.3025851      -21241.979                                                  -21241.979
              1      -10624.691      0.32203822      -2.3025851       -2.3025851      -21244.776                                                  -21244.776
              7      -10625.156      0.31882368      -2.3025851       -2.3025851      -21245.707                                                  -21245.707
              3       -10625.11      0.31925375      -2.3025851       -2.3025851      -21245.615                                                  -21245.615
              1      -10625.246      0.31779379      -2.3025851       -2.3025851      -21245.888                                                  -21245.888
              1      -10625.263      0.31755919      -2.3025851       -2.3025851      -21245.921                                                  -21245.921
              1      -10624.454      0.32319929      -2.3025851       -2.3025851      -21244.302                                                  -21244.302
              5      -10625.336       0.3140091      -2.3025851       -2.3025851      -21246.068                                                  -21246.068
              1      -10625.204      0.31166765      -2.3025851       -2.3025851      -21245.803                                                  -21245.803
              1        -10625.2      0.31836731      -2.3025851       -2.3025851      -21245.794                                                  -21245.794
              1      -10624.173      0.32438712      -2.3025851       -2.3025851      -21243.741                                                  -21243.741
              3      -10625.348      0.31532233      -2.3025851       -2.3025851      -21246.091                                                  -21246.091
              1       -10624.79      0.30843452      -2.3025851       -2.3025851      -21244.974                                                  -21244.974
              1      -10625.323      0.31358433      -2.3025851       -2.3025851      -21246.041                                                  -21246.041
              2      -10625.213      0.31177262      -2.3025851       -2.3025851      -21245.821                                                  -21245.821
              3      -10624.657      0.32221621      -2.3025851       -2.3025851      -21244.709                                                  -21244.709
              1      -10625.253      0.31770645      -2.3025851       -2.3025851        -21245.9                                                    -21245.9
              5      -10625.127      0.31909968      -2.3025851       -2.3025851      -21245.649                                                  -21245.649
              1      -10624.564      0.32267961      -2.3025851       -2.3025851      -21244.524                                                  -21244.524
              1      -10624.653      0.32223676      -2.3025851       -2.3025851      -21244.701                                                  -21244.701
              3      -10624.682      0.32208273      -2.3025851       -2.3025851      -21244.759                                                  -21244.759
              3      -10624.484      0.32306145      -2.3025851       -2.3025851      -21244.362                                                  -21244.362
              1      -10624.303      0.32385922      -2.3025851       -2.3025851          -21244                                                      -21244
              3      -10625.118       0.3107883      -2.3025851       -2.3025851      -21245.631                                                  -21245.631
              4       -10624.92      0.32068647      -2.3025851       -2.3025851      -21245.236                                                  -21245.236
              1      -10625.182      0.31142088      -2.3025851       -2.3025851      -21245.759                                                  -21245.759
              1      -10624.106      0.30518674      -2.3025851       -2.3025851      -21243.607                                                  -21243.607
              3      -10623.405      0.30269828      -2.3025851       -2.3025851      -21242.205                                                  -21242.205
              1      -10624.557      0.30717956      -2.3025851       -2.3025851       -21244.51                                                   -21244.51
              1      -10625.349      0.31496795      -2.3025851       -2.3025851      -21246.094                                                  -21246.094
              3      -10625.247      0.31220583      -2.3025851       -2.3025851      -21245.889                                                  -21245.889
              1      -10625.229      0.31196937      -2.3025851       -2.3025851      -21245.853                                                  -21245.853
              1      -10623.866      0.30427191      -2.3025851       -2.3025851      -21243.127                                                  -21243.127
              1      -10624.358      0.30624508      -2.3025851       -2.3025851      -21244.111                                                  -21244.111
              1      -10625.188      0.31849789      -2.3025851       -2.3025851       -21245.77                                                   -21245.77
              1      -10625.325      0.31362802      -2.3025851       -2.3025851      -21246.044                                                  -21246.044
              1      -10625.175      0.31863557      -2.3025851       -2.3025851      -21245.744                                                  -21245.744
              6      -10625.327      0.31369926      -2.3025851       -2.3025851      -21246.049                                                  -21246.049
              1      -10625.154      0.31112863      -2.3025851       -2.3025851      -21245.702                                                  -21245.702
              1      -10625.349      0.31520533      -2.3025851       -2.3025851      -21246.092                                                  -21246.092
              1      -10625.349       0.3148034      -2.3025851       -2.3025851      -21246.093                                                  -21246.093
              3      -10624.487      0.30684068      -2.3025851       -2.3025851       -21244.37                                                   -21244.37
              1      -10625.192      0.31153454      -2.3025851       -2.3025851       -21245.78                                                   -21245.78
              1      -10624.474      0.30677929      -2.3025851       -2.3025851      -21244.344                                                  -21244.344
              1      -10624.302      0.30600092      -2.3025851       -2.3025851          -21244                                                      -21244
              1      -10625.229      0.31195922      -2.3025851       -2.3025851      -21245.852                                                  -21245.852
              2      -10625.335      0.31602652      -2.3025851       -2.3025851      -21246.066                                                  -21246.066
              1      -10625.346      0.31551896      -2.3025851       -2.3025851      -21246.086                                                  -21246.086
              1      -10625.336      0.31400905      -2.3025851       -2.3025851      -21246.068                                                  -21246.068
              1      -10625.323      0.31359114      -2.3025851       -2.3025851      -21246.042                                                  -21246.042
              4      -10624.701      0.30792859      -2.3025851       -2.3025851      -21244.796                                                  -21244.796
              1      -10625.234      0.31202491      -2.3025851       -2.3025851      -21245.862                                                  -21245.862
              1      -10624.458      0.32318109      -2.3025851       -2.3025851       -21244.31                                                   -21244.31
              2      -10623.723      0.32602141      -2.3025851       -2.3025851      -21242.842                                                  -21242.842
              3      -10624.801      0.30850373      -2.3025851       -2.3025851      -21244.997                                                  -21244.997
              1      -10624.547      0.30713029      -2.3025851       -2.3025851       -21244.49                                                   -21244.49
              3      -10625.349       0.3151048      -2.3025851       -2.3025851      -21246.093                                                  -21246.093
              3      -10624.693      0.32202695      -2.3025851       -2.3025851      -21244.781                                                  -21244.781
              2      -10624.644      0.32228472      -2.3025851       -2.3025851      -21244.682                                                  -21244.682
              1      -10625.349      0.31508256      -2.3025851       -2.3025851      -21246.093                                                  -21246.093
              2       -10624.64      0.32230154      -2.3025851       -2.3025851      -21244.675                                                  -21244.675
              1      -10625.348      0.31535962      -2.3025851       -2.3025851       -21246.09                                                   -21246.09
              1      -10623.975      0.30467735      -2.3025851       -2.3025851      -21243.345                                                  -21243.345
              1      -10624.522      0.30700729      -2.3025851       -2.3025851      -21244.439                                                  -21244.439
              1      -10624.078      0.30507489      -2.3025851       -2.3025851      -21243.551                                                  -21243.551
              1      -10624.953      0.30948103      -2.3025851       -2.3025851      -21245.301                                                  -21245.301
              1      -10625.027      0.31002841      -2.3025851       -2.3025851       -21245.45                                                   -21245.45
              1      -10624.948      0.32050478      -2.3025851       -2.3025851       -21245.29                                                   -21245.29
              1      -10625.345      0.31556989      -2.3025851       -2.3025851      -21246.085                                                  -21246.085
              1      -10623.969      0.30465365      -2.3025851       -2.3025851      -21243.333                                                  -21243.333
              1      -10622.285      0.29951027      -2.3025851       -2.3025851      -21239.965                                                  -21239.965
              1       -10624.23      0.30569083      -2.3025851       -2.3025851      -21243.854                                                  -21243.854
              1      -10625.226      0.31193067      -2.3025851       -2.3025851      -21245.847                                                  -21245.847
              1      -10625.346      0.31450969      -2.3025851       -2.3025851      -21246.087                                                  -21246.087
              1       -10625.33      0.31620832      -2.3025851       -2.3025851      -21246.055                                                  -21246.055
              2      -10625.342      0.31574095      -2.3025851       -2.3025851      -21246.079                                                  -21246.079
              2      -10625.272      0.31256767      -2.3025851       -2.3025851      -21245.939                                                  -21245.939
              2      -10625.252      0.31226511      -2.3025851       -2.3025851      -21245.898                                                  -21245.898
              4      -10625.317      0.31657556      -2.3025851       -2.3025851      -21246.028                                                  -21246.028
              2      -10624.979      0.30966449      -2.3025851       -2.3025851      -21245.353                                                  -21245.353
              1      -10625.188      0.31849831      -2.3025851       -2.3025851       -21245.77                                                   -21245.77
              4      -10625.136      0.31095417      -2.3025851       -2.3025851      -21245.667                                                  -21245.667
              5       -10623.36      0.32718016      -2.3025851       -2.3025851      -21242.114                                                  -21242.114
              1      -10624.613      0.32244138      -2.3025851       -2.3025851       -21244.62                                                   -21244.62
              1      -10625.338      0.31406071      -2.3025851       -2.3025851       -21246.07                                                   -21246.07
              1      -10625.319       0.3134758      -2.3025851       -2.3025851      -21246.033                                                  -21246.033
              1      -10625.301      0.31690332      -2.3025851       -2.3025851      -21245.998                                                  -21245.998
              3      -10624.206      0.32425539      -2.3025851       -2.3025851      -21243.807                                                  -21243.807
              4      -10625.249      0.31776481      -2.3025851       -2.3025851      -21245.892                                                  -21245.892
              2      -10625.341      0.31418368      -2.3025851       -2.3025851      -21246.076                                                  -21246.076
              2      -10624.471      0.30676112      -2.3025851       -2.3025851      -21244.336                                                  -21244.336
              1      -10623.236      0.30216918      -2.3025851       -2.3025851      -21241.867                                                  -21241.867
              3       -10623.27      0.30227213      -2.3025851       -2.3025851      -21241.934                                                  -21241.934
              2      -10625.245      0.31217499      -2.3025851       -2.3025851      -21245.885                                                  -21245.885
              2      -10625.278      0.31265694      -2.3025851       -2.3025851       -21245.95                                                   -21245.95
              1      -10624.678      0.30780526      -2.3025851       -2.3025851      -21244.751                                                  -21244.751
              2       -10625.12      0.31916242      -2.3025851       -2.3025851      -21245.635                                                  -21245.635
              1      -10624.717       0.3219001      -2.3025851       -2.3025851      -21244.828                                                  -21244.828
              2      -10624.993      0.32018237      -2.3025851       -2.3025851      -21245.382                                                  -21245.382
              1      -10625.334      0.31392625      -2.3025851       -2.3025851      -21246.063                                                  -21246.063
              1      -10625.348      0.31473357      -2.3025851       -2.3025851      -21246.092                                                  -21246.092
              2      -10625.245      0.31781275      -2.3025851       -2.3025851      -21245.885                                                  -21245.885
              2      -10624.724       0.3080582      -2.3025851       -2.3025851      -21244.843                                                  -21244.843
              1      -10624.934      0.32059463      -2.3025851       -2.3025851      -21245.263                                                  -21245.263
              1      -10624.791      0.30844371      -2.3025851       -2.3025851      -21244.977                                                  -21244.977
              1      -10625.231      0.31799762      -2.3025851       -2.3025851      -21245.856                                                  -21245.856
              1      -10623.425      0.30276297      -2.3025851       -2.3025851      -21242.245                                                  -21242.245
              4      -10624.678      0.30780718      -2.3025851       -2.3025851      -21244.751                                                  -21244.751
              1      -10625.089      0.31053004      -2.3025851       -2.3025851      -21245.573                                                  -21245.573
              3      -10623.359      0.30255191      -2.3025851       -2.3025851      -21242.113                                                  -21242.113
              1      -10625.264       0.3175497      -2.3025851       -2.3025851      -21245.922                                                  -21245.922
              1      -10624.649      0.32225627      -2.3025851       -2.3025851      -21244.693                                                  -21244.693
              5      -10625.346      0.31546873      -2.3025851       -2.3025851      -21246.088                                                  -21246.088
              1      -10625.348      0.31534305      -2.3025851       -2.3025851       -21246.09                                                   -21246.09
              3      -10625.221      0.31812322      -2.3025851       -2.3025851      -21245.836                                                  -21245.836
              1      -10625.307      0.31679781      -2.3025851       -2.3025851      -21246.008                                                  -21246.008
              2      -10625.349      0.31493261      -2.3025851       -2.3025851      -21246.093                                                  -21246.093
              1      -10624.988      0.32022203      -2.3025851       -2.3025851      -21245.371                                                  -21245.371
              1      -10624.733      0.30810604      -2.3025851       -2.3025851       -21244.86                                                   -21244.86
              1      -10623.911      0.32537126      -2.3025851       -2.3025851      -21243.217                                                  -21243.217
              4      -10625.255      0.31231288      -2.3025851       -2.3025851      -21245.905                                                  -21245.905
              2      -10625.349      0.31481004      -2.3025851       -2.3025851      -21246.093                                                  -21246.093
              3      -10625.316      0.31340953      -2.3025851       -2.3025851      -21246.027                                                  -21246.027
              1      -10625.349      0.31516405      -2.3025851       -2.3025851      -21246.093                                                  -21246.093
              1      -10625.317      0.31342537      -2.3025851       -2.3025851      -21246.029                                                  -21246.029
              1      -10625.204      0.31166653      -2.3025851       -2.3025851      -21245.803                                                  -21245.803
              1      -10625.199      0.31160302      -2.3025851       -2.3025851      -21245.792                                                  -21245.792
              2      -10625.244      0.31782205      -2.3025851       -2.3025851      -21245.883                                                  -21245.883
              2      -10625.178       0.3186008      -2.3025851       -2.3025851      -21245.751                                                  -21245.751
              1      -10625.281      0.31270938      -2.3025851       -2.3025851      -21245.956                                                  -21245.956
              1      -10625.277      0.31733896      -2.3025851       -2.3025851      -21245.949                                                  -21245.949
              2      -10625.319      0.31650592      -2.3025851       -2.3025851      -21246.034                                                  -21246.034
              1      -10625.239      0.31788643      -2.3025851       -2.3025851      -21245.874                                                  -21245.874
              1       -10625.06      0.31029092      -2.3025851       -2.3025851      -21245.516                                                  -21245.516
              2       -10624.99      0.30974313      -2.3025851       -2.3025851      -21245.374                                                  -21245.374
              1      -10625.119      0.31079757      -2.3025851       -2.3025851      -21245.633                                                  -21245.633
              1      -10625.108      0.31927151      -2.3025851       -2.3025851      -21245.611                                                  -21245.611
              1      -10624.663      0.32218406      -2.3025851       -2.3025851      -21244.721                                                  -21244.721
              2      -10625.056      0.31025677      -2.3025851       -2.3025851      -21245.507                                                  -21245.507
              1      -10625.243      0.31783592      -2.3025851       -2.3025851      -21245.881                                                  -21245.881
              2      -10625.339      0.31587677      -2.3025851       -2.3025851      -21246.073                                                  -21246.073
              2      -10625.345      0.31555672      -2.3025851       -2.3025851      -21246.085                                                  -21246.085
              1      -10625.077      0.31953406      -2.3025851       -2.3025851      -21245.549                                                  -21245.549
              2      -10625.267      0.31749757      -2.3025851       -2.3025851      -21245.929                                                  -21245.929
              5      -10625.172      0.31866597      -2.3025851       -2.3025851      -21245.738                                                  -21245.738
              1      -10624.568      0.30723527      -2.3025851       -2.3025851      -21244.531                                                  -21244.531
              1      -10624.863      0.32105418      -2.3025851       -2.3025851       -21245.12                                                   -21245.12
              1      -10624.823      0.32129445      -2.3025851       -2.3025851      -21245.041                                                  -21245.041
              1      -10624.973      0.32032538      -2.3025851       -2.3025851      -21245.342                                                  -21245.342
              4      -10624.389      0.32348604      -2.3025851       -2.3025851      -21244.173                                                  -21244.173
