#        weight    minuslogpost         Omega_m   minuslogprior minuslogprior__0            chi2 chi2__functions_and_classes.SO_x_DESI_Likelihood_w_emulator
              2       -10625.07      0.31037344      -2.3025851       -2.3025851      -21245.536                                                  -21245.536
              1      -10625.347      0.31456694      -2.3025851       -2.3025851      -21246.089                                                  -21246.089
              1      -10625.334      0.31392771      -2.3025851       -2.3025851      -21246.063                                                  -21246.063
              1       -10625.15       0.3188848      -2.3025851       -2.3025851      -21245.695                                                  -21245.695
              1      -10625.349      0.31475156      -2.3025851       -2.3025851      -21246.092                                                  -21246.092
              1      -10625.303      0.31311778      -2.3025851       -2.3025851      -21246.001                                                  -21246.001
              1      -10625.253      0.31228772      -2.3025851       -2.3025851      -21245.901                                                  -21245.901
              2      -10624.266        0.324013      -2.3025851       -2.3025851      -21243.926                                                  -21243.926
              2       -10625.11      0.31925127      -2.3025851       -2.3025851      -21245.615                                                  -21245.615
              1      -10625.258      0.31763817      -2.3025851       -2.3025851       -21245.91                                                   -21245.91
              1      -10624.311      0.32382336      -2.3025851       -2.3025851      -21244.017                                                  -21244.017
              1      -10622.447      0.32967942      -2.3025851       -2.3025851      -21240.289                                                  -21240.289
              3      -10625.346      0.31450941      -2.3025851       -2.3025851      -21246.087                                                  -21246.087
              1      -10624.919      0.32069312      -2.3025851       -2.3025851      -21245.234                                                  -21245.234
              1       -10625.25       0.3177507      -2.3025851       -2.3025851      -21245.894                                                  -21245.894
              2      -10625.346      0.31553646      -2.3025851       -2.3025851      -21246.086                                                  -21246.086
              1        -10624.9       0.3091237      -2.3025851       -2.3025851      -21245.196                                                  -21245.196
              1      -10624.611      0.30745201      -2.3025851       -2.3025851      -21244.617                                                  -21244.617
              1      -10624.969      0.32035346      -2.3025851       -2.3025851      -21245.334                                                  -21245.334
              1      -10624.507      0.30693669      -2.3025851       -2.3025851       -21244.41                                                   -21244.41
              2       -10625.18      0.31140186      -2.3025851       -2.3025851      -21245.756                                                  -21245.756
              1      -10623.797       0.3040218      -2.3025851       -2.3025851      -21242.989                                                  -21242.989
              2      -10625.251      0.31773494      -2.3025851       -2.3025851      -21245.896                                                  -21245.896
              1      -10624.134      0.32453928      -2.3025851       -2.3025851      -21243.663                                                  -21243.663
              1      -10625.251      0.31226434      -2.3025851       -2.3025851      -21245.898                                                  -21245.898
              1      -10624.603       0.3074107      -2.3025851       -2.3025851        -21244.6                                                    -21244.6
              1      -10625.152      0.31111408      -2.3025851       -2.3025851        -21245.7                                                    -21245.7
              1          -10625      0.30981792      -2.3025851       -2.3025851      -21245.394                                                  -21245.394
              1      -10625.088      0.31052658      -2.3025851       -2.3025851      -21245.572                                                  -21245.572
              1      -10624.311      0.30603751      -2.3025851       -2.3025851      -21244.016                                                  -21244.016
              1      -10623.242      0.30218581      -2.3025851       -2.3025851      -21241.878                                                  -21241.878
              2      -10624.744      0.30816966      -2.3025851       -2.3025851      -21244.883                                                  -21244.883
              3      -10624.164      0.30541906      -2.3025851       -2.3025851      -21243.723                                                  -21243.723
              1      -10624.778      0.30836398      -2.3025851       -2.3025851       -21244.95                                                   -21244.95
              1       -10625.31      0.31325769      -2.3025851       -2.3025851      -21246.014                                                  -21246.014
              1      -10625.349      0.31505685      -2.3025851       -2.3025851      -21246.093                                                  -21246.093
              1      -10625.312       0.3133214      -2.3025851       -2.3025851       -21246.02                                                   -21246.02
              2      -10624.995      0.30978312      -2.3025851       -2.3025851      -21245.385                                                  -21245.385
              1      -10625.274      0.31259408      -2.3025851       -2.3025851      -21245.942                                                  -21245.942
              1      -10625.349      0.31513503      -2.3025851       -2.3025851      -21246.093                                                  -21246.093
              1      -10625.078      0.31952942      -2.3025851       -2.3025851       -21245.55                                                   -21245.55
              1      -10625.317      0.31657049      -2.3025851       -2.3025851      -21246.028                                                  -21246.028
              1      -10625.347      0.31456829      -2.3025851       -2.3025851      -21246.089                                                  -21246.089
              1      -10624.567      0.30723046      -2.3025851       -2.3025851      -21244.529                                                  -21244.529
              2      -10624.507      0.30693724      -2.3025851       -2.3025851       -21244.41                                                   -21244.41
              1      -10625.272      0.31257053      -2.3025851       -2.3025851      -21245.939                                                  -21245.939
              2      -10625.319      0.31651245      -2.3025851       -2.3025851      -21246.033                                                  -21246.033
              1       -10625.19      0.31846838      -2.3025851       -2.3025851      -21245.776                                                  -21245.776
              1      -10625.339      0.31588702      -2.3025851       -2.3025851      -21246.073                                                  -21246.073
              1      -10625.343      0.31431077      -2.3025851       -2.3025851      -21246.081                                                  -21246.081
              1      -10625.333      0.31611775      -2.3025851       -2.3025851      -21246.061                                                  -21246.061
              1      -10625.282      0.31273945      -2.3025851       -2.3025851       -21245.96                                                   -21245.96
              2      -10625.259      0.31236963      -2.3025851       -2.3025851      -21245.913                                                  -21245.913
              1      -10625.313      0.31332986      -2.3025851       -2.3025851       -21246.02                                                   -21246.02
              2      -10625.294      0.31704755      -2.3025851       -2.3025851      -21245.983                                                  -21245.983
              1      -10625.342      0.31424831      -2.3025851       -2.3025851      -21246.079                                                  -21246.079
              1      -10625.346      0.31548812      -2.3025851       -2.3025851      -21246.087                                                  -21246.087
              1      -10625.234      0.31795471      -2.3025851       -2.3025851      -21245.863                                                  -21245.863
              1      -10625.231      0.31799157      -2.3025851       -2.3025851      -21245.857                                                  -21245.857
              1       -10625.26      0.31238436      -2.3025851       -2.3025851      -21245.915                                                  -21245.915
              2      -10625.219      0.31183804      -2.3025851       -2.3025851      -21245.832                                                  -21245.832
              1      -10625.321      0.31648013      -2.3025851       -2.3025851      -21246.036                                                  -21246.036
              1      -10625.238      0.31790365      -2.3025851       -2.3025851      -21245.871                                                  -21245.871
              1      -10625.334      0.31390731      -2.3025851       -2.3025851      -21246.062                                                  -21246.062
              2      -10625.284      0.31276987      -2.3025851       -2.3025851      -21245.963                                                  -21245.963
              1      -10625.315      0.31660981      -2.3025851       -2.3025851      -21246.025                                                  -21246.025
              1      -10625.206      0.31829486      -2.3025851       -2.3025851      -21245.807                                                  -21245.807
              1      -10625.123      0.31914006      -2.3025851       -2.3025851       -21245.64                                                   -21245.64
              1      -10624.845      0.32116686      -2.3025851       -2.3025851      -21245.084                                                  -21245.084
              1      -10625.236      0.31205008      -2.3025851       -2.3025851      -21245.866                                                  -21245.866
              1      -10625.298      0.31301089      -2.3025851       -2.3025851       -21245.99                                                   -21245.99
              1      -10625.287      0.31718049      -2.3025851       -2.3025851      -21245.968                                                  -21245.968
              1      -10624.715      0.30800708      -2.3025851       -2.3025851      -21244.825                                                  -21244.825
              1       -10624.71      0.30798269      -2.3025851       -2.3025851      -21244.816                                                  -21244.816
              1      -10625.339      0.31410742      -2.3025851       -2.3025851      -21246.073                                                  -21246.073
              1      -10625.066       0.3103397      -2.3025851       -2.3025851      -21245.528                                                  -21245.528
              1      -10624.827      0.32127329      -2.3025851       -2.3025851      -21245.048                                                  -21245.048
              2      -10624.859      0.32107996      -2.3025851       -2.3025851      -21245.112                                                  -21245.112
              1       -10624.91      0.32075234      -2.3025851       -2.3025851      -21245.216                                                  -21245.216
              1      -10625.192      0.31844878      -2.3025851       -2.3025851      -21245.779                                                  -21245.779
              1      -10625.168      0.31127687      -2.3025851       -2.3025851      -21245.732                                                  -21245.732
              2      -10624.995      0.30977938      -2.3025851       -2.3025851      -21245.384                                                  -21245.384
              3      -10624.084      0.30509658      -2.3025851       -2.3025851      -21243.562                                                  -21243.562
              1      -10623.871      0.30428838      -2.3025851       -2.3025851      -21243.136                                                  -21243.136
              3      -10624.885      0.32091712      -2.3025851       -2.3025851      -21245.164                                                  -21245.164
              2      -10624.584      0.32258384      -2.3025851       -2.3025851      -21244.563                                                  -21244.563
              1      -10625.219      0.31814591      -2.3025851       -2.3025851      -21245.832                                                  -21245.832
              2      -10625.206      0.31829164      -2.3025851       -2.3025851      -21245.807                                                  -21245.807
              1      -10625.323      0.31359111      -2.3025851       -2.3025851      -21246.042                                                  -21246.042
              1      -10625.341      0.31420415      -2.3025851       -2.3025851      -21246.077                                                  -21246.077
              1       -10625.29      0.31711575      -2.3025851       -2.3025851      -21245.975                                                  -21245.975
              1      -10624.027      0.30487566      -2.3025851       -2.3025851      -21243.449                                                  -21243.449
              2      -10625.126      0.31085838      -2.3025851       -2.3025851      -21245.646                                                  -21245.646
              1      -10625.311       0.3132829      -2.3025851       -2.3025851      -21246.016                                                  -21246.016
              3      -10624.111      0.30520698      -2.3025851       -2.3025851      -21243.617                                                  -21243.617
              3      -10625.045      0.31016711      -2.3025851       -2.3025851      -21245.485                                                  -21245.485
              1      -10625.083      0.31047715      -2.3025851       -2.3025851       -21245.56                                                   -21245.56
              1      -10624.685      0.30784109      -2.3025851       -2.3025851      -21244.764                                                  -21244.764
              3      -10625.329      0.31376725      -2.3025851       -2.3025851      -21246.054                                                  -21246.054
              1       -10625.22      0.31185204      -2.3025851       -2.3025851      -21245.835                                                  -21245.835
              1      -10625.044      0.31016159      -2.3025851       -2.3025851      -21245.484                                                  -21245.484
              1      -10625.007      0.32008537      -2.3025851       -2.3025851      -21245.408                                                  -21245.408
              1      -10624.698      0.32200148      -2.3025851       -2.3025851       -21244.79                                                   -21244.79
              1      -10625.104      0.31065936      -2.3025851       -2.3025851      -21245.602                                                  -21245.602
              1      -10625.086      0.31050214      -2.3025851       -2.3025851      -21245.566                                                  -21245.566
              1      -10625.332      0.31386412      -2.3025851       -2.3025851       -21246.06                                                   -21246.06
              2      -10624.929      0.30931218      -2.3025851       -2.3025851      -21245.252                                                  -21245.252
              2      -10625.345      0.31558906      -2.3025851       -2.3025851      -21246.084                                                  -21246.084
              2      -10624.706      0.30796043      -2.3025851       -2.3025851      -21244.808                                                  -21244.808
              1      -10624.265      0.30584069      -2.3025851       -2.3025851      -21243.925                                                  -21243.925
              2      -10624.673      0.30777725      -2.3025851       -2.3025851       -21244.74                                                   -21244.74
              1      -10625.141      0.31100794      -2.3025851       -2.3025851      -21245.678                                                  -21245.678
              1       -10623.09      0.32797185      -2.3025851       -2.3025851      -21241.574                                                  -21241.574
              1      -10623.857      0.32556097      -2.3025851       -2.3025851      -21243.109                                                  -21243.109
              1      -10624.773       0.3215871      -2.3025851       -2.3025851      -21244.941                                                  -21244.941
              6      -10625.337       0.3140403      -2.3025851       -2.3025851      -21246.069                                                  -21246.069
              2      -10625.349      0.31502776      -2.3025851       -2.3025851      -21246.094                                                  -21246.094
              3       -10624.95       0.3204872      -2.3025851       -2.3025851      -21245.295                                                  -21245.295
              1      -10624.918      0.32070063      -2.3025851       -2.3025851      -21245.232                                                  -21245.232
              1      -10624.579      0.32261013      -2.3025851       -2.3025851      -21244.552                                                  -21244.552
              2      -10624.993      0.30976932      -2.3025851       -2.3025851      -21245.381                                                  -21245.381
              1      -10624.111      0.32463078      -2.3025851       -2.3025851      -21243.616                                                  -21243.616
              1      -10624.832      0.32124175      -2.3025851       -2.3025851      -21245.059                                                  -21245.059
              1      -10624.009      0.32501666      -2.3025851       -2.3025851      -21243.412                                                  -21243.412
              1      -10624.958      0.32043297      -2.3025851       -2.3025851      -21245.311                                                  -21245.311
              1       -10624.98       0.3202813      -2.3025851       -2.3025851      -21245.354                                                  -21245.354
              1      -10624.556      0.32272039      -2.3025851       -2.3025851      -21244.507                                                  -21244.507
              1      -10624.671      0.32213984      -2.3025851       -2.3025851      -21244.738                                                  -21244.738
              1       -10625.31      0.31672363      -2.3025851       -2.3025851      -21246.015                                                  -21246.015
              3      -10624.892      0.30906651      -2.3025851       -2.3025851      -21245.178                                                  -21245.178
              1      -10625.321      0.31354095      -2.3025851       -2.3025851      -21246.038                                                  -21246.038
              2      -10625.214      0.31820733      -2.3025851       -2.3025851      -21245.822                                                  -21245.822
              1      -10625.138      0.31899389      -2.3025851       -2.3025851      -21245.672                                                  -21245.672
              1       -10625.33      0.31379864      -2.3025851       -2.3025851      -21246.056                                                  -21246.056
              1      -10625.279      0.31730544      -2.3025851       -2.3025851      -21245.953                                                  -21245.953
              1      -10625.259      0.31762313      -2.3025851       -2.3025851      -21245.912                                                  -21245.912
              2      -10625.295       0.3170206      -2.3025851       -2.3025851      -21245.986                                                  -21245.986
              1      -10625.346      0.31447799      -2.3025851       -2.3025851      -21246.086                                                  -21246.086
              1      -10625.067      0.31962044      -2.3025851       -2.3025851      -21245.528                                                  -21245.528
              1      -10624.799      0.32143749      -2.3025851       -2.3025851      -21244.993                                                  -21244.993
              1      -10624.716      0.32190161      -2.3025851       -2.3025851      -21244.827                                                  -21244.827
              1      -10625.319      0.31346705      -2.3025851       -2.3025851      -21246.032                                                  -21246.032
              1      -10623.474      0.30292062      -2.3025851       -2.3025851      -21242.342                                                  -21242.342
              1      -10625.349      0.31500056      -2.3025851       -2.3025851      -21246.094                                                  -21246.094
              2      -10625.206      0.31829478      -2.3025851       -2.3025851      -21245.807                                                  -21245.807
              1      -10625.024      0.31000426      -2.3025851       -2.3025851      -21245.443                                                  -21245.443
              1      -10625.299      0.31303509      -2.3025851       -2.3025851      -21245.992                                                  -21245.992
              1      -10625.348      0.31532776      -2.3025851       -2.3025851      -21246.091                                                  -21246.091
              1      -10625.306      0.31681123      -2.3025851       -2.3025851      -21246.007                                                  -21246.007
              1      -10623.615      0.32637919      -2.3025851       -2.3025851      -21242.625                                                  -21242.625
              2      -10625.284      0.31722438      -2.3025851       -2.3025851      -21245.963                                                  -21245.963
              4      -10625.349      0.31496935      -2.3025851       -2.3025851      -21246.094                                                  -21246.094
              1      -10625.019      0.31999674      -2.3025851       -2.3025851      -21245.432                                                  -21245.432
              2      -10625.348      0.31471912      -2.3025851       -2.3025851      -21246.091                                                  -21246.091
              1      -10624.978      0.30965379      -2.3025851       -2.3025851       -21245.35                                                   -21245.35
              1      -10623.989      0.30472877      -2.3025851       -2.3025851      -21243.373                                                  -21243.373
              1      -10625.039      0.31011658      -2.3025851       -2.3025851      -21245.472                                                  -21245.472
              4      -10624.867      0.30890836      -2.3025851       -2.3025851      -21245.129                                                  -21245.129
              3      -10625.328      0.31373542      -2.3025851       -2.3025851      -21246.052                                                  -21246.052
              1      -10625.168      0.31127302      -2.3025851       -2.3025851      -21245.731                                                  -21245.731
              2      -10625.336      0.31398534      -2.3025851       -2.3025851      -21246.067                                                  -21246.067
              2      -10625.304      0.31312915      -2.3025851       -2.3025851      -21246.002                                                  -21246.002
              1      -10625.135      0.31095006      -2.3025851       -2.3025851      -21245.666                                                  -21245.666
              2          -10625      0.30982344      -2.3025851       -2.3025851      -21245.396                                                  -21245.396
              2      -10624.093      0.30513238      -2.3025851       -2.3025851       -21243.58                                                   -21243.58
              1      -10624.647      0.30763934      -2.3025851       -2.3025851      -21244.689                                                  -21244.689
              1      -10624.442      0.30662681      -2.3025851       -2.3025851      -21244.279                                                  -21244.279
              1        -10624.1      0.30515992      -2.3025851       -2.3025851      -21243.594                                                  -21243.594
              1      -10624.758      0.30825346      -2.3025851       -2.3025851      -21244.912                                                  -21244.912
              1      -10624.706      0.30795858      -2.3025851       -2.3025851      -21244.807                                                  -21244.807
              2      -10625.307      0.31321125      -2.3025851       -2.3025851       -21246.01                                                   -21246.01
              2      -10624.127       0.3052704      -2.3025851       -2.3025851      -21243.649                                                  -21243.649
              1      -10625.242      0.31213479      -2.3025851       -2.3025851      -21245.879                                                  -21245.879
              1      -10624.944      0.30941646      -2.3025851       -2.3025851      -21245.282                                                  -21245.282
              1      -10624.509      0.30694555      -2.3025851       -2.3025851      -21244.413                                                  -21244.413
              1      -10625.037      0.31010608      -2.3025851       -2.3025851       -21245.47                                                   -21245.47
              1      -10624.411        0.323392      -2.3025851       -2.3025851      -21244.216                                                  -21244.216
              1      -10625.183      0.31854907      -2.3025851       -2.3025851      -21245.761                                                  -21245.761
              1      -10623.524      0.32667152      -2.3025851       -2.3025851      -21242.443                                                  -21242.443
              1      -10624.191       0.3243162      -2.3025851       -2.3025851      -21243.777                                                  -21243.777
              4      -10624.366      0.30627973      -2.3025851       -2.3025851      -21244.126                                                  -21244.126
              1      -10625.046      0.31017175      -2.3025851       -2.3025851      -21245.486                                                  -21245.486
              1      -10625.102      0.31932088      -2.3025851       -2.3025851        -21245.6                                                    -21245.6
              1      -10625.292      0.31291049      -2.3025851       -2.3025851      -21245.979                                                  -21245.979
              1      -10624.945      0.32052364      -2.3025851       -2.3025851      -21245.284                                                  -21245.284
              1      -10625.129      0.31908376      -2.3025851       -2.3025851      -21245.652                                                  -21245.652
              1      -10625.259      0.31761249      -2.3025851       -2.3025851      -21245.914                                                  -21245.914
              1      -10625.219      0.31184557      -2.3025851       -2.3025851      -21245.833                                                  -21245.833
              1       -10625.34      0.31585268      -2.3025851       -2.3025851      -21246.074                                                  -21246.074
              1      -10625.304      0.31685539      -2.3025851       -2.3025851      -21246.002                                                  -21246.002
              1      -10625.238      0.31790952      -2.3025851       -2.3025851       -21245.87                                                   -21245.87
              1      -10625.226      0.31192401      -2.3025851       -2.3025851      -21245.846                                                  -21245.846
              1      -10625.286      0.31279625      -2.3025851       -2.3025851      -21245.966                                                  -21245.966
              2      -10625.343      0.31569748      -2.3025851       -2.3025851      -21246.081                                                  -21246.081
              1      -10625.248      0.31221486      -2.3025851       -2.3025851      -21245.891                                                  -21245.891
              1       -10625.18      0.31858359      -2.3025851       -2.3025851      -21245.754                                                  -21245.754
              2      -10624.719      0.32188475      -2.3025851       -2.3025851      -21244.833                                                  -21244.833
              1      -10625.145      0.31104551      -2.3025851       -2.3025851      -21245.685                                                  -21245.685
              1      -10625.054      0.31024248      -2.3025851       -2.3025851      -21245.504                                                  -21245.504
              2      -10625.149      0.31107741      -2.3025851       -2.3025851      -21245.692                                                  -21245.692
              1      -10625.139      0.31098921      -2.3025851       -2.3025851      -21245.674                                                  -21245.674
              1      -10625.204       0.3116668      -2.3025851       -2.3025851      -21245.803                                                  -21245.803
              5      -10625.335      0.31393969      -2.3025851       -2.3025851      -21246.064                                                  -21246.064
              1      -10625.333      0.31610397      -2.3025851       -2.3025851      -21246.061                                                  -21246.061
              1      -10624.961      0.32041554      -2.3025851       -2.3025851      -21245.316                                                  -21245.316
              6      -10625.187      0.31851008      -2.3025851       -2.3025851      -21245.768                                                  -21245.768
              2      -10625.349       0.3148352      -2.3025851       -2.3025851      -21246.093                                                  -21246.093
              1       -10625.04      0.31012828      -2.3025851       -2.3025851      -21245.475                                                  -21245.475
              1      -10625.346      0.31450386      -2.3025851       -2.3025851      -21246.087                                                  -21246.087
              1      -10625.308      0.31677126      -2.3025851       -2.3025851      -21246.011                                                  -21246.011
              1      -10625.331      0.31382845      -2.3025851       -2.3025851      -21246.058                                                  -21246.058
              1      -10625.349      0.31487362      -2.3025851       -2.3025851      -21246.093                                                  -21246.093
              1      -10624.762      0.30827451      -2.3025851       -2.3025851      -21244.919                                                  -21244.919
              1      -10625.045      0.31979144      -2.3025851       -2.3025851      -21245.486                                                  -21245.486
              1      -10625.333      0.31611148      -2.3025851       -2.3025851      -21246.061                                                  -21246.061
              1      -10625.312      0.31668388      -2.3025851       -2.3025851      -21246.019                                                  -21246.019
              3      -10625.028      0.31003505      -2.3025851       -2.3025851      -21245.451                                                  -21245.451
              3      -10624.954      0.32046027      -2.3025851       -2.3025851      -21245.303                                                  -21245.303
              2       -10624.65      0.32225406      -2.3025851       -2.3025851      -21244.694                                                  -21244.694
              1      -10625.349      0.31493304      -2.3025851       -2.3025851      -21246.093                                                  -21246.093
              1      -10625.346      0.31553813      -2.3025851       -2.3025851      -21246.086                                                  -21246.086
              1      -10625.026      0.31001647      -2.3025851       -2.3025851      -21245.447                                                  -21245.447
              2      -10624.313      0.30604532      -2.3025851       -2.3025851       -21244.02                                                   -21244.02
              1      -10625.065      0.31033172      -2.3025851       -2.3025851      -21245.526                                                  -21245.526
              1      -10625.341       0.3158085      -2.3025851       -2.3025851      -21246.076                                                  -21246.076
              1      -10625.085      0.31946577      -2.3025851       -2.3025851      -21245.566                                                  -21245.566
              1      -10625.215      0.31818977      -2.3025851       -2.3025851      -21245.825                                                  -21245.825
              1      -10624.193      0.32430914      -2.3025851       -2.3025851       -21243.78                                                   -21243.78
              1      -10624.542      0.32278796      -2.3025851       -2.3025851      -21244.479                                                  -21244.479
              1       -10625.33      0.31620015      -2.3025851       -2.3025851      -21246.056                                                  -21246.056
              1      -10620.516        0.333879      -2.3025851       -2.3025851      -21236.426                                                  -21236.426
              1      -10623.753      0.32592061      -2.3025851       -2.3025851      -21242.901                                                  -21242.901
              1      -10623.914       0.3253616      -2.3025851       -2.3025851      -21243.223                                                  -21243.223
              1      -10624.206       0.3242568      -2.3025851       -2.3025851      -21243.806                                                  -21243.806
              1      -10625.347      0.31546421      -2.3025851       -2.3025851      -21246.088                                                  -21246.088
              2      -10625.207      0.31828616      -2.3025851       -2.3025851      -21245.808                                                  -21245.808
              1      -10623.801      0.32575717      -2.3025851       -2.3025851      -21242.997                                                  -21242.997
              1      -10623.368       0.3271562      -2.3025851       -2.3025851       -21242.13                                                   -21242.13
              1      -10624.905      0.32078483      -2.3025851       -2.3025851      -21245.206                                                  -21245.206
              1      -10624.185      0.30550526      -2.3025851       -2.3025851      -21243.765                                                  -21243.765
              2      -10625.304      0.31685848      -2.3025851       -2.3025851      -21246.002                                                  -21246.002
              3       -10625.04      0.31983443      -2.3025851       -2.3025851      -21245.475                                                  -21245.475
              1      -10625.274       0.3173851      -2.3025851       -2.3025851      -21245.943                                                  -21245.943
              4      -10625.305      0.31683939      -2.3025851       -2.3025851      -21246.004                                                  -21246.004
              1       -10625.23      0.31801048      -2.3025851       -2.3025851      -21245.854                                                  -21245.854
              3      -10625.272      0.31741476      -2.3025851       -2.3025851       -21245.94                                                   -21245.94
              1      -10624.918      0.32070242      -2.3025851       -2.3025851      -21245.231                                                  -21245.231
              1      -10624.513       0.3229264      -2.3025851       -2.3025851       -21244.42                                                   -21244.42
              1      -10624.895       0.3208518      -2.3025851       -2.3025851      -21245.185                                                  -21245.185
              1      -10625.098      0.31935611      -2.3025851       -2.3025851      -21245.591                                                  -21245.591
              1      -10623.858      0.30424088      -2.3025851       -2.3025851       -21243.11                                                   -21243.11
              1      -10625.344      0.31436283      -2.3025851       -2.3025851      -21246.083                                                  -21246.083
              3      -10625.307      0.31321092      -2.3025851       -2.3025851       -21246.01                                                   -21246.01
              1      -10624.982      0.30968512      -2.3025851       -2.3025851      -21245.358                                                  -21245.358
              3       -10624.58      0.32260503      -2.3025851       -2.3025851      -21244.554                                                  -21244.554
              2      -10625.142      0.31101525      -2.3025851       -2.3025851      -21245.679                                                  -21245.679
              1      -10625.127      0.31087141      -2.3025851       -2.3025851      -21245.649                                                  -21245.649
              1      -10625.306      0.31317065      -2.3025851       -2.3025851      -21246.006                                                  -21246.006
              4       -10624.64      0.32230327      -2.3025851       -2.3025851      -21244.675                                                  -21244.675
              1      -10625.278      0.31265907      -2.3025851       -2.3025851       -21245.95                                                   -21245.95
              1      -10625.329      0.31375272      -2.3025851       -2.3025851      -21246.053                                                  -21246.053
              1      -10625.234      0.31202638      -2.3025851       -2.3025851      -21245.862                                                  -21245.862
              3       -10621.86      0.29845499      -2.3025851       -2.3025851      -21239.115                                                  -21239.115
              1      -10622.151      0.29916953      -2.3025851       -2.3025851      -21239.697                                                  -21239.697
              1      -10622.735      0.30071039      -2.3025851       -2.3025851      -21240.866                                                  -21240.866
              1      -10624.503      0.30691334      -2.3025851       -2.3025851        -21244.4                                                    -21244.4
              1      -10624.405      0.30645628      -2.3025851       -2.3025851      -21244.205                                                  -21244.205
              2      -10625.201      0.31835176      -2.3025851       -2.3025851      -21245.797                                                  -21245.797
              1      -10625.292       0.3170857      -2.3025851       -2.3025851      -21245.979                                                  -21245.979
              1      -10625.257      0.31765253      -2.3025851       -2.3025851      -21245.908                                                  -21245.908
              1      -10625.332      0.31615862      -2.3025851       -2.3025851      -21246.058                                                  -21246.058
              1      -10625.349      0.31498882      -2.3025851       -2.3025851      -21246.094                                                  -21246.094
              1      -10625.088      0.31052426      -2.3025851       -2.3025851      -21245.571                                                  -21245.571
              1      -10625.072      0.31957396      -2.3025851       -2.3025851       -21245.54                                                   -21245.54
              1      -10625.273      0.31740867      -2.3025851       -2.3025851      -21245.941                                                  -21245.941
              2      -10625.328      0.31626596      -2.3025851       -2.3025851      -21246.051                                                  -21246.051
              1      -10625.343      0.31570551      -2.3025851       -2.3025851       -21246.08                                                   -21246.08
              1      -10625.228       0.3119585      -2.3025851       -2.3025851      -21245.852                                                  -21245.852
              1      -10625.155      0.31883039      -2.3025851       -2.3025851      -21245.706                                                  -21245.706
              1      -10625.086      0.31946347      -2.3025851       -2.3025851      -21245.566                                                  -21245.566
              2      -10625.295      0.31295647      -2.3025851       -2.3025851      -21245.984                                                  -21245.984
              1      -10622.976       0.3013925      -2.3025851       -2.3025851      -21241.347                                                  -21241.347
              3      -10625.349      0.31516055      -2.3025851       -2.3025851      -21246.093                                                  -21246.093
              1      -10625.346      0.31449071      -2.3025851       -2.3025851      -21246.087                                                  -21246.087
              1      -10625.343      0.31568372      -2.3025851       -2.3025851      -21246.081                                                  -21246.081
              1      -10625.022       0.3099858      -2.3025851       -2.3025851      -21245.439                                                  -21245.439
              5      -10624.798      0.30848231      -2.3025851       -2.3025851       -21244.99                                                   -21244.99
              1      -10624.742      0.30815794      -2.3025851       -2.3025851      -21244.878                                                  -21244.878
              1      -10623.708      0.30370755      -2.3025851       -2.3025851       -21242.81                                                   -21242.81
              4      -10625.348       0.3153677      -2.3025851       -2.3025851       -21246.09                                                   -21246.09
              1      -10625.121      0.31915382      -2.3025851       -2.3025851      -21245.637                                                  -21245.637
              1      -10623.839      0.32562505      -2.3025851       -2.3025851      -21243.073                                                  -21243.073
              1      -10623.683      0.32615663      -2.3025851       -2.3025851      -21242.761                                                  -21242.761
              1      -10623.709      0.32606835      -2.3025851       -2.3025851      -21242.813                                                  -21242.813
              3      -10625.347       0.3154559      -2.3025851       -2.3025851      -21246.088                                                  -21246.088
              2      -10625.228      0.31195009      -2.3025851       -2.3025851       -21245.85                                                   -21245.85
              2      -10625.257      0.31764993      -2.3025851       -2.3025851      -21245.908                                                  -21245.908
              2      -10625.254      0.31229556      -2.3025851       -2.3025851      -21245.902                                                  -21245.902
              2      -10625.283      0.31275257      -2.3025851       -2.3025851      -21245.961                                                  -21245.961
              3      -10625.318      0.31346004      -2.3025851       -2.3025851      -21246.031                                                  -21246.031
              1      -10624.769       0.3083169      -2.3025851       -2.3025851      -21244.934                                                  -21244.934
              2      -10624.272      0.30587119      -2.3025851       -2.3025851      -21243.939                                                  -21243.939
              1      -10625.218      0.31182648      -2.3025851       -2.3025851       -21245.83                                                   -21245.83
              2      -10625.349      0.31498314      -2.3025851       -2.3025851      -21246.094                                                  -21246.094
              2      -10625.333      0.31610244      -2.3025851       -2.3025851      -21246.062                                                  -21246.062
              1      -10625.324      0.31360875      -2.3025851       -2.3025851      -21246.043                                                  -21246.043
              1       -10625.33      0.31379405      -2.3025851       -2.3025851      -21246.055                                                  -21246.055
              2      -10625.205      0.31167768      -2.3025851       -2.3025851      -21245.805                                                  -21245.805
              3      -10624.945      0.30942729      -2.3025851       -2.3025851      -21245.285                                                  -21245.285
              5      -10625.124      0.31912402      -2.3025851       -2.3025851      -21245.643                                                  -21245.643
              1      -10624.788      0.32149879      -2.3025851       -2.3025851      -21244.972                                                  -21244.972
              3      -10625.047      0.31978225      -2.3025851       -2.3025851      -21245.488                                                  -21245.488
              2      -10625.146      0.31892095      -2.3025851       -2.3025851      -21245.687                                                  -21245.687
              1      -10625.321      0.31647517      -2.3025851       -2.3025851      -21246.036                                                  -21246.036
              2      -10625.306      0.31318935      -2.3025851       -2.3025851      -21246.008                                                  -21246.008
              1      -10625.348      0.31473838      -2.3025851       -2.3025851      -21246.092                                                  -21246.092
              1      -10624.767      0.30830044      -2.3025851       -2.3025851      -21244.928                                                  -21244.928
              1       -10625.28      0.31729068      -2.3025851       -2.3025851      -21245.955                                                  -21245.955
              1      -10625.287      0.31716928      -2.3025851       -2.3025851      -21245.969                                                  -21245.969
              1      -10625.117      0.31918976      -2.3025851       -2.3025851      -21245.629                                                  -21245.629
              1      -10625.337      0.31401418      -2.3025851       -2.3025851      -21246.068                                                  -21246.068
              1      -10625.336      0.31601917      -2.3025851       -2.3025851      -21246.066                                                  -21246.066
              1      -10624.989      0.30973729      -2.3025851       -2.3025851      -21245.372                                                  -21245.372
              1      -10625.277      0.31264859      -2.3025851       -2.3025851      -21245.949                                                  -21245.949
              1      -10624.037      0.30491566      -2.3025851       -2.3025851       -21243.47                                                   -21243.47
              1      -10623.376      0.30260492      -2.3025851       -2.3025851      -21242.146                                                  -21242.146
              1      -10623.805      0.30404956      -2.3025851       -2.3025851      -21243.004                                                  -21243.004
              1      -10625.037      0.31010668      -2.3025851       -2.3025851       -21245.47                                                   -21245.47
              1       -10624.86      0.30886388      -2.3025851       -2.3025851      -21245.115                                                  -21245.115
              2      -10625.176      0.31135073      -2.3025851       -2.3025851      -21245.746                                                  -21245.746
              3      -10625.256      0.31232478      -2.3025851       -2.3025851      -21245.906                                                  -21245.906
              2      -10625.208      0.31170945      -2.3025851       -2.3025851      -21245.811                                                  -21245.811
              1      -10625.308      0.31676886      -2.3025851       -2.3025851      -21246.011                                                  -21246.011
              2      -10624.987      0.32022707      -2.3025851       -2.3025851      -21245.369                                                  -21245.369
              1      -10625.349      0.31516292      -2.3025851       -2.3025851      -21246.093                                                  -21246.093
              2      -10625.002      0.32011734      -2.3025851       -2.3025851        -21245.4                                                    -21245.4
              1      -10623.518      0.32669015      -2.3025851       -2.3025851      -21242.431                                                  -21242.431
              1      -10620.717      0.33348858      -2.3025851       -2.3025851      -21236.828                                                  -21236.828
              3       -10623.23      0.32756504      -2.3025851       -2.3025851      -21241.854                                                  -21241.854
              2      -10623.528      0.32665786      -2.3025851       -2.3025851      -21242.451                                                  -21242.451
              1      -10624.318      0.32379322      -2.3025851       -2.3025851      -21244.031                                                  -21244.031
              1      -10624.618      0.32241435      -2.3025851       -2.3025851      -21244.631                                                  -21244.631
              1      -10625.175      0.31863278      -2.3025851       -2.3025851      -21245.745                                                  -21245.745
              1      -10624.091      0.32470503      -2.3025851       -2.3025851      -21243.577                                                  -21243.577
              1      -10623.926      0.32531861      -2.3025851       -2.3025851      -21243.246                                                  -21243.246
              2       -10624.71       0.3219383      -2.3025851       -2.3025851      -21244.814                                                  -21244.814
              1      -10624.557      0.32271651      -2.3025851       -2.3025851      -21244.508                                                  -21244.508
              1      -10625.253      0.31769746      -2.3025851       -2.3025851      -21245.902                                                  -21245.902
              1      -10625.349      0.31484958      -2.3025851       -2.3025851      -21246.093                                                  -21246.093
              1      -10624.986      0.30971865      -2.3025851       -2.3025851      -21245.367                                                  -21245.367
              1      -10624.251      0.32407332      -2.3025851       -2.3025851      -21243.897                                                  -21243.897
              4      -10623.792       0.3040053      -2.3025851       -2.3025851      -21242.979                                                  -21242.979
              1      -10625.226      0.31192142      -2.3025851       -2.3025851      -21245.846                                                  -21245.846
              2      -10625.117      0.31918843      -2.3025851       -2.3025851       -21245.63                                                   -21245.63
              2      -10624.881      0.32094296      -2.3025851       -2.3025851      -21245.156                                                  -21245.156
              1      -10623.652      0.32625793      -2.3025851       -2.3025851      -21242.699                                                  -21242.699
              3      -10623.881      0.32547489      -2.3025851       -2.3025851      -21243.158                                                  -21243.158
              1      -10625.233      0.31797046      -2.3025851       -2.3025851      -21245.861                                                  -21245.861
              3      -10625.178       0.3186062      -2.3025851       -2.3025851       -21245.75                                                   -21245.75
              1      -10624.659      0.32220506      -2.3025851       -2.3025851      -21244.713                                                  -21244.713
              1      -10624.843       0.3211781      -2.3025851       -2.3025851       -21245.08                                                   -21245.08
              3      -10622.499      0.30006977      -2.3025851       -2.3025851      -21240.393                                                  -21240.393
              1      -10625.327       0.3136813      -2.3025851       -2.3025851      -21246.048                                                  -21246.048
              1      -10625.262      0.31241688      -2.3025851       -2.3025851      -21245.919                                                  -21245.919
              2      -10625.349      0.31484907      -2.3025851       -2.3025851      -21246.093                                                  -21246.093
              2      -10625.348      0.31537324      -2.3025851       -2.3025851       -21246.09                                                   -21246.09
              1      -10625.347      0.31460825      -2.3025851       -2.3025851       -21246.09                                                   -21246.09
              4      -10625.277      0.31734833      -2.3025851       -2.3025851      -21245.948                                                  -21245.948
              1       -10625.18      0.31858344      -2.3025851       -2.3025851      -21245.754                                                  -21245.754
              1      -10621.778       0.2982579      -2.3025851       -2.3025851      -21238.951                                                  -21238.951
              3      -10624.159      0.30539973      -2.3025851       -2.3025851      -21243.713                                                  -21243.713
              2      -10624.162      0.30541273      -2.3025851       -2.3025851       -21243.72                                                   -21243.72
              1      -10624.967      0.32037217      -2.3025851       -2.3025851      -21245.328                                                  -21245.328
              1      -10624.719      0.30803287      -2.3025851       -2.3025851      -21244.834                                                  -21244.834
              2      -10624.703      0.30793962      -2.3025851       -2.3025851        -21244.8                                                    -21244.8
              1      -10624.627      0.30753621      -2.3025851       -2.3025851      -21244.649                                                  -21244.649
              1      -10623.527      0.30309446      -2.3025851       -2.3025851      -21242.448                                                  -21242.448
              3      -10624.778      0.30836753      -2.3025851       -2.3025851      -21244.951                                                  -21244.951
              1      -10622.446      0.29992787      -2.3025851       -2.3025851      -21240.286                                                  -21240.286
              1      -10624.852      0.30881472      -2.3025851       -2.3025851      -21245.099                                                  -21245.099
              1      -10624.768      0.32161415      -2.3025851       -2.3025851      -21244.931                                                  -21244.931
              1      -10624.839      0.32119984      -2.3025851       -2.3025851      -21245.073                                                  -21245.073
              2      -10624.423       0.3233369      -2.3025851       -2.3025851      -21244.241                                                  -21244.241
              1      -10625.182      0.31142237      -2.3025851       -2.3025851      -21245.759                                                  -21245.759
              1      -10624.502      0.32297528      -2.3025851       -2.3025851        -21244.4                                                    -21244.4
              2      -10625.345      0.31444714      -2.3025851       -2.3025851      -21246.086                                                  -21246.086
              1      -10625.009       0.3200692      -2.3025851       -2.3025851      -21245.413                                                  -21245.413
              1      -10625.245       0.3178195      -2.3025851       -2.3025851      -21245.884                                                  -21245.884
              2      -10625.294      0.31704766      -2.3025851       -2.3025851      -21245.983                                                  -21245.983
              1      -10625.267      0.31749436      -2.3025851       -2.3025851      -21245.929                                                  -21245.929
              3      -10624.851      0.30880632      -2.3025851       -2.3025851      -21245.097                                                  -21245.097
              1      -10625.345      0.31444944      -2.3025851       -2.3025851      -21246.086                                                  -21246.086
              1      -10625.292      0.31708768      -2.3025851       -2.3025851      -21245.978                                                  -21245.978
              2      -10624.909      0.30918049      -2.3025851       -2.3025851      -21245.213                                                  -21245.213
              2      -10623.585      0.32647633      -2.3025851       -2.3025851      -21242.565                                                  -21242.565
              3      -10625.345      0.31441601      -2.3025851       -2.3025851      -21246.085                                                  -21246.085
              2       -10625.32      0.31650511      -2.3025851       -2.3025851      -21246.034                                                  -21246.034
              1      -10625.027      0.31002696      -2.3025851       -2.3025851      -21245.449                                                  -21245.449
              2      -10625.288      0.31715212      -2.3025851       -2.3025851      -21245.971                                                  -21245.971
              3      -10625.234      0.31795214      -2.3025851       -2.3025851      -21245.863                                                  -21245.863
              1      -10625.283      0.31275553      -2.3025851       -2.3025851      -21245.962                                                  -21245.962
              1      -10624.538      0.32280625      -2.3025851       -2.3025851      -21244.471                                                  -21244.471
              1      -10624.829      0.32125822      -2.3025851       -2.3025851      -21245.053                                                  -21245.053
              2      -10623.933       0.3252933      -2.3025851       -2.3025851      -21243.261                                                  -21243.261
              5      -10624.909      0.32076236      -2.3025851       -2.3025851      -21245.213                                                  -21245.213
              2      -10625.342      0.31572894      -2.3025851       -2.3025851       -21246.08                                                   -21246.08
              1       -10625.34      0.31585441      -2.3025851       -2.3025851      -21246.074                                                  -21246.074
              1      -10624.292       0.3059574      -2.3025851       -2.3025851      -21243.979                                                  -21243.979
              2      -10624.257      0.30580505      -2.3025851       -2.3025851      -21243.908                                                  -21243.908
              4      -10625.338      0.31593152      -2.3025851       -2.3025851      -21246.071                                                  -21246.071
              2      -10625.349      0.31520429      -2.3025851       -2.3025851      -21246.092                                                  -21246.092
              2      -10625.314       0.3133606      -2.3025851       -2.3025851      -21246.023                                                  -21246.023
              1      -10625.325      0.31363993      -2.3025851       -2.3025851      -21246.045                                                  -21246.045
              3      -10625.343      0.31431844      -2.3025851       -2.3025851      -21246.081                                                  -21246.081
              1       -10625.28      0.31269757      -2.3025851       -2.3025851      -21245.955                                                  -21245.955
              2      -10624.747      0.30818995      -2.3025851       -2.3025851       -21244.89                                                   -21244.89
              2      -10624.348      0.30620015      -2.3025851       -2.3025851      -21244.091                                                  -21244.091
              1      -10623.464      0.30288934      -2.3025851       -2.3025851      -21242.323                                                  -21242.323
              1      -10623.275      0.30228989      -2.3025851       -2.3025851      -21241.945                                                  -21241.945
              1      -10623.484      0.30295236      -2.3025851       -2.3025851      -21242.362                                                  -21242.362
              2      -10624.773       0.3083389      -2.3025851       -2.3025851      -21244.941                                                  -21244.941
              1      -10625.346      0.31546834      -2.3025851       -2.3025851      -21246.088                                                  -21246.088
              2      -10625.244      0.31215572      -2.3025851       -2.3025851      -21245.882                                                  -21245.882
              2        -10624.5      0.30690089      -2.3025851       -2.3025851      -21244.395                                                  -21244.395
              1      -10623.778      0.30395471      -2.3025851       -2.3025851      -21242.951                                                  -21242.951
              1      -10623.668      0.30357028      -2.3025851       -2.3025851      -21242.731                                                  -21242.731
              2      -10625.344      0.31436086      -2.3025851       -2.3025851      -21246.083                                                  -21246.083
              2      -10624.797      0.32144811      -2.3025851       -2.3025851      -21244.989                                                  -21244.989
              1       -10625.28      0.31729499      -2.3025851       -2.3025851      -21245.955                                                  -21245.955
              5      -10624.846      0.30877793      -2.3025851       -2.3025851      -21245.087                                                  -21245.087
              1      -10624.586      0.30732427      -2.3025851       -2.3025851      -21244.566                                                  -21244.566
              2      -10625.102      0.31064762      -2.3025851       -2.3025851        -21245.6                                                    -21245.6
              1      -10623.662      0.30354842      -2.3025851       -2.3025851      -21242.718                                                  -21242.718
              4      -10623.422      0.30275394      -2.3025851       -2.3025851       -21242.24                                                   -21242.24
              1      -10624.306      0.30601859      -2.3025851       -2.3025851      -21244.008                                                  -21244.008
              2      -10625.346      0.31451076      -2.3025851       -2.3025851      -21246.087                                                  -21246.087
              3      -10625.338       0.3159486      -2.3025851       -2.3025851       -21246.07                                                   -21246.07
              1      -10625.104      0.31065987      -2.3025851       -2.3025851      -21245.602                                                  -21245.602
              1      -10625.267       0.3174938      -2.3025851       -2.3025851       -21245.93                                                   -21245.93
              2      -10624.513      0.32292364      -2.3025851       -2.3025851      -21244.422                                                  -21244.422
              1      -10623.812      0.32572003      -2.3025851       -2.3025851      -21243.018                                                  -21243.018
              2      -10623.699      0.32610338      -2.3025851       -2.3025851      -21242.793                                                  -21242.793
              1      -10624.355      0.32363595      -2.3025851       -2.3025851      -21244.105                                                  -21244.105
              1      -10623.771      0.32586062      -2.3025851       -2.3025851      -21242.937                                                  -21242.937
              1      -10625.269      0.31251604      -2.3025851       -2.3025851      -21245.932                                                  -21245.932
              2      -10625.349      0.31505717      -2.3025851       -2.3025851      -21246.093                                                  -21246.093
              1      -10625.256       0.3123266      -2.3025851       -2.3025851      -21245.907                                                  -21245.907
              3       -10624.99      0.30974336      -2.3025851       -2.3025851      -21245.374                                                  -21245.374
              3      -10624.284      0.30592021      -2.3025851       -2.3025851      -21243.962                                                  -21243.962
              1      -10624.385      0.32350602      -2.3025851       -2.3025851      -21244.165                                                  -21244.165
              2       -10624.33      0.32374268      -2.3025851       -2.3025851      -21244.055                                                  -21244.055
              1       -10625.31      0.31672399      -2.3025851       -2.3025851      -21246.015                                                  -21246.015
              1       -10625.34      0.31583275      -2.3025851       -2.3025851      -21246.075                                                  -21246.075
              1      -10625.039      0.31984476      -2.3025851       -2.3025851      -21245.472                                                  -21245.472
              1      -10624.691        0.322035      -2.3025851       -2.3025851      -21244.778                                                  -21244.778
              2        -10625.2      0.31836068      -2.3025851       -2.3025851      -21245.795                                                  -21245.795
              2      -10625.303      0.31311624      -2.3025851       -2.3025851      -21246.001                                                  -21246.001
              2      -10625.309      0.31673919      -2.3025851       -2.3025851      -21246.014                                                  -21246.014
              1      -10625.345      0.31560293      -2.3025851       -2.3025851      -21246.084                                                  -21246.084
              1      -10625.332      0.31386369      -2.3025851       -2.3025851       -21246.06                                                   -21246.06
              1      -10625.349        0.314747      -2.3025851       -2.3025851      -21246.092                                                  -21246.092
              1      -10625.337      0.31595658      -2.3025851       -2.3025851      -21246.069                                                  -21246.069
              1       -10624.95      0.30945903      -2.3025851       -2.3025851      -21245.294                                                  -21245.294
              2      -10624.257      0.30580547      -2.3025851       -2.3025851      -21243.908                                                  -21243.908
              2      -10624.339      0.30616245      -2.3025851       -2.3025851      -21244.073                                                  -21244.073
              1      -10624.769      0.32160665      -2.3025851       -2.3025851      -21244.934                                                  -21244.934
              2      -10624.901      0.32081125      -2.3025851       -2.3025851      -21245.198                                                  -21245.198
              1      -10624.931      0.32061726      -2.3025851       -2.3025851      -21245.257                                                  -21245.257
              1      -10624.774      0.32158358      -2.3025851       -2.3025851      -21244.942                                                  -21244.942
              3      -10625.314      0.31662588      -2.3025851       -2.3025851      -21246.024                                                  -21246.024
              2      -10624.675      0.32212171      -2.3025851       -2.3025851      -21244.745                                                  -21244.745
              2      -10622.835      0.32867507      -2.3025851       -2.3025851      -21241.064                                                  -21241.064
              2      -10625.146      0.31892196      -2.3025851       -2.3025851      -21245.687                                                  -21245.687
              1      -10624.978      0.32029094      -2.3025851       -2.3025851      -21245.352                                                  -21245.352
              3      -10624.609      0.32246127      -2.3025851       -2.3025851      -21244.612                                                  -21244.612
              4      -10625.346      0.31551695      -2.3025851       -2.3025851      -21246.087                                                  -21246.087
              3      -10625.322      0.31645415      -2.3025851       -2.3025851      -21246.038                                                  -21246.038
              1      -10625.301      0.31307169      -2.3025851       -2.3025851      -21245.996                                                  -21245.996
              1      -10625.008      0.32007551      -2.3025851       -2.3025851      -21245.411                                                  -21245.411
              1      -10624.932       0.3206092      -2.3025851       -2.3025851      -21245.259                                                  -21245.259
              1      -10625.113      0.31074481      -2.3025851       -2.3025851      -21245.621                                                  -21245.621
              3      -10625.331      0.31617916      -2.3025851       -2.3025851      -21246.057                                                  -21246.057
              1      -10625.308      0.31677232      -2.3025851       -2.3025851       -21246.01                                                   -21246.01
              1      -10625.333      0.31387977      -2.3025851       -2.3025851      -21246.061                                                  -21246.061
              1      -10625.332      0.31386457      -2.3025851       -2.3025851       -21246.06                                                   -21246.06
              3      -10625.101      0.31933648      -2.3025851       -2.3025851      -21245.596                                                  -21245.596
              1      -10625.121      0.31081756      -2.3025851       -2.3025851      -21245.637                                                  -21245.637
              4      -10625.195      0.31156444      -2.3025851       -2.3025851      -21245.785                                                  -21245.785
              1      -10625.256      0.31766183      -2.3025851       -2.3025851      -21245.907                                                  -21245.907
              1      -10625.127      0.31087202      -2.3025851       -2.3025851      -21245.649                                                  -21245.649
              2      -10625.348      0.31535433      -2.3025851       -2.3025851       -21246.09                                                   -21246.09
              1      -10624.828      0.30866728      -2.3025851       -2.3025851      -21245.051                                                  -21245.051
              1      -10624.805      0.32140157      -2.3025851       -2.3025851      -21245.005                                                  -21245.005
              1      -10625.321      0.31646981      -2.3025851       -2.3025851      -21246.037                                                  -21246.037
              1      -10624.632      0.32234279      -2.3025851       -2.3025851      -21244.659                                                  -21244.659
              1      -10624.601      0.32250013      -2.3025851       -2.3025851      -21244.597                                                  -21244.597
              1      -10625.091      0.31942089      -2.3025851       -2.3025851      -21245.576                                                  -21245.576
              6      -10624.975      0.32031334      -2.3025851       -2.3025851      -21245.345                                                  -21245.345
              1      -10624.698      0.32199791      -2.3025851       -2.3025851      -21244.792                                                  -21244.792
              2      -10625.296      0.31700911      -2.3025851       -2.3025851      -21245.987                                                  -21245.987
              6      -10625.102      0.31932657      -2.3025851       -2.3025851      -21245.598                                                  -21245.598
              1      -10624.156      0.32445398      -2.3025851       -2.3025851      -21243.707                                                  -21243.707
              1      -10625.317        0.313424      -2.3025851       -2.3025851      -21246.028                                                  -21246.028
              1      -10624.954       0.3094881      -2.3025851       -2.3025851      -21245.303                                                  -21245.303
              1      -10625.348      0.31463313      -2.3025851       -2.3025851       -21246.09                                                   -21246.09
              1      -10625.034      0.31987662      -2.3025851       -2.3025851      -21245.464                                                  -21245.464
              1      -10625.329      0.31623183      -2.3025851       -2.3025851      -21246.054                                                  -21246.054
              1      -10625.214      0.31820359      -2.3025851       -2.3025851      -21245.823                                                  -21245.823
              3       -10625.06      0.31029033      -2.3025851       -2.3025851      -21245.516                                                  -21245.516
              2      -10625.142      0.31101466      -2.3025851       -2.3025851      -21245.679                                                  -21245.679
              1        -10624.6       0.3073987      -2.3025851       -2.3025851      -21244.596                                                  -21244.596
              1      -10624.508       0.3069392      -2.3025851       -2.3025851       -21244.41                                                   -21244.41
              1      -10623.268      0.30226666      -2.3025851       -2.3025851       -21241.93                                                   -21241.93
              1      -10623.202      0.30206516      -2.3025851       -2.3025851        -21241.8                                                    -21241.8
              1      -10623.038      0.30157263      -2.3025851       -2.3025851       -21241.47                                                   -21241.47
              3      -10625.001      0.30982909      -2.3025851       -2.3025851      -21245.397                                                  -21245.397
              2      -10624.723      0.30805569      -2.3025851       -2.3025851      -21244.842                                                  -21244.842
              1      -10624.974      0.32032305      -2.3025851       -2.3025851      -21245.342                                                  -21245.342
              1      -10625.007      0.32008025      -2.3025851       -2.3025851       -21245.41                                                   -21245.41
              1      -10625.275      0.31262379      -2.3025851       -2.3025851      -21245.946                                                  -21245.946
