# Fiducial parameters: Omega_c, Omega_b, h, Omega_k, w0, wa, A_s, n_s
Omega_c Omega_b h Omega_k w0 wa A_s n_s
1.915481149614182115e+07 -5.248591156338831782e+07 1.913770134829969332e+07 -5.495201802790745348e+07 3.180334823571985587e+06 7.923573678739853203e+05 -1.605734537878823750e+15 -3.432406392179102637e+06
-5.248591156338831782e+07 3.244330079069814682e+08 -3.350041382494218647e+07 1.840654309681758881e+08 -1.091150875044967979e+07 -2.722427041095516179e+06 6.245456784194347000e+15 2.094139962796966732e+07
1.913770134829968959e+07 -3.350041382494218275e+07 2.122545733641607314e+07 -5.184741426498187333e+07 2.980646169873453677e+06 7.425580681935960893e+05 -1.362480221491997500e+15 -2.177842782290144358e+06
-5.495201802790746093e+07 1.840654309681759179e+08 -5.184741426498188078e+07 1.657991321311879456e+08 -9.659122968299109489e+06 -2.408254606556825340e+06 4.681163394736250000e+15 1.176987792475519702e+07
3.180334823571985122e+06 -1.091150875044967607e+07 2.980646169873453677e+06 -9.659122968299107626e+06 5.642207604168026010e+05 1.407230178761206334e+05 -2.753510035941004375e+14 -6.978692212038069265e+05
7.923573678739855532e+05 -2.722427041095515713e+06 7.425580681935960893e+05 -2.408254606556825340e+06 1.407230178761206334e+05 3.510014532441061601e+04 -6.834709655318791406e+13 -1.735146447191007319e+05
-1.605734537878824000e+15 6.245456784194346000e+15 -1.362480221491997500e+15 4.681163394736250000e+15 -2.753510035941004375e+14 -6.834709655318792188e+13 5.261303165201843843e+23 1.026675659369744625e+15
-3.432406392179103103e+06 2.094139962796966359e+07 -2.177842782290144823e+06 1.176987792475519888e+07 -6.978692212038069265e+05 -1.735146447191007610e+05 1.026675659369744375e+15 2.534180031425132882e+06
