# Fiducial parameters: Omega_c, Omega_b, h, Omega_k, w0, wa, A_s, n_s
Omega_c Omega_b h Omega_k w0 wa A_s n_s
7.173218071895568864e+05 -6.535070044709289214e+05 3.827952831434909021e+05 -2.295100804760572501e+05 -3.549727111469060037e+04 -1.195037163201264048e+04 5.221687542187795312e+13 8.392354254160543496e+04
-6.535070044709288049e+05 6.167101873651249334e+05 -3.573454835045345826e+05 2.140569599539375049e+05 3.260325641709734919e+04 1.120142543445272713e+04 -4.853390169828214062e+13 -7.938673457129165763e+04
3.827952831434909021e+05 -3.573454835045345826e+05 2.087643918525137415e+05 -1.255970819629194302e+05 -1.913967160950525431e+04 -6.568626655758927882e+03 2.844692384449050000e+13 4.567039293369366351e+04
-2.295100804760571918e+05 2.140569599539375340e+05 -1.255970819629194157e+05 7.809856757235682744e+04 1.165824740820665829e+04 3.991507560086758076e+03 -1.737373029917680859e+13 -2.467878183299216107e+04
-3.549727111469060037e+04 3.260325641709735282e+04 -1.913967160950525431e+04 1.165824740820665647e+04 1.832031088596569361e+03 6.167529526774576425e+02 -2.636927723597830078e+12 -3.883918508669047696e+03
-1.195037163201264048e+04 1.120142543445272713e+04 -6.568626655758927882e+03 3.991507560086757621e+03 6.167529526774577562e+02 2.135500528429898850e+02 -9.013481074819200439e+11 -1.363023713269458540e+03
5.221687542187796094e+13 -4.853390169828214062e+13 2.844692384449050000e+13 -1.737373029917681055e+13 -2.636927723597829590e+12 -9.013481074819200439e+11 3.916885211418779976e+21 5.889016285692694336e+12
8.392354254160544951e+04 -7.938673457129165763e+04 4.567039293369367078e+04 -2.467878183299215743e+04 -3.883918508669047696e+03 -1.363023713269458312e+03 5.889016285692694336e+12 1.375166406525103230e+04
