#        weight    minuslogpost         Omega_m   minuslogprior minuslogprior__0            chi2 chi2__functions_and_classes.SO_x_DESI_Likelihood
              1       44024.655      0.32776361      -2.9732496       -2.9732496       88055.257                                        88055.257
              4       43665.534      0.34541076      -1.3585599       -1.3585599       87333.785                                        87333.785
              2       43473.157       0.3550822      0.11349611       0.11349611       86946.087                                        86946.087
              5       43281.803      0.36489361       2.0316457        2.0316457       86559.542                                        86559.542
              3       43095.518      0.37464341       4.3615651        4.3615651       86182.312                                        86182.312
              2       43024.228      0.37843877       5.3827897        5.3827897       86037.691                                        86037.691
              3        43013.59      0.37900902        5.541759         5.541759       86016.097                                        86016.097
              2       42855.213      0.38758535       8.1069278        8.1069278       85694.211                                        85694.211
              1       42847.177      0.38802583       8.2475008        8.2475008        85677.86                                         85677.86
              2       42703.341      0.39600427       10.942975        10.942975       85384.796                                        85384.796
              3       42554.169      0.40447509       14.114438        14.114438       85080.108                                        85080.108
              1       42473.761      0.40913242       15.994006        15.994006       84915.535                                        84915.535
              3       42403.503       0.4132611       17.740838        17.740838       84771.525                                        84771.525
              1       42185.338      0.42644267       23.824974        23.824974       84323.026                                        84323.026
              1       42091.646      0.43229156       26.771958        26.771958       84129.747                                        84129.747
              4       41992.665      0.43860562       30.123987        30.123987       83925.082                                        83925.082
              1       41980.106      0.43941727       30.567729        30.567729       83899.076                                        83899.076
              1       41876.749      0.44619245       34.386066        34.386066       83684.726                                        83684.726
              1       41851.002      0.44790756       35.385023        35.385023       83631.234                                        83631.234
              3       41813.336      0.45043787       36.882655        36.882655       83552.907                                        83552.907
              1       41761.463      0.45396337        39.01677         39.01677       83444.893                                        83444.893
              1       41697.171      0.45840409       41.783511        41.783511       83310.775                                        83310.775
              1       41556.914      0.46837424       48.314585        48.314585       83017.199                                        83017.199
              1       41407.831      0.47946135       56.096155        56.096155        82703.47                                         82703.47
              2       41356.867      0.48337894       58.976368        58.976368       82595.781                                        82595.781
              1       41266.876      0.49047181       64.364594        64.364594       82405.022                                        82405.022
              6       41202.107      0.49572993       68.503336        68.503336       82267.208                                        82267.208
              1       41148.435      0.50018923       72.109615        72.109615       82152.651                                        82152.651
              2       41122.427      0.50238467       73.917553        73.917553       82097.019                                        82097.019
              1       41094.838      0.50474321       75.883674        75.883674       82037.909                                        82037.909
              1       41078.057      0.50619271       77.104272        77.104272       82001.906                                        82001.906
              2       41066.539      0.50719468        77.95347         77.95347        81977.17                                         81977.17
              3       40990.894      0.51389124       83.743548        83.743548       81814.302                                        81814.302
              3       40841.475      0.52788034       96.482074        96.482074       81489.985                                        81489.985
              1       40723.348      0.53979412       108.01658        108.01658       81230.664                                        81230.664
              5        40715.13      0.54065685       108.87635        108.87635       81212.507                                        81212.507
              1       40710.469      0.54114656       109.36584        109.36584       81202.206                                        81202.206
              1       40692.733        0.543029       111.25738        111.25738       81162.952                                        81162.952
              6       40659.918      0.54657581       114.86413        114.86413       81090.108                                        81090.108
              1       40555.074      0.55848471       127.38331        127.38331       80855.382                                        80855.382
              9       40487.162      0.56676262       136.45677        136.45677        80701.41                                         80701.41
              1       40426.338      0.57464255       145.37694        145.37694       80561.921                                        80561.921
              1       40420.171      0.57546918       146.32869        146.32869       80547.684                                        80547.684
              2         40365.7      0.58302447       155.16827        155.16827       80421.063                                        80421.063
              3         40323.3      0.58926889       162.66564        162.66564        80321.27                                         80321.27
              1       40286.953      0.59491279       169.59111        169.59111       80234.724                                        80234.724
              1       40259.808       0.5993477       175.13238        175.13238       80169.352                                        80169.352
              2       40221.289      0.60600574       183.61552        183.61552       80075.347                                        80075.347
              2       40185.657      0.61262675       192.24686        192.24686        79986.82                                         79986.82
              1        40182.32      0.61327707       193.10514        193.10514       79978.431                                        79978.431
              3       40159.398      0.61785879        199.2053         199.2053       79920.386                                        79920.386
              3       40088.299      0.63422847       221.76225        221.76225       79733.073                                        79733.073
              1       40067.491      0.63991882       229.88235        229.88235       79675.218                                        79675.218
              4       40035.577      0.65006863       244.72334        244.72334       79581.708                                        79581.708
              3       40024.147      0.65434266        251.1098         251.1098       79546.075                                        79546.075
              3       40017.508      0.65703791       255.17891        255.17891       79524.659                                        79524.659
              1       40013.999      0.65853763       257.45707        257.45707       79513.083                                        79513.083
              3       40012.455      0.65922106       258.49856        258.49856       79507.912                                        79507.912
              4       40002.421      0.66408876       265.97653        265.97653       79472.889                                        79472.889
              3       39980.695      0.67979676       290.82608        290.82608       79379.737                                        79379.737
              2       39975.842      0.69635486       318.20773        318.20773       79315.269                                        79315.269
              1       39976.357      0.69783302       320.71136        320.71136       79311.291                                        79311.291
              1       39976.374      0.69792435       320.86637        320.86637       79311.015                                        79311.015
              3       39975.563      0.69505369       316.01189        316.01189       79319.103                                        79319.103
              2       39975.689      0.68883265       305.61742        305.61742       79340.143                                        79340.143
              2       39976.328      0.68682952       302.30708        302.30708       79348.042                                        79348.042
              7       39975.347      0.69343666       313.29353        313.29353       79324.108                                        79324.108
              1       39975.446      0.69427529       314.70188        314.70188       79321.488                                        79321.488
              7       39975.492      0.68991164       307.40793        307.40793       79336.168                                        79336.168
              1       39975.495      0.68973161       307.10882        307.10882       79336.773                                        79336.773
              1       39975.294      0.69272108       312.09428        312.09428       79326.399                                        79326.399
              1       39976.246      0.69755255       320.23557        320.23557       79312.021                                        79312.021
              1       39975.629      0.69542117       316.63128        316.63128       79317.996                                        79317.996
              1       39975.401      0.69405002       314.32327        314.32327       79322.155                                        79322.155
              2       39975.323      0.69319099       312.88154        312.88154       79324.884                                        79324.884
              1       39975.336      0.69353305       313.45523        313.45523       79323.763                                        79323.763
              2       39975.365      0.69394467       314.14628        314.14628       79322.438                                        79322.438
              6       39975.311      0.69272501       312.10087        312.10087       79326.419                                        79326.419
              1       39975.446      0.69448178       315.04915        315.04915       79320.793                                        79320.793
              2       39976.039        0.696975       319.25691        319.25691       79313.564                                        79313.564
              2       39975.703        0.695678       317.06453        317.06453       79317.276                                        79317.276
              8       39977.234      0.69979099       324.04262        324.04262       79306.382                                        79306.382
             10       39975.641      0.69553111       316.81671        316.81671       79317.648                                        79317.648
              2       39975.347      0.69342546       313.27474        313.27474       79324.145                                        79324.145
              5       39975.611      0.69543968       316.66251        316.66251       79317.897                                        79317.897
              1       39976.338      0.68684228       302.32812        302.32812        79348.02                                         79348.02
              2        39975.73      0.68865431       305.32197        305.32197       79340.816                                        79340.816
              2       39976.054      0.68755158       303.49828        303.49828       79345.111                                        79345.111
              3       39976.195      0.69741007       319.99399        319.99399       79312.402                                        79312.402
              5       39975.693      0.69563716       316.99562        316.99562       79317.394                                        79317.394
              4       39975.364      0.69055872       308.48421        308.48421       79333.759                                        79333.759
              3       39977.754      0.70075719       325.69278        325.69278       79304.123                                        79304.123
              4        39976.73      0.68586278       300.71584        300.71584       79352.029                                        79352.029
              2       39975.399      0.69023919       307.95251        307.95251       79334.892                                        79334.892
              7        39975.29      0.69221975       311.25545        311.25545       79328.068                                        79328.068
             15       39975.368      0.69367769       313.69798        313.69798       79323.339                                        79323.339
             27       39975.306      0.69208221       311.02551        311.02551       79328.561                                        79328.561
              5       39975.722      0.68868916        305.3797         305.3797       79340.685                                        79340.685
              1       39977.439      0.68441716       298.34413        298.34413       79358.189                                        79358.189
             18       39975.977      0.69682464       319.00236        319.00236        79313.95                                         79313.95
             10       39975.426      0.69434753       314.82336        314.82336       79321.205                                        79321.205
              8       39975.399      0.69038482       308.19477        308.19477       79334.409                                        79334.409
             17       39976.145      0.68730549       303.09205        303.09205       79346.106                                        79346.106
              1       39975.848      0.69637531        318.2423         318.2423       79315.212                                        79315.212
             11       39975.314      0.69181877       310.58534        310.58534       79329.458                                        79329.458
              2       39975.842        0.696349       318.19781        318.19781       79315.288                                        79315.288
              1       39976.929      0.68543476       300.01266        300.01266       79353.833                                        79353.833
              6       39975.444      0.69446398        315.0192         315.0192        79320.85                                         79320.85
             11       39975.346      0.69077012       308.83622        308.83622        79333.02                                         79333.02
              6       39975.394      0.69027565       308.01316        308.01316       79334.761                                        79334.761
              6       39975.302      0.69107011        309.3361         309.3361       79331.931                                        79331.931
              2       39975.305      0.69147508       310.01154        310.01154       79330.588                                        79330.588
              5       39975.443      0.69445541       315.00478        315.00478       79320.877                                        79320.877
              3        39975.34      0.69356113       313.50237        313.50237       79323.676                                        79323.676
              2       39975.367      0.69388651        314.0486         314.0486       79322.637                                        79322.637
             10       39975.286      0.69172329       310.42588        310.42588       79329.721                                        79329.721
              3       39975.346      0.69086212       308.98948        308.98948       79332.713                                        79332.713
